0,-520.26
44.375,-519.91
89.749,-519.5599999999999
134.9,-519.23
179.99,-518.9
225.06,-518.58
270.12,-518.26
315.17,-517.95
360.23,-517.64
405.28,-517.34
450.33,-517.05
495.38,-516.75
540.4299999999999,-516.47
585.48,-516.1799999999999
630.54,-515.9
675.6,-515.63
720.67,-515.36
765.75,-515.09
810.84,-514.8200000000001
855.9400000000001,-514.5599999999999
901.04,-514.3
946.15,-514.05
991.27,-513.8
1036.4,-513.55
1081.5,-513.3099999999999
1126.7,-513.0700000000001
1171.8,-512.84
1217,-512.62
1262.1,-512.39
1307.3,-512.17
1352.5,-511.95
1397.7,-511.74
1442.8,-511.52
1488,-511.31
1533.2,-511.09
1578.4,-510.87
1623.6,-510.65
1668.8,-510.42
1714,-510.19
1759.3,-509.96
1804.5,-509.73
1849.7,-509.5
1895,-509.26
1940.2,-509.03
1985.5,-508.79
2030.7,-508.55
2076,-508.3
2121.3,-508.06
2166.7,-507.81
2212,-507.56
2257.4,-507.3
2302.7,-507.04
2348.1,-506.79
2393.6,-506.53
2439,-506.26
2484.4,-506
2529.9,-505.74
2575.4,-505.47
2620.9,-505.2
2666.4,-504.94
2712,-504.66
2757.5,-504.39
2803.1,-504.12
2848.7,-503.85
2894.3,-503.57
2939.9,-503.3
2985.5,-503.02
3031.2,-502.74
3076.8,-502.47
3122.4,-502.19
3168.1,-501.91
3213.8,-501.64
3259.4,-501.36
3305.1,-501.08
3350.8,-500.8
3396.5,-500.51
3442.2,-500.23
3487.9,-499.95
3533.6,-499.67
3579.3,-499.38
3625,-499.09
3670.7,-498.8
3716.5,-498.51
3762.2,-498.22
3807.9,-497.92
3853.6,-497.63
3899.3,-497.33
3945,-497.04
3990.7,-496.75
4036.4,-496.45
4082,-496.16
4127.7,-495.87
4173.4,-495.58
4219.1,-495.29
4264.7,-495
4310.3,-494.71
4356,-494.42
4401.6,-494.13
4447.2,-493.84
4492.7,-493.55
4538.3,-493.25
4583.8,-492.96
4629.4,-492.67
4674.9,-492.38
4720.4,-492.08
4765.9,-491.79
4811.4,-491.49
4856.9,-491.19
4902.4,-490.89
4948,-490.59
4993.5,-490.29
5039,-489.99
5084.5,-489.69
5130,-489.39
5175.5,-489.1
5221,-488.81
5266.5,-488.52
5312.1,-488.24
5357.6,-487.96
5403.2,-487.68
5448.7,-487.41
5494.3,-487.15
5539.8,-486.89
5585.4,-486.62
5631,-486.34
5676.6,-486.07
5722.2,-485.79
5767.8,-485.5
5813.4,-485.22
5859,-484.93
5904.6,-484.64
5950.3,-484.35
5995.9,-484.05
6041.6,-483.76
6087.2,-483.46
6132.9,-483.17
6178.6,-482.88
6224.3,-482.59
6270,-482.31
6315.7,-482.02
6361.5,-481.74
6407.2,-481.46
6453,-481.18
6498.8,-480.9
6544.6,-480.62
6590.4,-480.34
6636.2,-480.07
6682.1,-479.79
6728,-479.51
6773.8,-479.24
6819.8,-478.96
6865.7,-478.41
6911.6,-477.86
6957.6,-477.3
7003.6,-476.74
7049.6,-476.18
7095.7,-475.61
7141.7,-475.04
7187.8,-474.47
7234,-473.9
7280.1,-473.32
7326.3,-472.74
7372.5,-472.16
7418.7,-471.57
7465,-470.99
7511.3,-470.4
7557.6,-469.8
7603.9,-469.21
7650.3,-468.62
7696.7,-468.03
7743.2,-467.45
7789.7,-466.86
7836.2,-466.28
7882.8,-465.71
7929.4,-465.13
7976,-464.55
8022.7,-463.98
8069.4,-463.4
8116.2,-462.83
8163.1,-462.25
8209.9,-461.68
8256.9,-461.11
8303.9,-460.54
8350.9,-459.97
8398,-459.41
8445.200000000001,-458.85
8492.4,-458.29
8539.6,-457.74
8587,-457.2
8634.299999999999,-456.65
8681.799999999999,-456.11
8729.299999999999,-455.56
8776.9,-455.01
8824.5,-454.46
8872.200000000001,-453.91
8919.9,-453.36
8967.700000000001,-452.8
9015.5,-452.25
9063.4,-451.7
9111.299999999999,-451.14
9159.299999999999,-450.6
9207.299999999999,-450.06
9255.4,-449.52
9303.5,-448.99
9351.700000000001,-448.47
9399.9,-447.96
9448.200000000001,-447.45
9496.4,-446.95
9544.799999999999,-446.45
9593.1,-445.96
9641.5,-445.48
9689.9,-445.01
9738.4,-444.53
9786.9,-444.06
9835.4,-443.59
9883.9,-443.12
9932.4,-442.65
9981,-442.18
10030,-441.71
10078,-441.24
10127,-440.78
10176,-440.32
10224,-439.86
10273,-439.4
10322,-438.95
10370,-438.49
10419,-438.04
10468,-437.59
10517,-437.13
10566,-436.68
10614,-436.23
10663,-435.78
10712,-435.32
10761,-434.87
10810,-434.41
10859,-433.95
10908,-433.49
10957,-433.04
11006,-432.59
11055,-432.14
11104,-431.69
11153,-431.25
11202,-430.81
11251,-430.38
11300,-429.96
11349,-429.53
11398,-429.1
11447,-428.67
11496,-428.24
11545,-427.8
11594,-427.36
11643,-426.92
11692,-426.48
11742,-426.03
11791,-425.58
11840,-425.12
11889,-424.66
11938,-424.2
11988,-423.73
12037,-423.26
12086,-422.78
12136,-422.3
12185,-421.83
12235,-421.35
12284,-420.87
12333,-420.39
12383,-419.91
12432,-419.42
12482,-418.92
12531,-418.42
12581,-417.9
12630,-417.38
12680,-416.85
12729,-416.32
12779,-415.78
12828,-415.23
12878,-414.69
12927,-414.14
12977,-413.58
13026,-413.02
13076,-412.45
13125,-411.88
13175,-411.29
13224,-410.69
13274,-410.07
13323,-409.45
13373,-408.82
13422,-408.18
13472,-407.54
13521,-406.9
13571,-406.27
13620,-405.66
13670,-405.06
13719,-404.48
13769,-403.9
13818,-403.34
13868,-402.78
13917,-402.23
13966,-401.68
14016,-401.14
14065,-400.59
14115,-400.04
14164,-399.49
14214,-398.93
14263,-398.38
14313,-397.82
14362,-397.26
14412,-396.7
14461,-396.14
14511,-395.58
14560,-395.01
14610,-394.43
14660,-393.85
14709,-393.25
14759,-392.65
14809,-392.04
14858,-391.43
14908,-390.81
14958,-390.18
15007,-389.55
15057,-388.92
15107,-388.28
15157,-387.65
15207,-387.02
15257,-386.39
15307,-385.77
15357,-385.16
15407,-384.55
15457,-383.94
15507,-383.34
15557,-382.74
15607,-382.14
15657,-381.55
15707,-380.95
15757,-380.35
15808,-379.76
15858,-379.17
15908,-378.57
15959,-377.99
16009,-377.41
16060,-376.84
16110,-376.28
16161,-375.72
16211,-375.19
16262,-374.65
16313,-374.11
16364,-373.56
16414,-373.01
16465,-372.45
16516,-371.88
16567,-371.31
16618,-370.73
16669,-370.15
16721,-369.57
16772,-368.99
16823,-368.4
16874,-367.82
16926,-367.25
16977,-366.69
17029,-366.14
17081,-365.6
17132,-365.06
17184,-364.53
17236,-364
17288,-363.48
17340,-362.96
17392,-362.45
17444,-361.93
17496,-361.41
17548,-360.89
17601,-360.37
17653,-359.84
17706,-359.32
17758,-358.8
17811,-358.28
17864,-357.76
17916,-357.25
17969,-356.73
18022,-356.22
18075,-355.7
18128,-355.18
18181,-354.66
18234,-354.13
18287,-353.61
18340,-353.08
18394,-352.54
18447,-352.01
18500,-351.47
18554,-350.92
18607,-350.37
18660,-349.84
18714,-349.3
18767,-348.78
18821,-348.26
18874,-347.74
18928,-347.23
18981,-346.72
19035,-346.22
19088,-345.71
19142,-345.21
19195,-344.71
19249,-344.21
19303,-343.73
19356,-343.25
19410,-342.78
19463,-342.32
19517,-341.87
19570,-341.43
19624,-341
19677,-340.58
19731,-340.16
19784,-339.76
19837,-339.36
19891,-338.96
19944,-338.55
19997,-338.14
20051,-337.73
20104,-337.32
20157,-336.91
20210,-336.49
20264,-336.08
20317,-335.66
20370,-335.25
20423,-334.84
20476,-334.43
20529,-334.03
20582,-333.63
20635,-333.22
20688,-332.82
20741,-332.41
20794,-332
20846,-331.58
20899,-331.16
20952,-330.73
21005,-330.3
21057,-329.86
21110,-329.43
21163,-328.99
21216,-328.56
21268,-328.12
21321,-327.69
21373,-327.26
21426,-326.84
21478,-326.41
21531,-325.99
21583,-325.56
21636,-325.14
21688,-324.71
21740,-324.28
21792,-323.85
21845,-323.41
21897,-322.98
21949,-322.54
22001,-322.11
22053,-321.67
22105,-321.24
22157,-320.81
22209,-320.39
22260,-319.99
22312,-319.6
22364,-319.22
22416,-318.85
22467,-318.5
22519,-318.15
22570,-317.81
22622,-317.48
22673,-317.17
22725,-316.85
22776,-316.52
22828,-316.2
22879,-315.87
22930,-315.53
22981,-315.19
23033,-314.85
23084,-314.51
23135,-314.17
23186,-313.82
23237,-313.48
23288,-313.13
23339,-312.79
23390,-312.44
23441,-312.1
23492,-311.76
23543,-311.42
23594,-311.07
23644,-310.73
23695,-310.39
23746,-310.05
23797,-309.7
23847,-309.35
23898,-309
23949,-308.65
23999,-308.31
24050,-307.96
24100,-307.61
24151,-307.27
24201,-306.92
24252,-306.58
24302,-306.24
24353,-305.9
24403,-305.56
24453,-305.23
24503,-304.9
24554,-304.57
24604,-304.24
24654,-303.91
24704,-303.57
24754,-303.24
24804,-302.89
24854,-302.55
24905,-302.2
24955,-301.84
25004,-301.48
25054,-301.13
25104,-300.79
25154,-300.44
25204,-300.1
25254,-299.77
25304,-299.45
25354,-299.13
25404,-298.82
25453,-298.52
25503,-298.22
25553,-297.93
25603,-297.66
25652,-297.4
25702,-297.15
25752,-296.9
25802,-296.67
25851,-296.45
25901,-296.24
25951,-296.04
26000,-295.84
26050,-295.66
26100,-295.48
26149,-295.28
26199,-295.09
26248,-294.89
26298,-294.68
26348,-294.47
26397,-294.26
26447,-294.05
26496,-293.82
26546,-293.6
26595,-293.37
26645,-293.16
26694,-292.96
26744,-292.77
26793,-292.58
26843,-292.41
26892,-292.25
26942,-292.1
26991,-291.96
27040,-291.82
27090,-291.69
27139,-291.57
27189,-291.45
27238,-291.33
27287,-291.21
27337,-291.1
27386,-290.98
27435,-290.87
27485,-290.76
27534,-290.64
27583,-290.53
27633,-290.42
27682,-290.3
27731,-290.2
27781,-290.1
27830,-290.01
27879,-289.93
27929,-289.85
27978,-289.78
28027,-289.72
28076,-289.65
28126,-289.6
28175,-289.54
28224,-289.49
28273,-289.45
28323,-289.42
28372,-289.4
28421,-289.4
28470,-289.39
28520,-289.38
28569,-289.37
28618,-289.36
28667,-289.35
28716,-289.34
28766,-289.33
28815,-289.3200000000001
28864,-289.3100000000001
28913,-289.3000000000001
28962,-289.2900000000001
29011,-289.2800000000001
29060,-289.2700000000001
29110,-289.2600000000001
29159,-289.2500000000001
29208,-289.2400000000001
29257,-289.2300000000001
29306,-289.2200000000001
29355,-289.2100000000002
29404,-289.2000000000002
29453,-289.1900000000002
29502,-289.1800000000002
29551,-289.1700000000002
29600,-289.1600000000002
29649,-289.1500000000002
29699,-289.1400000000002
29748,-289.1300000000002
29797,-289.1200000000002
29846,-289.1100000000002
29895,-289.1000000000003
29944,-289.0900000000003
29993,-289.0800000000003
30042,-289.0700000000003
30091,-289.0600000000003
30140,-289.0500000000003
30189,-289.0400000000003
30238,-289.0300000000003
30287,-289.0200000000003
30336,-289.0100000000003
30385,-289.0000000000003
30434,-288.9900000000004
30483,-288.9800000000004
30532,-288.9700000000004
30581,-288.9600000000004
30630,-288.9500000000004
30679,-288.9400000000004
30728,-288.9300000000004
30776,-288.9200000000004
30825,-288.9100000000004
30874,-288.9000000000004
30923,-288.8900000000004
30972,-288.8800000000005
31021,-288.8700000000005
31070,-288.8600000000005
31119,-288.8500000000005
31168,-288.8400000000005
31217,-288.8300000000005
31266,-288.8200000000005
31315,-288.8100000000005
31363,-288.8000000000005
31412,-288.7900000000005
31461,-288.7800000000005
31510,-288.7700000000006
31559,-288.7600000000006
31608,-288.7500000000006
31657,-288.7400000000006
31706,-288.7300000000006
31754,-288.7200000000006
31803,-288.7100000000006
31852,-288.7000000000006
31901,-288.6900000000006
31950,-288.6800000000006
31999,-288.6700000000006
32048,-288.6600000000007
32097,-288.6500000000007
32145,-288.6400000000007
32194,-288.6300000000007
32243,-288.6200000000007
32292,-288.6100000000007
32341,-288.6000000000007
32390,-288.5900000000007
32438,-288.5800000000007
32487,-288.5700000000007
32536,-288.5600000000007
32585,-288.5500000000008
32634,-288.5400000000008
32683,-288.5300000000008
32732,-288.5200000000008
32780,-288.5100000000008
32829,-288.5000000000008
32878,-288.4900000000008
32927,-288.4800000000008
32976,-288.4700000000008
33025,-288.4600000000008
33073,-288.4500000000008
33122,-288.4400000000009
33171,-288.4300000000009
33220,-288.4200000000009
33269,-288.4100000000009
33318,-288.4000000000009
33366,-288.3900000000009
33415,-288.3800000000009
33464,-288.3700000000009
33513,-288.3600000000009
33562,-288.3500000000009
33611,-288.3400000000009
33659,-288.330000000001
33708,-288.320000000001
33757,-288.310000000001
33806,-288.300000000001
33855,-288.290000000001
33903,-288.280000000001
33952,-288.270000000001
34001,-288.260000000001
34050,-288.250000000001
34099,-288.240000000001
34148,-288.230000000001
34196,-288.2200000000011
34245,-288.2100000000011
34294,-288.2000000000011
34343,-288.1900000000011
34392,-288.1800000000011
34441,-288.1700000000011
34489,-288.1600000000011
34538,-288.1500000000011
34587,-288.1400000000011
34636,-288.1300000000011
34685,-288.1200000000011
34734,-288.1100000000012
34782,-288.1000000000012
34831,-288.0900000000012
34880,-288.0800000000012
34929,-288.0700000000012
34978,-288.0600000000012
35027,-288.0500000000012
35075,-288.0400000000012
35124,-288.0300000000012
35173,-288.0200000000012
35222,-288.0100000000012
35271,-288.0000000000013
35320,-287.9900000000013
35369,-287.9800000000013
35417,-287.9700000000013
35466,-287.9600000000013
35515,-287.9500000000013
35564,-287.9400000000013
35613,-287.9300000000013
35662,-287.9200000000013
35711,-287.9100000000013
35759,-287.9000000000013
35808,-287.8900000000014
35857,-287.8800000000014
35906,-287.8700000000014
35955,-287.8600000000014
36004,-287.8500000000014
36052,-287.8400000000014
36101,-287.8300000000014
36150,-287.8200000000014
36199,-287.8100000000014
36248,-287.8000000000014
36297,-287.7900000000014
36345,-287.7800000000015
36394,-287.7700000000015
36443,-287.7600000000015
36492,-287.7500000000015
36541,-287.7400000000015
36590,-287.7300000000015
36638,-287.7200000000015
36687,-287.7100000000015
36736,-287.7000000000015
36785,-287.6900000000015
36834,-287.6800000000015
36882,-287.6700000000016
36931,-287.6600000000016
36980,-287.6500000000016
37029,-287.6400000000016
37078,-287.6300000000016
37127,-287.6200000000016
37175,-287.6100000000016
37224,-287.6000000000016
37273,-287.5900000000016
37322,-287.5800000000016
37371,-287.5700000000016
37419,-287.5600000000017
37468,-287.5500000000017
37517,-287.5400000000017
37566,-287.5300000000017
37615,-287.5200000000017
37664,-287.5100000000017
37712,-287.5000000000017
37761,-287.4900000000017
37810,-287.4800000000017
37859,-287.4700000000017
37908,-287.4600000000017
37956,-287.4500000000018
38005,-287.4400000000018
38054,-287.4300000000018
38103,-287.4200000000018
38152,-287.4100000000018
38201,-287.4000000000018
38249,-287.3900000000018
38298,-287.3800000000018
38347,-287.3700000000018
38396,-287.3600000000018
38445,-287.3500000000018
38494,-287.3400000000019
38542,-287.3300000000019
38591,-287.3200000000019
38640,-287.3100000000019
38689,-287.3000000000019
38738,-287.2900000000019
38787,-287.2800000000019
38836,-287.2700000000019
38884,-287.2600000000019
38933,-287.2500000000019
38982,-287.2400000000019
39031,-287.230000000002
39080,-287.220000000002
39129,-287.210000000002
39177,-287.200000000002
39226,-287.190000000002
39275,-287.180000000002
39324,-287.170000000002
39373,-287.160000000002
39422,-287.150000000002
39471,-287.140000000002
39519,-287.130000000002
39568,-287.1200000000021
39617,-287.1100000000021
39666,-287.1000000000021
39715,-287.0900000000021
39764,-287.0800000000021
39813,-287.0700000000021
39861,-287.0600000000021
39910,-287.0500000000021
39959,-287.0400000000021
40008,-287.0300000000021
40057,-287.0200000000021
40106,-287.0100000000022
40154,-287.0000000000022
40203,-286.9900000000022
40252,-286.9800000000022
40301,-286.9700000000022
40350,-286.9600000000022
40399,-286.9500000000022
40448,-286.9400000000022
40496,-286.9300000000022
40545,-286.9200000000022
40594,-286.9100000000022
40643,-286.9000000000023
40692,-286.8900000000023
40741,-286.8800000000023
40790,-286.8700000000023
40839,-286.8600000000023
40888,-286.8500000000023
40936,-286.8400000000023
40985,-286.8300000000023
41034,-286.8200000000023
41083,-286.8100000000023
41132,-286.8000000000023
41181,-286.7900000000024
41230,-286.7800000000024
41279,-286.7700000000024
41327,-286.7600000000024
41376,-286.7500000000024
41425,-286.7400000000024
41474,-286.7300000000024
41523,-286.7200000000024
41572,-286.7100000000024
41621,-286.7000000000024
41670,-286.6900000000024
41719,-286.6800000000025
41767,-286.6700000000025
41816,-286.6600000000025
41865,-286.6500000000025
41914,-286.6400000000025
41963,-286.6300000000025
42012,-286.6200000000025
42061,-286.6100000000025
42110,-286.6000000000025
42158,-286.5900000000025
42207,-286.5800000000025
42256,-286.5700000000026
42305,-286.5600000000026
42354,-286.5500000000026
42403,-286.5400000000026
42452,-286.5300000000026
42501,-286.5200000000026
42549,-286.5100000000026
42598,-286.5000000000026
42647,-286.4900000000026
42696,-286.4800000000026
42745,-286.4700000000026
42794,-286.4600000000027
42843,-286.4500000000027
42891,-286.4400000000027
42940,-286.4300000000027
42989,-286.4200000000027
43038,-286.4100000000027
43087,-286.4000000000027
43136,-286.3900000000027
43184,-286.3800000000027
43233,-286.3700000000027
43282,-286.3600000000027
43331,-286.3500000000028
43380,-286.3400000000028
43429,-286.3300000000028
43478,-286.3200000000028
43527,-286.3100000000028
43575,-286.3000000000028
43624,-286.2900000000028
43673,-286.2800000000028
43722,-286.2700000000028
43771,-286.2600000000028
43820,-286.2500000000028
43868,-286.2400000000029
43917,-286.2300000000029
43966,-286.2200000000029
44015,-286.2100000000029
44064,-286.2000000000029
44112,-286.1900000000029
44161,-286.1800000000029
44210,-286.1700000000029
44259,-286.1600000000029
44308,-286.1500000000029
44356,-286.1400000000029
44405,-286.130000000003
44454,-286.120000000003
44503,-286.110000000003
44551,-286.100000000003
44600,-286.090000000003
44649,-286.080000000003
44698,-286.070000000003
44746,-286.060000000003
44795,-286.050000000003
44844,-286.040000000003
44893,-286.030000000003
44941,-286.0200000000031
44990,-286.0100000000031
45039,-286.0000000000031
45087,-285.9900000000031
45136,-285.9800000000031
45185,-285.9700000000031
45234,-285.9600000000031
45282,-285.9500000000031
45331,-285.9400000000031
45380,-285.9300000000031
45428,-285.9200000000031
45477,-285.9100000000032
45525,-285.9000000000032
45574,-285.8900000000032
45623,-285.8800000000032
45671,-285.8700000000032
45720,-285.8600000000032
45769,-285.8500000000032
45817,-285.8400000000032
45866,-285.8300000000032
45914,-285.8200000000032
45963,-285.8100000000032
46011,-285.8000000000033
46060,-285.7900000000033
46109,-285.7800000000033
46157,-285.7700000000033
46206,-285.7600000000033
46254,-285.7500000000033
46303,-285.7400000000033
46351,-285.7300000000033
46400,-285.7200000000033
46448,-285.7100000000033
46497,-285.7000000000033
46545,-285.61
46594,-285.42
46642,-285.24
46691,-285.05
46739,-284.87
46787,-284.68
46836,-284.5
46884,-284.31
46933,-284.12
46981,-283.93
47030,-283.75
47078,-283.56
47126,-283.38
47175,-283.19
47223,-283.01
47271,-282.83
47320,-282.65
47368,-282.47
47416,-282.29
47465,-282.11
47513,-281.92
47561,-281.74
47610,-281.56
47658,-281.38
47706,-281.2
47754,-281.01
47802,-280.83
47851,-280.63
47899,-280.43
47947,-280.23
47995,-280.01
48043,-279.79
48091,-279.56
48140,-279.32
48188,-279.07
48236,-278.82
48284,-278.55
48332,-278.28
48380,-278.02
48428,-277.77
48476,-277.53
48524,-277.3
48572,-277.08
48621,-276.88
48669,-276.69
48717,-276.51
48764,-276.34
48812,-276.19
48860,-276.05
48908,-275.9
48956,-275.74
49004,-275.56
49052,-275.38
49100,-275.19
49148,-274.99
49196,-274.79
49244,-274.59
49291,-274.39
49339,-274.18
49387,-273.98
49435,-273.77
49483,-273.56
49531,-273.35
49578,-273.13
49626,-272.91
49674,-272.68
49722,-272.44
49769,-272.18
49817,-271.92
49865,-271.65
49912,-271.36
49960,-271.08
50008,-270.81
50055,-270.55
50103,-270.29
50151,-270.05
50198,-269.82
50246,-269.59
50293,-269.38
50341,-269.17
50389,-268.97
50436,-268.78
50484,-268.58
50531,-268.37
50579,-268.17
50626,-267.96
50674,-267.75
50721,-267.54
50769,-267.33
50816,-267.12
50864,-266.91
50911,-266.7
50958,-266.5
51006,-266.3
51053,-266.1
51101,-265.91
51148,-265.71
51195,-265.52
51243,-265.33
51290,-265.14
51337,-264.96
51384,-264.77
51432,-264.58
51479,-264.39
51526,-264.19
51574,-263.99
51621,-263.79
51668,-263.58
51715,-263.37
51762,-263.16
51810,-262.95
51857,-262.73
51904,-262.52
51951,-262.3
51998,-262.09
52045,-261.88
52092,-261.66
52140,-261.44
52187,-261.22
52234,-261
52281,-260.78
52328,-260.55
52375,-260.33
52422,-260.09
52469,-259.86
52516,-259.62
52563,-259.38
52610,-259.15
52657,-258.93
52704,-258.72
52751,-258.52
52797,-258.33
52844,-258.16
52891,-257.99
52938,-257.84
52985,-257.71
53032,-257.59
53079,-257.48
53126,-257.36
53172,-257.23
53219,-257.1
53266,-256.95
53313,-256.8
53360,-256.64
53407,-256.46
53453,-256.28
53500,-256.08
53547,-255.86
53594,-255.64
53640,-255.43
53687,-255.22
53734,-255.03
53781,-254.85
53827,-254.69
53874,-254.54
53921,-254.4
53967,-254.29
54014,-254.18
54060,-254.09
54107,-254.01
54154,-253.91
54200,-253.8
54247,-253.68
54293,-253.55
54340,-253.4
54386,-253.25
54433,-253.08
54479,-252.91
54526,-252.72
54572,-252.53
54619,-252.33
54665,-252.15
54712,-251.99
54758,-251.84
54805,-251.71
54851,-251.6
54898,-251.5
54944,-251.43
54990,-251.37
55037,-251.34
55083,-251.32
55130,-251.31
55176,-251.3
55222,-251.29
55269,-251.28
55315,-251.23
55361,-251.18
55408,-251.11
55454,-251.02
55500,-250.92
55547,-250.81
55593,-250.69
55639,-250.55
55685,-250.42
55732,-250.29
55778,-250.17
55824,-250.04
55870,-249.92
55917,-249.8
55963,-249.69
56009,-249.58
56055,-249.47
56101,-249.36
56148,-249.26
56194,-249.16
56240,-249.05
56286,-248.95
56332,-248.85
56378,-248.75
56424,-248.66
56470,-248.56
56517,-248.47
56563,-248.39
56609,-248.31
56655,-248.23
56701,-248.16
56747,-248.08
56793,-248.01
56839,-247.94
56885,-247.86
56931,-247.79
56977,-247.72
57023,-247.65
57069,-247.58
57115,-247.5
57161,-247.43
57207,-247.36
57253,-247.29
57298,-247.22
57344,-247.15
57390,-247.07
57436,-247
57482,-246.93
57528,-246.86
57574,-246.79
57620,-246.72
57666,-246.65
57712,-246.58
57757,-246.51
57803,-246.43
57849,-246.35
57895,-246.27
57941,-246.19
57986,-246.1
58032,-246.01
58078,-245.92
58124,-245.82
58170,-245.72
58215,-245.62
58261,-245.52
58307,-245.43
58352,-245.34
58398,-245.25
58444,-245.16
58490,-245.08
58535,-245
58581,-244.92
58627,-244.85
58672,-244.79
58718,-244.72
58764,-244.66
58809,-244.59
58855,-244.53
58901,-244.46
58946,-244.4
58992,-244.34
59038,-244.28
59083,-244.23
59129,-244.18
59174,-244.13
59220,-244.08
59266,-244.04
59311,-244.01
59357,-243.98
59402,-243.95
59448,-243.93
59494,-243.92
59539,-243.91
59585,-243.9
59630,-243.9
59676,-243.9
59721,-243.9
59767,-243.89
59812,-243.88
59858,-243.87
59903,-243.86
59949,-243.8500000000001
59994,-243.8400000000001
60040,-243.8300000000001
60085,-243.8200000000001
60131,-243.8100000000001
60176,-243.8000000000001
60222,-243.7900000000001
60267,-243.7800000000001
60313,-243.7700000000001
60358,-243.7600000000001
60404,-243.7500000000001
60449,-243.7400000000002
60494,-243.7300000000002
60540,-243.7200000000002
60585,-243.7100000000002
60631,-243.7000000000002
60676,-243.6900000000002
60721,-243.6800000000002
60767,-243.6700000000002
60812,-243.6600000000002
60858,-243.6500000000002
60903,-243.6400000000002
60948,-243.6300000000003
60994,-243.6200000000003
61039,-243.6100000000003
61084,-243.6000000000003
61130,-243.5900000000003
61175,-243.5800000000003
61220,-243.5700000000003
61266,-243.5600000000003
61311,-243.5500000000003
61356,-243.5400000000003
61402,-243.5300000000003
61447,-243.5200000000004
61492,-243.5100000000004
61538,-243.5000000000004
61583,-243.4900000000004
61628,-243.4800000000004
61674,-243.4700000000004
61719,-243.4600000000004
61764,-243.4500000000004
61810,-243.4400000000004
61855,-243.4300000000004
61900,-243.4200000000004
61945,-243.4100000000005
61991,-243.4000000000005
62036,-243.3900000000005
62081,-243.3800000000005
62126,-243.3700000000005
62172,-243.3600000000005
62217,-243.3500000000005
62262,-243.3400000000005
62307,-243.3300000000005
62353,-243.3200000000005
62398,-243.3100000000005
62443,-243.3000000000006
62488,-243.2900000000006
62533,-243.2800000000006
62579,-243.2700000000006
62624,-243.2600000000006
62669,-243.2500000000006
62714,-243.2400000000006
62760,-243.2300000000006
62805,-243.2200000000006
62850,-243.2100000000006
62895,-243.2000000000006
62940,-243.1900000000007
62985,-243.1800000000007
63031,-243.1700000000007
63076,-243.1600000000007
63121,-243.1500000000007
63166,-243.1400000000007
63211,-243.1300000000007
63256,-243.1200000000007
63302,-243.1100000000007
63347,-243.1000000000007
63392,-243.0900000000007
63437,-243.0800000000008
63482,-243.0700000000008
63527,-243.0600000000008
63573,-243.0500000000008
63618,-243.0400000000008
63663,-243.0300000000008
63708,-243.0200000000008
63753,-243.0100000000008
63798,-243.0000000000008
63843,-242.9900000000008
63889,-242.9800000000008
63934,-242.9700000000009
63979,-242.9600000000009
64024,-242.9500000000009
64069,-242.9400000000009
64114,-242.9300000000009
64159,-242.9200000000009
64204,-242.9100000000009
64249,-242.9000000000009
64295,-242.8900000000009
64340,-242.8800000000009
64385,-242.8700000000009
64430,-242.860000000001
64475,-242.850000000001
64520,-242.840000000001
64565,-242.830000000001
64610,-242.820000000001
64655,-242.810000000001
64700,-242.800000000001
64746,-242.790000000001
64791,-242.780000000001
64836,-242.770000000001
64881,-242.760000000001
64926,-242.7500000000011
64971,-242.7400000000011
65016,-242.7300000000011
65061,-242.7200000000011
65106,-242.7100000000011
65151,-242.7000000000011
65196,-242.6900000000011
65241,-242.6800000000011
65286,-242.6700000000011
65331,-242.6600000000011
65376,-242.6500000000011
65422,-242.6400000000012
65467,-242.6300000000012
65512,-242.6200000000012
65557,-242.6100000000012
65602,-242.6000000000012
65647,-242.5900000000012
65692,-242.5800000000012
65737,-242.5700000000012
65782,-242.5600000000012
65827,-242.5500000000012
65872,-242.5400000000012
65917,-242.5300000000013
65962,-242.5200000000013
66007,-242.5100000000013
66052,-242.5000000000013
66097,-242.4900000000013
66142,-242.4800000000013
66187,-242.4700000000013
66232,-242.4600000000013
66277,-242.4500000000013
66322,-242.4400000000013
66367,-242.4300000000013
66412,-242.4200000000014
66457,-242.4100000000014
66502,-242.4000000000014
66547,-242.3900000000014
66592,-242.3800000000014
66637,-242.3700000000014
66682,-242.3600000000014
66727,-242.3500000000014
66772,-242.3400000000014
66818,-242.3300000000014
66863,-242.3200000000014
66908,-242.3100000000015
66953,-242.3000000000015
66998,-242.2900000000015
67043,-242.2800000000015
67088,-242.2700000000015
67133,-242.2600000000015
67178,-242.2500000000015
67223,-242.2400000000015
67268,-242.2300000000015
67313,-242.2200000000015
67358,-242.2100000000015
67403,-242.2000000000016
67448,-242.1900000000016
67493,-242.1800000000016
67538,-242.1700000000016
67583,-242.1600000000016
67628,-242.1500000000016
67673,-242.1400000000016
67718,-242.1300000000016
67763,-242.1200000000016
67808,-242.1100000000016
67853,-242.1000000000016
67898,-242.0900000000017
67943,-242.0800000000017
67988,-242.0700000000017
68033,-242.0600000000017
68078,-242.0500000000017
68123,-242.0400000000017
68168,-242.0300000000017
68213,-242.0200000000017
68258,-242.0100000000017
68303,-242.0000000000017
68348,-241.9900000000017
68393,-241.9800000000018
68438,-241.9700000000018
68483,-241.9600000000018
68528,-241.9500000000018
68573,-241.9400000000018
68618,-241.9300000000018
68663,-241.9200000000018
68708,-241.9100000000018
68753,-241.9000000000018
68798,-241.8900000000018
68843,-241.8800000000018
68888,-241.8700000000019
68933,-241.8600000000019
68978,-241.8500000000019
69023,-241.8400000000019
69068,-241.8300000000019
69113,-241.8200000000019
69158,-241.8100000000019
69203,-241.8000000000019
69248,-241.7900000000019
69293,-241.7800000000019
69338,-241.7700000000019
69383,-241.760000000002
69428,-241.750000000002
69473,-241.740000000002
69518,-241.730000000002
69563,-241.720000000002
69608,-241.710000000002
69653,-241.700000000002
69698,-241.690000000002
69743,-241.680000000002
69788,-241.670000000002
69833,-241.660000000002
69878,-241.6500000000021
69923,-241.6400000000021
69968,-241.6300000000021
70013,-241.6200000000021
70058,-241.6100000000021
70103,-241.6000000000021
70148,-241.5900000000021
70193,-241.5800000000021
70238,-241.5700000000021
70283,-241.5600000000021
70328,-241.5500000000021
70373,-241.5400000000022
70418,-241.5300000000022
70463,-241.5200000000022
70508,-241.5100000000022
70553,-241.5000000000022
70598,-241.4900000000022
70643,-241.4800000000022
70688,-241.4700000000022
70733,-241.4600000000022
70778,-241.4500000000022
70823,-241.4400000000022
70868,-241.4300000000023
70913,-241.4200000000023
70958,-241.4100000000023
71003,-241.4000000000023
71048,-241.3900000000023
71093,-241.3800000000023
71138,-241.3700000000023
71183,-241.3600000000023
71228,-241.3500000000023
71273,-241.3400000000023
71318,-241.3300000000023
71363,-241.3200000000024
71408,-241.3100000000024
71453,-241.3000000000024
71498,-241.2900000000024
71544,-241.2800000000024
71589,-241.2700000000024
71634,-241.2600000000024
71679,-241.2500000000024
71724,-241.2400000000024
71769,-241.2300000000024
71814,-241.2200000000024
71859,-241.2100000000025
71904,-241.2000000000025
71949,-241.1900000000025
71994,-241.1800000000025
72039,-241.1700000000025
72084,-241.1600000000025
72129,-241.1500000000025
72174,-241.1400000000025
72219,-241.1300000000025
72264,-241.1200000000025
72309,-241.1100000000025
72354,-241.1000000000026
72399,-241.0900000000026
72444,-241.0800000000026
72489,-241.0700000000026
72535,-241.0600000000026
72580,-241.0500000000026
72625,-241.0400000000026
72670,-241.0300000000026
72715,-241.0200000000026
72760,-241.0100000000026
72805,-241.0000000000026
72850,-240.9900000000027
72895,-240.9800000000027
72940,-240.9700000000027
72985,-240.9600000000027
73030,-240.9500000000027
73075,-240.9400000000027
73121,-240.9300000000027
73166,-240.9200000000027
73211,-240.9100000000027
73256,-240.9000000000027
73301,-240.8900000000027
73346,-240.8800000000028
73391,-240.8700000000028
73436,-240.8600000000028
73481,-240.8500000000028
73526,-240.8400000000028
73571,-240.8300000000028
73617,-240.8200000000028
73662,-240.8100000000028
73707,-240.8000000000028
73752,-240.7900000000028
73797,-240.7800000000028
73842,-240.7700000000029
73887,-240.7600000000029
73932,-240.7500000000029
73977,-240.7400000000029
74023,-240.7300000000029
74068,-240.7200000000029
74113,-240.7100000000029
74158,-240.7000000000029
74203,-240.6900000000029
74248,-240.6800000000029
74293,-240.6700000000029
74339,-240.660000000003
74384,-240.650000000003
74429,-240.640000000003
74474,-240.630000000003
74519,-240.620000000003
74564,-240.610000000003
74609,-240.600000000003
74655,-240.590000000003
74700,-240.580000000003
74745,-240.570000000003
74790,-240.560000000003
74835,-240.5500000000031
74880,-240.5400000000031
74925,-240.5300000000031
74971,-240.5200000000031
75016,-240.5100000000031
75061,-240.5000000000031
75106,-240.4900000000031
75151,-240.4800000000031
75197,-240.4700000000031
75242,-240.4600000000031
75287,-240.4500000000031
75332,-240.4400000000032
75377,-240.4300000000032
75422,-240.4200000000032
75468,-240.4100000000032
75513,-240.4000000000032
75558,-240.3900000000032
75603,-240.3800000000032
75648,-240.3700000000032
75694,-240.3600000000032
75739,-240.3500000000032
75784,-240.3400000000032
75829,-240.3300000000033
75875,-240.3200000000033
75920,-240.3100000000033
75965,-240.3000000000033
76010,-240.2900000000033
76055,-240.2800000000033
76101,-240.2700000000033
76146,-240.2600000000033
76191,-240.2500000000033
76236,-240.2400000000033
76281,-240.2300000000033
76327,-240.2200000000034
76372,-240.2100000000034
76417,-240.2000000000034
76462,-240.1900000000034
76508,-240.1800000000034
76553,-240.1700000000034
76598,-240.1600000000034
76643,-240.1500000000034
76689,-240.1400000000034
76734,-240.1300000000034
76779,-240.1200000000034
76824,-240.1100000000035
76870,-240.1000000000035
76915,-240.0900000000035
76960,-240.0800000000035
77006,-240.0700000000035
77051,-240.0600000000035
77096,-240.0500000000035
77141,-240.0400000000035
77187,-240.0300000000035
77232,-240.0200000000035
77277,-240.0100000000035
77323,-240.0000000000036
77368,-239.9900000000036
77413,-239.9800000000036
77459,-239.9700000000036
77504,-239.9600000000036
77549,-239.9500000000036
77595,-239.9400000000036
77640,-239.9300000000036
77685,-239.9200000000036
77731,-239.9100000000036
77776,-239.9000000000036
77821,-239.8900000000037
77867,-239.8800000000037
77912,-239.8700000000037
77957,-239.8600000000037
78003,-239.8500000000037
78048,-239.8400000000037
78093,-239.8300000000037
78139,-239.8200000000037
78184,-239.8100000000037
78230,-239.8000000000037
78275,-239.7900000000037
78320,-239.7800000000038
78366,-239.7700000000038
78411,-239.7600000000038
78457,-239.7500000000038
78502,-239.7400000000038
78547,-239.7300000000038
78593,-239.7200000000038
78638,-239.7100000000038
78684,-239.7000000000038
78729,-239.6900000000038
78774,-239.6800000000038
78820,-239.6700000000039
78865,-239.6600000000039
78911,-239.6500000000039
78956,-239.6400000000039
79002,-239.6300000000039
79047,-239.6200000000039
79092,-239.6100000000039
79138,-239.6000000000039
79183,-239.5900000000039
79229,-239.5800000000039
79274,-239.5700000000039
79320,-239.560000000004
79365,-239.550000000004
79411,-239.540000000004
79456,-239.530000000004
79502,-239.520000000004
79547,-239.510000000004
79593,-239.500000000004
79638,-239.490000000004
79684,-239.480000000004
79729,-239.470000000004
79775,-239.460000000004
79820,-239.4500000000041
79866,-239.4400000000041
79911,-239.4300000000041
79957,-239.4200000000041
80002,-239.4100000000041
80048,-239.4000000000041
80093,-239.3900000000041
80139,-239.3800000000041
80185,-239.3700000000041
80230,-239.3600000000041
80276,-239.3500000000041
80321,-239.3400000000042
80367,-239.3300000000042
80412,-239.3200000000042
80458,-239.3100000000042
80504,-239.3000000000042
80549,-239.2900000000042
80595,-239.2800000000042
80640,-239.2700000000042
80686,-239.2600000000042
80732,-239.2500000000042
80777,-239.2400000000042
80823,-239.2300000000043
80869,-239.2200000000043
80914,-239.2100000000043
80960,-239.2000000000043
81005,-239.1900000000043
81051,-239.1800000000043
81097,-239.1700000000043
81142,-239.1600000000043
81188,-239.1500000000043
81234,-239.1400000000043
81279,-239.1300000000043
81325,-239.1200000000044
81371,-239.1100000000044
81416,-239.1000000000044
81462,-239.0900000000044
81508,-239.0800000000044
81553,-239.0700000000044
81599,-239.0600000000044
81645,-239.0500000000044
81691,-239.0400000000044
81736,-239.0300000000044
81782,-239.0200000000044
81828,-239.0100000000045
81873,-239.0000000000045
81919,-238.9900000000045
81965,-238.9800000000045
82011,-238.9700000000045
82056,-238.9600000000045
82102,-238.9500000000045
82148,-238.9400000000045
82194,-238.9300000000045
82240,-238.9200000000045
82285,-238.9100000000045
82331,-238.9000000000046
82377,-238.8900000000046
82423,-238.8800000000046
82469,-238.8700000000046
82514,-238.8600000000046
82560,-238.8500000000046
82606,-238.8400000000046
82652,-238.8300000000046
82698,-238.8200000000046
82744,-238.8100000000046
82789,-238.8000000000046
82835,-238.7900000000047
82881,-238.7800000000047
82927,-238.7700000000047
82973,-238.7600000000047
83019,-238.7500000000047
83065,-238.7400000000047
83111,-238.7300000000047
83156,-238.7200000000047
83202,-238.7100000000047
83248,-238.7000000000047
83294,-238.6900000000047
83340,-238.6800000000048
83386,-238.6700000000048
83432,-238.6600000000048
83478,-238.6500000000048
83524,-238.6400000000048
83570,-238.6300000000048
83616,-238.6200000000048
83662,-238.6100000000048
83708,-238.6000000000048
83754,-238.5900000000048
83800,-238.5800000000048
83846,-238.5700000000049
83892,-238.5600000000049
83938,-238.5500000000049
83984,-238.5400000000049
84030,-238.5300000000049
84076,-238.5200000000049
84122,-238.5100000000049
84168,-238.5000000000049
84214,-238.4900000000049
84260,-238.4800000000049
84306,-238.4700000000049
84352,-238.460000000005
84398,-238.450000000005
84444,-238.440000000005
84490,-238.430000000005
84536,-238.420000000005
84582,-238.410000000005
84628,-238.400000000005
84674,-238.390000000005
84720,-238.380000000005
84766,-238.370000000005
84813,-238.360000000005
84859,-238.3500000000051
84905,-238.3400000000051
84951,-238.3300000000051
84997,-238.3200000000051
85043,-238.3100000000051
85089,-238.3000000000051
85135,-238.2900000000051
85182,-238.2800000000051
85228,-238.2700000000051
85274,-238.2600000000051
85320,-238.2500000000051
85366,-238.2400000000052
85413,-238.2300000000052
85459,-238.2200000000052
85505,-238.2100000000052
85551,-238.2000000000052
85597,-238.1900000000052
85644,-238.1800000000052
85690,-238.1700000000052
85736,-238.1600000000052
85782,-238.1500000000052
85829,-238.1400000000052
85875,-238.1300000000053
85921,-238.1200000000053
85967,-238.1100000000053
86014,-238.1000000000053
86060,-238.0900000000053
86106,-238.0800000000053
86153,-238.0700000000053
86199,-238.0600000000053
86245,-238.0500000000053
86292,-238.0400000000053
86338,-238.0300000000053
86384,-238.0200000000054
86431,-238.0100000000054
86477,-238.0000000000054
86523,-237.9900000000054
86570,-237.9800000000054
86616,-237.9700000000054
86662,-237.9600000000054
86709,-237.9500000000054
86755,-237.9400000000054
86802,-237.9300000000054
86848,-237.9200000000054
86894,-237.9100000000055
86941,-237.9000000000055
86987,-237.8900000000055
87034,-237.8800000000055
87080,-237.8700000000055
87127,-237.8600000000055
87173,-237.8500000000055
87220,-237.8400000000055
87266,-237.8300000000055
87313,-237.8200000000055
87359,-237.8100000000055
87406,-237.8000000000056
87452,-237.7900000000056
87499,-237.7800000000056
87545,-237.7700000000056
87592,-237.7600000000056
87638,-237.7500000000056
87685,-237.7400000000056
87732,-237.7300000000056
87778,-237.7200000000056
87825,-237.7100000000056
87871,-237.7000000000056
87918,-237.6900000000057
87964,-237.6800000000057
88011,-237.6700000000057
88058,-237.6600000000057
88104,-237.6500000000057
88151,-237.6400000000057
88198,-237.6300000000057
88244,-237.6200000000057
88291,-237.6100000000057
88338,-237.6000000000057
88384,-237.5900000000057
88431,-237.5800000000058
88478,-237.5700000000058
88524,-237.5600000000058
88571,-237.5500000000058
88618,-237.5400000000058
88664,-237.5300000000058
88711,-237.5200000000058
88758,-237.5100000000058
88805,-237.5000000000058
88851,-237.4900000000058
88898,-237.4800000000058
88945,-237.4700000000059
88992,-237.4600000000059
89038,-237.4500000000059
89085,-237.4400000000059
89132,-237.4300000000059
89179,-237.4200000000059
89226,-237.4100000000059
89272,-237.4000000000059
89319,-237.3900000000059
89366,-237.3800000000059
89413,-237.3700000000059
89460,-237.360000000006
89507,-237.350000000006
89553,-237.340000000006
89600,-237.330000000006
89647,-237.320000000006
89694,-237.310000000006
89741,-237.300000000006
89788,-237.290000000006
89835,-237.280000000006
89882,-237.270000000006
89929,-237.260000000006
89976,-237.2500000000061
90023,-237.2400000000061
90070,-237.2300000000061
90117,-237.2200000000061
90164,-237.2100000000061
90211,-237.2000000000061
90258,-237.1900000000061
90305,-237.1800000000061
90352,-237.1700000000061
90399,-237.1600000000061
90446,-237.1500000000061
90493,-237.1400000000062
90540,-237.1300000000062
90587,-237.1200000000062
90634,-237.1100000000062
90682,-237.1000000000062
90729,-237.0900000000062
90776,-237.0800000000062
90823,-237.0700000000062
90870,-237.0600000000062
90917,-237.0500000000062
90964,-237.0400000000062
91012,-237.0300000000063
91059,-237.0200000000063
91106,-237.0100000000063
91153,-237.0000000000063
91200,-236.9900000000063
91248,-236.9800000000063
91295,-236.9700000000063
91342,-236.9600000000063
91389,-236.9500000000063
91437,-236.9400000000063
91484,-236.9300000000063
91531,-236.9200000000064
91578,-236.9100000000064
91626,-236.9000000000064
91673,-236.8900000000064
91720,-236.8800000000064
91768,-236.8700000000064
91815,-236.8600000000064
91862,-236.8500000000064
91910,-236.8400000000064
91957,-236.8300000000064
92004,-236.8200000000064
92052,-236.8100000000065
92099,-236.8000000000065
92147,-236.7900000000065
92194,-236.7800000000065
92241,-236.7700000000065
92289,-236.7600000000065
92336,-236.7500000000065
92384,-236.7400000000065
92431,-236.7300000000065
92479,-236.7200000000065
92526,-236.7100000000065
92574,-236.7000000000066
92621,-236.6900000000066
92669,-236.6800000000066
92716,-236.6700000000066
92764,-236.6600000000066
92811,-236.6500000000066
92859,-236.6400000000066
92906,-236.6300000000066
92954,-236.6200000000066
93002,-236.6100000000066
93049,-236.6000000000066
93097,-236.5900000000067
93144,-236.5800000000067
93192,-236.5700000000067
93240,-236.5600000000067
93287,-236.5500000000067
93335,-236.5400000000067
93383,-236.5300000000067
93430,-236.5200000000067
93478,-236.5100000000067
93526,-236.5000000000067
93574,-236.4900000000067
93621,-236.4800000000068
93669,-236.4700000000068
93717,-236.4600000000068
93764,-236.4500000000068
93812,-236.4400000000068
93860,-236.4300000000068
93908,-236.4200000000068
93956,-236.4100000000068
94003,-236.4000000000068
94051,-236.3900000000068
94099,-236.3800000000068
94147,-236.3700000000069
94195,-236.3600000000069
94243,-236.3500000000069
94290,-236.3400000000069
94338,-236.3300000000069
94386,-236.3200000000069
94434,-236.3100000000069
94482,-236.3000000000069
94530,-236.2900000000069
94578,-236.2800000000069
94626,-236.2700000000069
94674,-236.260000000007
94722,-236.250000000007
94770,-236.240000000007
94818,-236.230000000007
94866,-236.220000000007
94914,-236.210000000007
94962,-236.200000000007
95010,-236.190000000007
95058,-236.180000000007
95106,-236.170000000007
95154,-236.160000000007
95202,-236.1500000000071
95250,-236.1400000000071
95298,-236.1300000000071
95346,-236.1200000000071
95394,-236.1100000000071
95442,-236.1000000000071
95490,-236.0900000000071
95539,-236.0800000000071
95587,-236.0700000000071
95635,-236.0600000000071
95683,-236.0500000000071
95731,-236.0400000000072
95779,-236.0300000000072
95828,-236.0200000000072
95876,-236.0100000000072
95924,-236.0000000000072
95972,-235.9900000000072
96020,-235.9800000000072
96069,-235.9700000000072
96117,-235.9600000000072
96165,-235.9500000000072
96214,-235.9400000000072
96262,-235.9300000000073
96310,-235.9200000000073
96359,-235.9100000000073
96407,-235.9000000000073
96455,-235.8900000000073
96504,-235.8800000000073
96552,-235.8700000000073
96600,-235.8600000000073
96649,-235.8500000000073
96697,-235.8400000000073
96746,-235.8300000000073
96794,-235.8200000000074
96842,-235.8100000000074
96891,-235.8000000000074
96939,-235.7900000000074
96988,-235.7800000000074
97036,-235.7700000000074
97085,-235.7600000000074
97133,-235.7500000000074
97182,-235.7400000000074
97230,-235.7300000000074
97279,-235.7200000000074
97327,-235.7100000000075
97376,-235.7000000000075
97425,-235.6900000000075
97473,-235.6800000000075
97522,-235.6700000000075
97570,-235.6600000000075
97619,-235.6500000000075
97668,-235.6400000000075
97716,-235.6300000000075
97765,-235.6200000000075
97814,-235.6100000000075
97862,-235.6000000000076
97911,-235.5900000000076
97960,-235.5800000000076
98009,-235.5700000000076
98057,-235.5600000000076
98106,-235.5500000000076
98155,-235.5400000000076
98204,-235.5300000000076
98252,-235.5200000000076
98301,-235.5100000000076
98350,-235.5000000000076
98399,-235.4900000000077
98448,-235.4800000000077
98497,-235.4700000000077
98545,-235.4600000000077
98594,-235.4500000000077
98643,-235.4400000000077
98692,-235.4300000000077
98741,-235.4200000000077
98790,-235.4100000000077
98839,-235.4000000000077
98888,-235.3900000000077
98937,-235.3800000000078
98986,-235.3700000000078
99035,-235.3600000000078
99084,-235.3500000000078
99133,-235.3400000000078
99182,-235.3300000000078
99231,-235.3200000000078
99280,-235.3100000000078
99329,-235.3000000000078
99378,-235.2900000000078
99427,-235.2800000000078
99476,-235.2700000000079
99525,-235.2600000000079
99574,-235.2500000000079
99623,-235.2400000000079
99673,-235.2300000000079
99722,-235.2200000000079
99771,-235.2100000000079
99820,-235.2000000000079
99869,-235.1900000000079
99919,-235.1800000000079
99968,-235.1700000000079
100020,-235.160000000008
100070,-235.150000000008
100120,-235.140000000008
100160,-235.130000000008
100210,-235.120000000008
100260,-235.110000000008
100310,-235.100000000008
100360,-235.090000000008
100410,-235.080000000008
100460,-235.070000000008
100510,-235.060000000008
100560,-235.0500000000081
100610,-235.0400000000081
100660,-235.0300000000081
100710,-235.0200000000081
100760,-235.0100000000081
100810,-235.0000000000081
100860,-234.9900000000081
100910,-234.9800000000081
100950,-234.9700000000081
101000,-234.9600000000081
101050,-234.9500000000081
101100,-234.9400000000082
101150,-234.9300000000082
101200,-234.9200000000082
101250,-234.9100000000082
101300,-234.9000000000082
101350,-234.8900000000082
101400,-234.8800000000082
101450,-234.8700000000082
101500,-234.8600000000082
101550,-234.8500000000082
101600,-234.8400000000082
101650,-234.8300000000083
101700,-234.8200000000083
101750,-234.8100000000083
101800,-234.8000000000083
101850,-234.7900000000083
101900,-234.7800000000083
101950,-234.7700000000083
102000,-234.7600000000083
102050,-234.7500000000083
102100,-234.7400000000083
102150,-234.7300000000083
102200,-234.7200000000084
102250,-234.7100000000084
102300,-234.7000000000084
102350,-234.6900000000084
102400,-234.6800000000084
102450,-234.6700000000084
102500,-234.6600000000084
102550,-234.6500000000084
102600,-234.6400000000084
102650,-234.6300000000084
102700,-234.6200000000084
102750,-234.6100000000085
102800,-234.6000000000085
102850,-234.5900000000085
102900,-234.5800000000085
102950,-234.5700000000085
103000,-234.5600000000085
103050,-234.5500000000085
103100,-234.5400000000085
103150,-234.5300000000085
103200,-234.5200000000085
103250,-234.5100000000085
103300,-234.5000000000086
103350,-234.4900000000086
103400,-234.4800000000086
103450,-234.4700000000086
103500,-234.4600000000086
103550,-234.4500000000086
103600,-234.4400000000086
103650,-234.4300000000086
103700,-234.4200000000086
103750,-234.4100000000086
103800,-234.4000000000086
103850,-234.3900000000087
103900,-234.3800000000087
103950,-234.3700000000087
104000,-234.3600000000087
104050,-234.3500000000087
104100,-234.3400000000087
104150,-234.3300000000087
104200,-234.3200000000087
104250,-234.3100000000087
104300,-234.3000000000087
104350,-234.2900000000087
104400,-234.2800000000088
104450,-234.2700000000088
104510,-234.2600000000088
104560,-234.2500000000088
104610,-234.2400000000088
104660,-234.2300000000088
104710,-234.2200000000088
104760,-234.2100000000088
104810,-234.2000000000088
104860,-234.1900000000088
104910,-234.1800000000088
104960,-234.1700000000089
105010,-234.1600000000089
105060,-234.1500000000089
105110,-234.1400000000089
105160,-234.1300000000089
105210,-234.1200000000089
105260,-234.1100000000089
105320,-234.1000000000089
105370,-234.0900000000089
105420,-234.0800000000089
105470,-234.0700000000089
105520,-234.060000000009
105570,-234.050000000009
105620,-234.040000000009
105670,-234.030000000009
105720,-234.020000000009
105770,-234.010000000009
105820,-234.000000000009
105870,-233.990000000009
105930,-233.980000000009
105980,-233.970000000009
106030,-233.960000000009
106080,-233.9500000000091
106130,-233.9400000000091
106180,-233.9300000000091
106230,-233.9200000000091
106280,-233.9100000000091
106330,-233.9000000000091
106380,-233.8900000000091
106440,-233.8800000000091
106490,-233.8700000000091
106540,-233.8600000000091
106590,-233.8500000000091
106640,-233.8400000000092
106690,-233.8300000000092
106740,-233.8200000000092
106790,-233.8100000000092
106840,-233.8000000000092
106900,-233.7900000000092
106950,-233.7800000000092
107000,-233.7700000000092
107050,-233.7600000000092
107100,-233.7500000000092
107150,-233.7400000000092
107200,-233.7300000000093
107250,-233.7200000000093
107310,-233.7100000000093
107360,-233.7000000000093
107410,-233.6900000000093
107460,-233.6800000000093
107510,-233.6700000000093
107560,-233.6600000000093
107610,-233.6500000000093
107670,-233.6400000000093
107720,-233.6300000000093
107770,-233.6200000000094
107820,-233.6100000000094
107870,-233.6000000000094
107920,-233.5900000000094
107980,-233.5800000000094
108030,-233.5700000000094
108080,-233.5600000000094
108130,-233.5500000000094
108180,-233.5400000000094
108230,-233.5300000000094
108280,-233.5200000000094
108340,-233.5100000000095
108390,-233.5000000000095
108440,-233.4900000000095
108490,-233.4800000000095
108540,-233.4700000000095
108590,-233.4600000000095
108650,-233.4500000000095
108700,-233.4400000000095
108750,-233.4300000000095
108800,-233.4200000000095
108850,-233.4100000000095
108910,-233.4000000000096
108960,-233.3900000000096
109010,-233.3800000000096
109060,-233.3700000000096
109110,-233.3600000000096
109170,-233.3500000000096
109220,-233.3400000000096
109270,-233.3300000000096
109320,-233.3200000000096
109370,-233.3100000000096
109430,-233.3000000000096
109480,-233.2900000000097
109530,-233.2800000000097
109580,-233.2700000000097
109630,-233.2600000000097
109690,-233.2500000000097
109740,-233.2400000000097
109790,-233.2300000000097
109840,-233.2200000000097
109900,-233.2100000000097
109950,-233.2000000000097
110000,-233.1900000000097
110050,-233.1800000000098
110100,-233.1700000000098
110160,-233.1600000000098
110210,-233.1500000000098
110260,-233.1400000000098
110310,-233.1300000000098
110370,-233.1200000000098
110420,-233.1100000000098
110470,-233.1000000000098
110520,-233.0900000000098
110580,-233.0800000000098
110630,-233.0700000000099
110680,-233.0600000000099
110730,-233.0500000000099
110790,-233.0400000000099
110840,-233.0300000000099
110890,-233.0200000000099
110940,-233.0100000000099
111000,-233.0000000000099
111050,-232.9900000000099
111100,-232.9800000000099
111160,-232.9700000000099
111210,-232.96000000001
111260,-232.95000000001
111310,-232.94000000001
111370,-232.93000000001
111420,-232.92000000001
111470,-232.91000000001
111520,-232.90000000001
111580,-232.89000000001
111630,-232.88000000001
111680,-232.87000000001
111730,-232.86000000001
111790,-232.8500000000101
111840,-232.8400000000101
111890,-232.8300000000101
111940,-232.8200000000101
112000,-232.8100000000101
112050,-232.8000000000101
112100,-232.7900000000101
112160,-232.7800000000101
112210,-232.7700000000101
112260,-232.7600000000101
112310,-232.7500000000101
112370,-232.7400000000102
112420,-232.7300000000102
112470,-232.7200000000102
112530,-232.7100000000102
112580,-232.7000000000102
112630,-232.6900000000102
112690,-232.6800000000102
112740,-232.6700000000102
112790,-232.6600000000102
112840,-232.6500000000102
112900,-232.6400000000102
112950,-232.6300000000103
113000,-232.6200000000103
113060,-232.6100000000103
113110,-232.6000000000103
113160,-232.5900000000103
113220,-232.5800000000103
113270,-232.5700000000103
113320,-232.5600000000103
113380,-232.5500000000103
113430,-232.5400000000103
113480,-232.5300000000103
113540,-232.5200000000104
113590,-232.5100000000104
113640,-232.5000000000104
113700,-232.4900000000104
113750,-232.4800000000104
113800,-232.4700000000104
113860,-232.4600000000104
113910,-232.4500000000104
113960,-232.4400000000104
114020,-232.4300000000104
114070,-232.4200000000104
114120,-232.4100000000105
114180,-232.4000000000105
114230,-232.3900000000105
114280,-232.3800000000105
114340,-232.3700000000105
114390,-232.3600000000105
114440,-232.3500000000105
114500,-232.3400000000105
114550,-232.3300000000105
114600,-232.3200000000105
114660,-232.3100000000105
114710,-232.3000000000106
114760,-232.2900000000106
114820,-232.2800000000106
114870,-232.2700000000106
114930,-232.2600000000106
114980,-232.2500000000106
115030,-232.2400000000106
115090,-232.2300000000106
115140,-232.2200000000106
115190,-232.2100000000106
115250,-232.2000000000106
115300,-232.1900000000107
115360,-232.1800000000107
115410,-232.1700000000107
115460,-232.1600000000107
115520,-232.1500000000107
115570,-232.1400000000107
115630,-232.1300000000107
115680,-232.1200000000107
115730,-232.1100000000107
115790,-232.1000000000107
115840,-232.0900000000107
115900,-232.0800000000108
115950,-232.0700000000108
116000,-232.0600000000108
116060,-232.0500000000108
116110,-232.0400000000108
116170,-232.0300000000108
116220,-232.0200000000108
116270,-232.0100000000108
116330,-232.0000000000108
116380,-231.9900000000108
116440,-231.9800000000108
116490,-231.9700000000109
116550,-231.9600000000109
116600,-231.9500000000109
116650,-231.9400000000109
116710,-231.9300000000109
116760,-231.9200000000109
116820,-231.9100000000109
116870,-231.9000000000109
116930,-231.8900000000109
116980,-231.8800000000109
117040,-231.8700000000109
117090,-231.860000000011
117140,-231.850000000011
117200,-231.840000000011
117250,-231.830000000011
117310,-231.820000000011
117360,-231.810000000011
117420,-231.800000000011
117470,-231.790000000011
117530,-231.780000000011
117580,-231.770000000011
117640,-231.760000000011
117690,-231.7500000000111
117750,-231.7400000000111
117800,-231.7300000000111
117850,-231.7200000000111
117910,-231.7100000000111
117960,-231.7000000000111
118020,-231.6900000000111
118070,-231.6800000000111
118130,-231.6700000000111
118180,-231.6600000000111
118240,-231.6500000000111
118290,-231.6400000000112
118350,-231.6300000000112
118400,-231.6200000000112
118460,-231.6100000000112
118510,-231.6000000000112
118570,-231.5900000000112
118620,-231.5800000000112
118680,-231.5700000000112
118730,-231.5600000000112
118790,-231.5500000000112
118840,-231.5400000000112
118900,-231.5300000000113
118950,-231.5200000000113
119010,-231.5100000000113
119060,-231.5000000000113
119120,-231.4900000000113
119180,-231.4800000000113
119230,-231.4700000000113
119290,-231.4600000000113
119340,-231.4500000000113
119400,-231.4400000000113
119450,-231.4300000000113
119510,-231.4200000000114
119560,-231.4100000000114
119620,-231.4000000000114
119670,-231.3900000000114
119730,-231.3800000000114
119780,-231.3700000000114
119840,-231.3600000000114
119900,-231.3500000000114
119950,-231.3400000000114
120010,-231.3300000000114
120060,-231.3200000000114
120120,-231.3100000000115
120170,-231.3000000000115
120230,-231.2900000000115
120280,-231.2800000000115
120340,-231.2700000000115
120400,-231.2600000000115
120450,-231.2500000000115
120510,-231.2400000000115
120560,-231.2300000000115
120620,-231.2200000000115
120670,-231.2100000000115
120730,-231.2000000000116
120790,-231.1900000000116
120840,-231.1800000000116
120900,-231.1700000000116
120950,-231.1600000000116
121010,-231.1500000000116
121060,-231.1400000000116
121120,-231.1300000000116
121180,-231.1200000000116
121230,-231.1100000000116
121290,-231.1000000000116
121340,-231.0900000000117
121400,-231.0800000000117
121460,-231.0700000000117
121510,-231.0600000000117
121570,-231.0500000000117
121620,-231.0400000000117
121680,-231.0300000000117
121740,-231.0200000000117
121790,-231.0100000000117
121850,-231.0000000000117
121900,-230.9900000000117
121960,-230.9800000000118
122020,-230.9700000000118
122070,-230.9600000000118
122130,-230.9500000000118
122190,-230.9400000000118
122240,-230.9300000000118
122300,-230.9200000000118
122350,-230.9100000000118
122410,-230.9000000000118
122470,-230.8900000000118
122520,-230.8800000000118
122580,-230.8700000000119
122640,-230.8600000000119
122690,-230.8500000000119
122750,-230.8400000000119
122810,-230.8300000000119
122860,-230.8200000000119
122920,-230.8100000000119
122980,-230.8000000000119
123030,-230.7900000000119
123090,-230.7800000000119
123140,-230.7700000000119
123200,-230.760000000012
123260,-230.750000000012
123310,-230.740000000012
123370,-230.730000000012
123430,-230.720000000012
123480,-230.710000000012
123540,-230.700000000012
123600,-230.690000000012
123650,-230.680000000012
123710,-230.670000000012
123770,-230.660000000012
123820,-230.6500000000121
123880,-230.6400000000121
123940,-230.6300000000121
123990,-230.6200000000121
124050,-230.6100000000121
124110,-230.6000000000121
124170,-230.5900000000121
124220,-230.5800000000121
124280,-230.5700000000121
124340,-230.5600000000121
124390,-230.5500000000121
124450,-230.5400000000122
124510,-230.5300000000122
124560,-230.5200000000122
124620,-230.5100000000122
124680,-230.5000000000122
124730,-230.4900000000122
124790,-230.4800000000122
124850,-230.4700000000122
124910,-230.4600000000122
124960,-230.4500000000122
125020,-230.4400000000122
125080,-230.4300000000123
125130,-230.4200000000123
125190,-230.4100000000123
125250,-230.4000000000123
125310,-230.3900000000123
125360,-230.3800000000123
125420,-230.3700000000123
125480,-230.3600000000123
125540,-230.3500000000123
125590,-230.3400000000123
125650,-230.3300000000123
125710,-230.3200000000124
125760,-230.3100000000124
125820,-230.3000000000124
125880,-230.2900000000124
125940,-230.2800000000124
125990,-230.2700000000124
126050,-230.2600000000124
126110,-230.2500000000124
126170,-230.2400000000124
126220,-230.2300000000124
126280,-230.2200000000124
126340,-230.2100000000125
126400,-230.2000000000125
126450,-230.1900000000125
126510,-230.1800000000125
126570,-230.1700000000125
126630,-230.1600000000125
126690,-230.1500000000125
126740,-230.1400000000125
126800,-230.1300000000125
126860,-230.1200000000125
126920,-230.1100000000125
126970,-230.1000000000126
127030,-230.0900000000126
127090,-230.0800000000126
127150,-230.0700000000126
127210,-230.0600000000126
127260,-230.0500000000126
127320,-230.0400000000126
127380,-230.0300000000126
127440,-230.0200000000126
127500,-230.0100000000126
127550,-230.0000000000126
127610,-229.9900000000127
127670,-229.9800000000127
127730,-229.9700000000127
127790,-229.9600000000127
127840,-229.9500000000127
127900,-229.9400000000127
127960,-229.9300000000127
128020,-229.9200000000127
128080,-229.9100000000127
128130,-229.9000000000127
128190,-229.8900000000127
128250,-229.8800000000128
128310,-229.8700000000128
128370,-229.8600000000128
128420,-229.8500000000128
128480,-229.8400000000128
128540,-229.8300000000128
128600,-229.8200000000128
128660,-229.8100000000128
128720,-229.8000000000128
128770,-229.7900000000128
128830,-229.7800000000128
128890,-229.7700000000129
128950,-229.7600000000129
129010,-229.7500000000129
129070,-229.7400000000129
129130,-229.7300000000129
129180,-229.7200000000129
129240,-229.7100000000129
129300,-229.7000000000129
129360,-229.6900000000129
129420,-229.6800000000129
129480,-229.6700000000129
129540,-229.660000000013
129590,-229.650000000013
129650,-229.640000000013
129710,-229.630000000013
129770,-229.620000000013
129830,-229.610000000013
129890,-229.600000000013
129950,-229.590000000013
130010,-229.580000000013
130060,-229.570000000013
130120,-229.560000000013
130180,-229.5500000000131
130240,-229.5400000000131
130300,-229.5300000000131
130360,-229.5200000000131
130420,-229.5100000000131
130480,-229.5000000000131
130530,-229.4900000000131
130590,-229.4800000000131
130650,-229.4700000000131
130710,-229.4600000000131
130770,-229.4500000000131
130830,-229.4400000000132
130890,-229.4300000000132
130950,-229.4200000000132
131010,-229.4100000000132
131070,-229.4000000000132
131120,-229.3900000000132
131180,-229.3800000000132
131240,-229.3700000000132
131300,-229.3600000000132
131360,-229.3500000000132
131420,-229.3400000000132
131480,-229.3300000000133
131540,-229.3200000000133
131600,-229.3100000000133
131660,-229.3000000000133
131720,-229.2900000000133
131780,-229.2800000000133
131840,-229.2700000000133
131900,-229.2600000000133
131960,-229.2500000000133
132010,-229.2400000000133
132070,-229.2300000000133
132130,-229.2200000000134
132190,-229.2100000000134
132250,-229.2000000000134
132310,-229.1900000000134
132370,-229.1800000000134
132430,-229.1700000000134
132490,-229.1600000000134
132550,-229.1500000000134
132610,-229.1400000000134
132670,-229.1300000000134
132730,-229.1200000000134
132790,-229.1100000000135
132850,-229.1000000000135
132910,-229.0900000000135
132970,-229.0800000000135
133030,-229.0700000000135
133090,-229.0600000000135
133150,-229.0500000000135
133210,-229.0400000000135
133270,-229.0300000000135
133330,-229.0200000000135
133390,-229.0100000000135
133450,-229.0000000000136
133510,-228.9900000000136
133570,-228.9800000000136
133630,-228.9700000000136
133690,-228.9600000000136
133750,-228.9500000000136
133810,-228.9400000000136
133870,-228.9300000000136
133930,-228.9200000000136
133990,-228.9100000000136
134050,-228.9000000000136
134110,-228.8900000000137
134170,-228.8800000000137
134230,-228.8700000000137
134290,-228.8600000000137
134350,-228.8500000000137
134410,-228.8400000000137
134470,-228.8300000000137
134530,-228.8200000000137
134590,-228.8100000000137
134650,-228.8000000000137
134710,-228.7900000000137
134770,-228.7800000000138
134830,-228.7700000000138
134900,-228.7600000000138
134960,-228.7500000000138
135020,-228.7400000000138
135080,-228.7300000000138
135140,-228.7200000000138
135200,-228.7100000000138
135260,-228.7000000000138
135320,-228.6900000000138
135380,-228.6800000000138
135440,-228.6700000000139
135500,-228.6600000000139
135560,-228.6500000000139
135620,-228.6400000000139
135680,-228.6300000000139
135740,-228.6200000000139
135800,-228.6100000000139
135870,-228.6000000000139
135930,-228.5900000000139
135990,-228.5800000000139
136050,-228.5700000000139
136110,-228.560000000014
136170,-228.550000000014
136230,-228.540000000014
136290,-228.530000000014
136350,-228.520000000014
136410,-228.510000000014
136470,-228.500000000014
136540,-228.490000000014
136600,-228.480000000014
136660,-228.470000000014
136720,-228.460000000014
136780,-228.4500000000141
136840,-228.4400000000141
136900,-228.4300000000141
136960,-228.4200000000141
137020,-228.4100000000141
137090,-228.4000000000141
137150,-228.3900000000141
137210,-228.3800000000141
137270,-228.3700000000141
137330,-228.3600000000141
137390,-228.3500000000141
137450,-228.3400000000142
137510,-228.3300000000142
137580,-228.3200000000142
137640,-228.3100000000142
137700,-228.3000000000142
137760,-228.2900000000142
137820,-228.2800000000142
137880,-228.2700000000142
137940,-228.2600000000142
138010,-228.2500000000142
138070,-228.2400000000142
138130,-228.2300000000143
138190,-228.2200000000143
138250,-228.2100000000143
138310,-228.2000000000143
138370,-228.1900000000143
138440,-228.1800000000143
138500,-228.1700000000143
138560,-228.1600000000143
138620,-228.1500000000143
138680,-228.1400000000143
138740,-228.1300000000143
138810,-228.1200000000144
138870,-228.1100000000144
138930,-228.1000000000144
138990,-228.0900000000144
139050,-228.0800000000144
139110,-228.0700000000144
139180,-228.0600000000144
139240,-228.0500000000144
139300,-228.0400000000144
139360,-228.0300000000144
139420,-228.0200000000144
139490,-228.0100000000145
139550,-228.0000000000145
139610,-227.9900000000145
139670,-227.9800000000145
139730,-227.9700000000145
139790,-227.9600000000145
139860,-227.9500000000145
139920,-227.9400000000145
139980,-227.9300000000145
140040,-227.9200000000145
140100,-227.9100000000145
140170,-227.9000000000146
140230,-227.8900000000146
140290,-227.8800000000146
140350,-227.8700000000146
140410,-227.8600000000146
140480,-227.8500000000146
140540,-227.8400000000146
140600,-227.8300000000146
140660,-227.8200000000146
140730,-227.8100000000146
140790,-227.8000000000146
140850,-227.7900000000147
140910,-227.7800000000147
140970,-227.7700000000147
141040,-227.7600000000147
141100,-227.7500000000147
141160,-227.7400000000147
141220,-227.7300000000147
141290,-227.7200000000147
141350,-227.7100000000147
141410,-227.7000000000147
141470,-227.6900000000147
141530,-227.6800000000148
141600,-227.6700000000148
141660,-227.6600000000148
141720,-227.6500000000148
141780,-227.6400000000148
141840,-227.6300000000148
141910,-227.6200000000148
141970,-227.6100000000148
142030,-227.6000000000148
142090,-227.5900000000148
142150,-227.5800000000148
142220,-227.5700000000149
142280,-227.5600000000149
142340,-227.5500000000149
142400,-227.5400000000149
142460,-227.5300000000149
142530,-227.5200000000149
142590,-227.5100000000149
142650,-227.5000000000149
142710,-227.4900000000149
142770,-227.4800000000149
142830,-227.4700000000149
142900,-227.460000000015
142960,-227.450000000015
143020,-227.440000000015
143080,-227.430000000015
143140,-227.420000000015
143200,-227.410000000015
143270,-227.400000000015
143330,-227.390000000015
143390,-227.380000000015
143450,-227.370000000015
143510,-227.360000000015
143570,-227.3500000000151
143630,-227.3400000000151
143700,-227.3300000000151
143760,-227.3200000000151
143820,-227.3100000000151
143880,-227.3000000000151
143940,-227.2900000000151
144000,-227.2800000000151
144060,-227.2700000000151
144120,-227.2600000000151
144180,-227.2500000000151
144240,-227.2400000000152
144310,-227.2300000000152
144370,-227.2200000000152
144430,-227.2100000000152
144490,-227.2000000000152
144550,-227.1900000000152
144610,-227.1800000000152
144670,-227.1700000000152
144730,-227.1600000000152
144790,-227.1500000000152
144850,-227.1400000000152
144910,-227.1300000000153
144970,-227.1200000000153
145030,-227.1100000000153
145090,-227.1000000000153
145160,-227.0900000000153
145220,-227.0800000000153
145280,-227.0700000000153
145340,-227.0600000000153
145400,-227.0500000000153
145460,-227.0400000000153
145520,-227.0300000000153
145580,-227.0200000000154
145640,-227.0100000000154
145700,-227.0000000000154
145760,-226.9900000000154
145820,-226.9800000000154
145880,-226.9700000000154
145940,-226.9600000000154
146000,-226.9500000000154
146060,-226.9400000000154
146130,-226.9300000000154
146190,-226.9200000000154
146250,-226.9100000000155
146310,-226.9000000000155
146370,-226.8900000000155
146430,-226.8800000000155
146490,-226.8700000000155
146550,-226.8600000000155
146610,-226.8500000000155
146670,-226.8400000000155
146730,-226.8300000000155
146790,-226.8200000000155
146850,-226.8100000000155
146920,-226.8000000000156
146980,-226.7900000000156
147040,-226.7800000000156
147100,-226.7700000000156
147160,-226.7600000000156
147220,-226.7500000000156
147280,-226.7400000000156
147340,-226.7300000000156
147400,-226.7200000000156
147460,-226.7100000000156
147520,-226.7000000000156
147590,-226.6900000000157
147650,-226.6800000000157
147710,-226.6700000000157
147770,-226.6600000000157
147830,-226.6500000000157
147890,-226.6400000000157
147950,-226.6300000000157
148010,-226.6200000000157
148070,-226.6100000000157
148130,-226.6000000000157
148190,-226.5900000000157
148250,-226.5800000000158
148320,-226.5700000000158
148380,-226.5600000000158
148440,-226.5500000000158
148500,-226.5400000000158
148560,-226.5300000000158
148620,-226.5200000000158
148680,-226.5100000000158
148740,-226.5000000000158
148800,-226.4900000000158
148860,-226.4800000000158
148930,-226.4700000000159
148990,-226.4600000000159
149050,-226.4500000000159
149110,-226.4400000000159
149170,-226.4300000000159
149230,-226.4200000000159
149290,-226.4100000000159
149350,-226.4000000000159
149410,-226.3900000000159
149470,-226.3800000000159
149530,-226.3700000000159
149590,-226.360000000016
149660,-226.350000000016
149720,-226.340000000016
149780,-226.330000000016
149840,-226.320000000016
149900,-226.310000000016
149960,-226.300000000016
150020,-226.290000000016
150080,-226.280000000016
150140,-226.270000000016
150200,-226.260000000016
150260,-226.2500000000161
150320,-226.2400000000161
150390,-226.2300000000161
150450,-226.2200000000161
150510,-226.2100000000161
150570,-226.2000000000161
150630,-226.1900000000161
150690,-226.1800000000161
150750,-226.1700000000161
150810,-226.1600000000161
150870,-226.1500000000161
150930,-226.1400000000162
150990,-226.1300000000162
151050,-226.1200000000162
151120,-226.1100000000162
151180,-226.1000000000162
151240,-226.0900000000162
151300,-226.0800000000162
151360,-226.0700000000162
151420,-226.0600000000162
151480,-226.0500000000162
151540,-226.0400000000162
151600,-226.0300000000163
151660,-226.0200000000163
151720,-226.0100000000163
151780,-226.0000000000163
151850,-225.9900000000163
151910,-225.9800000000163
151970,-225.9700000000163
152030,-225.9600000000163
152090,-225.9500000000163
152150,-225.9400000000163
152210,-225.9300000000163
152270,-225.9200000000164
152330,-225.9100000000164
152390,-225.9000000000164
152450,-225.8900000000164
152510,-225.8800000000164
152580,-225.8700000000164
152640,-225.8600000000164
152700,-225.8500000000164
152760,-225.8400000000164
152820,-225.8300000000164
152880,-225.8200000000164
152940,-225.8100000000165
153000,-225.8000000000165
153060,-225.7900000000165
153120,-225.7800000000165
153180,-225.7700000000165
153240,-225.7600000000165
153310,-225.7500000000165
153370,-225.7400000000165
153430,-225.7300000000165
153490,-225.7200000000165
153550,-225.7100000000165
153610,-225.7000000000166
153670,-225.6900000000166
153730,-225.6800000000166
153790,-225.6700000000166
153850,-225.6600000000166
153910,-225.6500000000166
153980,-225.6400000000166
154040,-225.6300000000166
154100,-225.6200000000166
154160,-225.6100000000166
154220,-225.6000000000166
154280,-225.5900000000167
154340,-225.5800000000167
154400,-225.5700000000167
154460,-225.5600000000167
154520,-225.5500000000167
154590,-225.5400000000167
154650,-225.5300000000167
154710,-225.5200000000167
154770,-225.5100000000167
154830,-225.5000000000167
154890,-225.4900000000167
154950,-225.4800000000168
155010,-225.4700000000168
155070,-225.4600000000168
155140,-225.4500000000168
155200,-225.4400000000168
155260,-225.4300000000168
155320,-225.4200000000168
155380,-225.4100000000168
155440,-225.4000000000168
155500,-225.3900000000168
155560,-225.3800000000168
155620,-225.3700000000169
155690,-225.3600000000169
155750,-225.3500000000169
155810,-225.3400000000169
155870,-225.3300000000169
155930,-225.3200000000169
155990,-225.3100000000169
156050,-225.3000000000169
156110,-225.2900000000169
156180,-225.2800000000169
156240,-225.2700000000169
156300,-225.260000000017
156360,-225.250000000017
156420,-225.240000000017
156480,-225.230000000017
156540,-225.220000000017
156600,-225.210000000017
156670,-225.200000000017
156730,-225.190000000017
156790,-225.180000000017
156850,-225.170000000017
156910,-225.160000000017
156970,-225.1500000000171
157030,-225.1400000000171
157090,-225.1300000000171
157160,-225.1200000000171
157220,-225.1100000000171
157280,-225.1000000000171
157340,-225.0900000000171
157400,-225.0800000000171
157460,-225.0700000000171
157520,-225.0600000000171
157580,-225.0500000000171
157640,-225.0400000000172
157700,-225.0300000000172
157770,-225.0200000000172
157830,-225.0100000000172
157890,-225.0000000000172
157950,-224.9900000000172
158010,-224.9800000000172
158070,-224.9700000000172
158130,-224.9600000000172
158190,-224.9500000000172
158250,-224.9400000000172
158310,-224.9300000000173
158370,-224.9200000000173
158430,-224.9100000000173
158490,-224.9000000000173
158550,-224.8900000000173
158610,-224.8800000000173
158680,-224.8700000000173
158740,-224.8600000000173
158800,-224.8500000000173
158860,-224.8400000000173
158920,-224.8300000000173
158980,-224.8200000000174
159040,-224.8100000000174
159100,-224.8000000000174
159160,-224.7900000000174
159220,-224.7800000000174
159280,-224.7700000000174
159340,-224.7600000000174
159400,-224.7500000000174
159460,-224.7400000000174
159520,-224.7300000000174
159580,-224.7200000000174
159640,-224.7100000000175
159700,-224.7000000000175
159760,-224.6900000000175
159830,-224.6800000000175
159890,-224.6700000000175
159950,-224.6600000000175
160010,-224.6500000000175
160070,-224.6400000000175
160130,-224.6300000000175
160190,-224.6200000000175
160250,-224.6100000000175
160310,-224.6000000000176
160370,-224.5900000000176
160430,-224.5800000000176
160490,-224.5700000000176
160550,-224.5600000000176
160610,-224.5500000000176
160670,-224.5400000000176
160730,-224.5300000000176
160790,-224.5200000000176
160850,-224.5100000000176
160910,-224.5000000000176
160970,-224.4900000000177
161030,-224.4800000000177
161090,-224.4700000000177
161150,-224.4600000000177
161210,-224.4500000000177
161270,-224.4400000000177
161330,-224.4300000000177
161390,-224.4200000000177
161450,-224.4100000000177
161510,-224.4000000000177
161570,-224.3900000000177
161630,-224.3800000000178
161690,-224.3700000000178
161750,-224.3600000000178
161810,-224.3500000000178
161870,-224.3400000000178
161930,-224.3300000000178
161990,-224.3200000000178
162050,-224.3100000000178
162110,-224.3000000000178
162170,-224.2900000000178
162230,-224.2800000000178
162290,-224.2700000000179
162350,-224.2600000000179
162410,-224.2500000000179
162470,-224.2400000000179
162540,-224.2300000000179
162600,-224.2200000000179
162660,-224.2100000000179
162720,-224.2000000000179
162780,-224.1900000000179
162840,-224.1800000000179
162900,-224.170000000018
162960,-224.160000000018
163020,-224.150000000018
163080,-224.140000000018
163140,-224.130000000018
163200,-224.120000000018
163260,-224.110000000018
163320,-224.100000000018
163380,-224.090000000018
163440,-224.080000000018
163500,-224.070000000018
163560,-224.0600000000181
163620,-224.0500000000181
163680,-224.0400000000181
163740,-224.0300000000181
163800,-224.0200000000181
163860,-224.0100000000181
163920,-224.0000000000181
163970,-223.9900000000181
164030,-223.9800000000181
164090,-223.9700000000181
164150,-223.9600000000181
164210,-223.9500000000182
164270,-223.9400000000182
164330,-223.9300000000182
164390,-223.9200000000182
164450,-223.9100000000182
164510,-223.9000000000182
164570,-223.8900000000182
164630,-223.8800000000182
164690,-223.8700000000182
164750,-223.8600000000182
164810,-223.8500000000182
164870,-223.8400000000183
164930,-223.8300000000183
164990,-223.8200000000183
165050,-223.8100000000183
165110,-223.8000000000183
165170,-223.7900000000183
165230,-223.7800000000183
165290,-223.7700000000183
165350,-223.7600000000183
165410,-223.7500000000183
165470,-223.7400000000183
165530,-223.7300000000184
165590,-223.7200000000184
165650,-223.7100000000184
165710,-223.7000000000184
165770,-223.6900000000184
165830,-223.6800000000184
165890,-223.6700000000184
165950,-223.6600000000184
166010,-223.6500000000184
166070,-223.6400000000184
166130,-223.6300000000184
166190,-223.6200000000185
166250,-223.6100000000185
166310,-223.6000000000185
166370,-223.5900000000185
166430,-223.5800000000185
166490,-223.5700000000185
166550,-223.5600000000185
166610,-223.5500000000185
166670,-223.5400000000185
166730,-223.5300000000185
166790,-223.5200000000185
166850,-223.5100000000186
166910,-223.5000000000186
166970,-223.4900000000186
167030,-223.4800000000186
167090,-223.4700000000186
167150,-223.4600000000186
167210,-223.4500000000186
167270,-223.4400000000186
167330,-223.4300000000186
167390,-223.4200000000186
167450,-223.4100000000186
167510,-223.4000000000187
167570,-223.3900000000187
167630,-223.3800000000187
167690,-223.3700000000187
167750,-223.3600000000187
167810,-223.3500000000187
167870,-223.3400000000187
167930,-223.3300000000187
167990,-223.3200000000187
168050,-223.3100000000187
168110,-223.3000000000187
168170,-223.2900000000188
168230,-223.2800000000188
168290,-223.2700000000188
168350,-223.2600000000188
168410,-223.2500000000188
168470,-223.2400000000188
168530,-223.2300000000188
168600,-223.2200000000188
168660,-223.2100000000188
168720,-223.2000000000188
168780,-223.17
168840,-223.01
168900,-222.85
168960,-222.69
169020,-222.54
169080,-222.41
169140,-222.29
169200,-222.19
169260,-222.12
169320,-222.07
169380,-222.03
169440,-222.01
169500,-222
169560,-222
169620,-222
169680,-221.99
169740,-221.98
169800,-221.97
169860,-221.96
169920,-221.95
169980,-221.9400000000001
170040,-221.9300000000001
170100,-221.9200000000001
170160,-221.9100000000001
170230,-221.9000000000001
170290,-221.8900000000001
170350,-221.8800000000001
170410,-221.8700000000001
170470,-221.8600000000001
170530,-221.8500000000001
170590,-221.8400000000001
170650,-221.8300000000002
170710,-221.8200000000002
170770,-221.8100000000002
170830,-221.8000000000002
170890,-221.7900000000002
170950,-221.7800000000002
171010,-221.7700000000002
171070,-221.7600000000002
171130,-221.7500000000002
171190,-221.7400000000002
171260,-221.7300000000002
171320,-221.7200000000003
171380,-221.7100000000003
171440,-221.7000000000003
171500,-221.6900000000003
171560,-221.6800000000003
171620,-221.6700000000003
171680,-221.6600000000003
171740,-221.6500000000003
171800,-221.6400000000003
171860,-221.6300000000003
171920,-221.6200000000003
171980,-221.6100000000004
172050,-221.6000000000004
172110,-221.5900000000004
172170,-221.5800000000004
172230,-221.5700000000004
172290,-221.5600000000004
172350,-221.5500000000004
172410,-221.5400000000004
172470,-221.5300000000004
172530,-221.5200000000004
172590,-221.5100000000004
172650,-221.5000000000005
172710,-221.4900000000005
172780,-221.4800000000005
172840,-221.4700000000005
172900,-221.4600000000005
172960,-221.4500000000005
173020,-221.4400000000005
173080,-221.4300000000005
173140,-221.4200000000005
173200,-221.4100000000005
173260,-221.4000000000005
173320,-221.3900000000006
173390,-221.3800000000006
173450,-221.3700000000006
173510,-221.3600000000006
173570,-221.3500000000006
173630,-221.3400000000006
173690,-221.3300000000006
173750,-221.3200000000006
173810,-221.3100000000006
173870,-221.3000000000006
173940,-221.2900000000006
174000,-221.2800000000007
174060,-221.2700000000007
174120,-221.2600000000007
174180,-221.2500000000007
174240,-221.2400000000007
174300,-221.2300000000007
174360,-221.2200000000007
174420,-221.2100000000007
174480,-221.2000000000007
174540,-221.1900000000007
174610,-221.1800000000007
174670,-221.1700000000008
174730,-221.1600000000008
174790,-221.1500000000008
174850,-221.1400000000008
174910,-221.1300000000008
174970,-221.1200000000008
175030,-221.1100000000008
175090,-221.1000000000008
175150,-221.0900000000008
175210,-221.0800000000008
175270,-221.0700000000008
175340,-221.0600000000009
175400,-221.0500000000009
175460,-221.0400000000009
175520,-221.0300000000009
175580,-221.0200000000009
175640,-221.0100000000009
175700,-221.0000000000009
175760,-220.9900000000009
175820,-220.9800000000009
175880,-220.9700000000009
175940,-220.9600000000009
176000,-220.950000000001
176060,-220.940000000001
176120,-220.930000000001
176190,-220.920000000001
176250,-220.910000000001
176310,-220.900000000001
176370,-220.890000000001
176430,-220.880000000001
176490,-220.870000000001
176550,-220.860000000001
176610,-220.850000000001
176670,-220.8400000000011
176730,-220.8300000000011
176790,-220.8200000000011
176850,-220.8100000000011
176910,-220.8000000000011
176970,-220.7900000000011
177030,-220.7800000000011
177090,-220.7700000000011
177150,-220.7600000000011
177210,-220.7500000000011
177270,-220.7400000000011
177330,-220.7300000000012
177390,-220.7200000000012
177450,-220.7100000000012
177510,-220.7000000000012
177570,-220.6900000000012
177630,-220.6800000000012
177690,-220.6700000000012
177750,-220.6600000000012
177810,-220.6500000000012
177870,-220.6400000000012
177930,-220.6300000000012
177990,-220.6200000000013
178050,-220.6100000000013
178110,-220.6000000000013
178170,-220.5900000000013
178230,-220.5800000000013
178290,-220.5700000000013
178350,-220.5600000000013
178410,-220.5500000000013
178470,-220.5400000000013
178530,-220.5300000000013
178590,-220.5200000000013
178650,-220.5100000000014
178710,-220.5000000000014
178770,-220.4900000000014
178830,-220.4800000000014
178890,-220.4700000000014
178950,-220.4600000000014
179010,-220.4500000000014
179070,-220.4400000000014
179130,-220.4300000000014
179190,-220.4200000000014
179250,-220.4100000000014
179310,-220.4000000000015
179370,-220.3900000000015
179430,-220.3800000000015
179490,-220.3700000000015
179550,-220.3600000000015
179610,-220.3500000000015
179670,-220.3400000000015
179730,-220.3300000000015
179790,-220.3200000000015
179850,-220.3100000000015
179910,-220.3000000000015
179970,-220.2900000000016
180030,-220.2800000000016
180090,-220.2700000000016
180150,-220.2600000000016
180210,-220.2500000000016
180270,-220.2400000000016
180330,-220.2300000000016
180390,-220.2200000000016
180450,-220.2100000000016
180510,-220.2000000000016
180570,-220.1900000000016
180630,-220.1800000000017
180690,-220.1700000000017
180750,-220.1600000000017
180810,-220.1500000000017
180870,-220.1400000000017
180930,-220.1300000000017
180990,-220.1200000000017
181050,-220.1100000000017
181110,-220.1000000000017
181170,-220.0900000000017
181230,-220.0800000000017
181290,-220.0700000000018
181350,-220.0600000000018
181410,-220.0500000000018
181470,-220.0400000000018
181530,-220.0300000000018
181580,-220.0200000000018
181640,-220.0100000000018
181700,-220.0000000000018
181760,-219.9900000000018
181820,-219.9800000000018
181880,-219.9700000000018
181940,-219.9600000000019
182000,-219.9500000000019
182060,-219.9400000000019
182120,-219.9300000000019
182170,-219.9200000000019
182230,-219.9100000000019
182290,-219.9000000000019
182350,-219.8900000000019
182410,-219.8800000000019
182470,-219.8700000000019
182530,-219.8600000000019
182590,-219.850000000002
182650,-219.840000000002
182710,-219.830000000002
182770,-219.820000000002
182830,-219.810000000002
182890,-219.800000000002
182950,-219.790000000002
183000,-219.780000000002
183060,-219.770000000002
183120,-219.760000000002
183180,-219.750000000002
183240,-219.7400000000021
183300,-219.7300000000021
183360,-219.7200000000021
183420,-219.7100000000021
183480,-219.7000000000021
183540,-219.6900000000021
183590,-219.6800000000021
183650,-219.6700000000021
183710,-219.6600000000021
183770,-219.6500000000021
183830,-219.6400000000021
183890,-219.6300000000022
183950,-219.6200000000022
184010,-219.6100000000022
184070,-219.6000000000022
184130,-219.5900000000022
184180,-219.5800000000022
184240,-219.49
184300,-219.31
184360,-219.13
184420,-218.94
184480,-218.74
184540,-218.55
184600,-218.37
184660,-218.21
184710,-218.07
184770,-217.95
184830,-217.83
184890,-217.73
184950,-217.64
185010,-217.56
185070,-217.48
185130,-217.41
185190,-217.33
185240,-217.26
185300,-217.2
185360,-217.13
185420,-217.07
185480,-217
185540,-216.94
185600,-216.88
185660,-216.82
185720,-216.77
185770,-216.71
185830,-216.65
185890,-216.6
185950,-216.54
186010,-216.48
186070,-216.42
186130,-216.35
186190,-216.28
186240,-216.21
186300,-216.12
186360,-216.03
186420,-215.93
186480,-215.82
186540,-215.72
186600,-215.63
186660,-215.57
186720,-215.53
186770,-215.49
186830,-215.48
186890,-215.47
186950,-215.46
187010,-215.45
187070,-215.44
187130,-215.43
187190,-215.42
187240,-215.4100000000001
187300,-215.4000000000001
187360,-215.3900000000001
187420,-215.3800000000001
187480,-215.37
187540,-215.32
187600,-215.27
187660,-215.2
187710,-215.13
187770,-215.05
187830,-214.96
187890,-214.88
187950,-214.79
188010,-214.71
188070,-214.63
188120,-214.55
188180,-214.47
188240,-214.4
188300,-214.32
188360,-214.25
188420,-214.19
188480,-214.12
188530,-214.06
188590,-214.01
188650,-213.97
188710,-213.94
188770,-213.91
188830,-213.89
188890,-213.88
188940,-213.87
189000,-213.86
189060,-213.86
189120,-213.85
189180,-213.83
189240,-213.79
189300,-213.74
189350,-213.66
189410,-213.56
189470,-213.44
189530,-213.3
189590,-213.14
189650,-212.95
189710,-212.74
189760,-212.5
189820,-212.26
189880,-212.02
189940,-211.78
190000,-211.55
190060,-211.32
190120,-211.1
190170,-210.89
190230,-210.69
190290,-210.5
190350,-210.32
190410,-210.17
190470,-210.02
190530,-209.87
190590,-209.73
190640,-209.59
190700,-209.45
190760,-209.32
190820,-209.18
190880,-209.05
190940,-208.92
191000,-208.79
191060,-208.66
191110,-208.53
191170,-208.4
191230,-208.28
191290,-208.15
191350,-208.02
191410,-207.89
191470,-207.77
191520,-207.64
191580,-207.51
191640,-207.38
191700,-207.24
191760,-207.11
191820,-206.98
191880,-206.85
191940,-206.72
191990,-206.59
192050,-206.46
192110,-206.34
192170,-206.21
192230,-206.08
192290,-205.96
192350,-205.83
192400,-205.71
192460,-205.6
192520,-205.49
192580,-205.39
192640,-205.3
192700,-205.21
192760,-205.11
192810,-205.02
192870,-204.91
192930,-204.79
192990,-204.67
193050,-204.53
193110,-204.39
193160,-204.25
193220,-204.11
193280,-203.98
193340,-203.86
193400,-203.74
193460,-203.62
193520,-203.51
193570,-203.39
193630,-203.27
193690,-203.13
193750,-203
193810,-202.87
193870,-202.73
193920,-202.59
193980,-202.46
194040,-202.32
194100,-202.18
194160,-202.05
194220,-201.91
194270,-201.77
194330,-201.64
194390,-201.5
194450,-201.37
194510,-201.24
194570,-201.11
194620,-200.98
194680,-200.86
194740,-200.74
194800,-200.62
194860,-200.5
194920,-200.38
194970,-200.27
195030,-200.16
195090,-200.05
195150,-199.95
195210,-199.84
195270,-199.74
195330,-199.64
195380,-199.55
195440,-199.46
195500,-199.37
195560,-199.28
195620,-199.19
195680,-199.1
195740,-199
195790,-198.88
195850,-198.76
195910,-198.63
195970,-198.49
196030,-198.34
196090,-198.18
196150,-198
196200,-197.81
196260,-197.6
196320,-197.38
196380,-197.15
196440,-196.93
196500,-196.7
196550,-196.48
196610,-196.27
196670,-196.06
196730,-195.87
196790,-195.69
196850,-195.53
196900,-195.38
196960,-195.24
197020,-195.09
197080,-194.95
197140,-194.81
197200,-194.67
197260,-194.53
197310,-194.39
197370,-194.25
197430,-194.11
197490,-193.97
197550,-193.83
197610,-193.7
197660,-193.56
197720,-193.42
197780,-193.29
197840,-193.15
197900,-193.02
197950,-192.89
198010,-192.76
198070,-192.63
198130,-192.5
198190,-192.37
198250,-192.24
198300,-192.11
198360,-191.98
198420,-191.85
198480,-191.72
198540,-191.59
198600,-191.46
198650,-191.33
198710,-191.2
198770,-191.06
198830,-190.93
198890,-190.8
198940,-190.66
199000,-190.52
199060,-190.38
199120,-190.24
199180,-190.09
199240,-189.93
199290,-189.78
199350,-189.63
199410,-189.47
199470,-189.32
199530,-189.16
199580,-189.01
199640,-188.87
199700,-188.73
199760,-188.59
199820,-188.45
199870,-188.31
199930,-188.18
199990,-188.04
200050,-187.91
200110,-187.77
200170,-187.64
200220,-187.5
200280,-187.37
200340,-187.24
200400,-187.11
200460,-186.98
200510,-186.85
200570,-186.72
200630,-186.59
200690,-186.46
200750,-186.34
200810,-186.21
200860,-186.09
200920,-185.96
200980,-185.83
201040,-185.7
201100,-185.58
201160,-185.45
201220,-185.32
201270,-185.2
201330,-185.07
201390,-184.95
201450,-184.83
201510,-184.72
201570,-184.61
201630,-184.52
201690,-184.44
201740,-184.37
201800,-184.31
201860,-184.26
201920,-184.21
201980,-184.16
202040,-184.1
202100,-184.02
202160,-183.92
202210,-183.8
202270,-183.68
202330,-183.54
202390,-183.4
202450,-183.26
202510,-183.12
202570,-182.97
202630,-182.84
202690,-182.7
202740,-182.57
202800,-182.44
202860,-182.32
202920,-182.19
202980,-182.07
203040,-181.95
203100,-181.84
203150,-181.72
203210,-181.6
203270,-181.48
203330,-181.36
203390,-181.25
203450,-181.13
203510,-181.02
203560,-180.92
203620,-180.82
203680,-180.72
203740,-180.63
203800,-180.55
203860,-180.48
203920,-180.42
203980,-180.37
204030,-180.33
204090,-180.3
204150,-180.28
204210,-180.27
204270,-180.26
204330,-180.26
204390,-180.26
204440,-180.25
204500,-180.24
204560,-180.22
204620,-180.19
204680,-180.15
204740,-180.09
204800,-180.01
204860,-179.93
204910,-179.83
204970,-179.73
205030,-179.61
205090,-179.49
205150,-179.35
205210,-179.2
205270,-179.04
205320,-178.87
205380,-178.68
205440,-178.51
205500,-178.35
205560,-178.21
205620,-178.08
205680,-177.96
205740,-177.86
205790,-177.76
205850,-177.68
205910,-177.6
205970,-177.53
206030,-177.47
206090,-177.41
206150,-177.35
206200,-177.3
206260,-177.25
206320,-177.2
206380,-177.15
206440,-177.11
206500,-177.07
206560,-177.03
206610,-176.99
206670,-176.96
206730,-176.89
206790,-176.78
206850,-176.62
206910,-176.4
206970,-176.13
207020,-175.82
207080,-175.47
207140,-175.07
207200,-174.64
207260,-174.16
207320,-173.65
207380,-173.13
207440,-172.61
207490,-172.08
207550,-171.55
207610,-171.01
207670,-170.46
207730,-169.9
207790,-169.33
207850,-168.75
207900,-168.15
207960,-167.53
208020,-166.9
208080,-166.28
208140,-165.64
208200,-165.01
208260,-164.38
208310,-163.75
208370,-163.11
208430,-162.48
208490,-161.84
208550,-161.21
208610,-160.57
208670,-159.94
208720,-159.3
208780,-158.67
208840,-158.04
208900,-157.41
208960,-156.78
209020,-156.67
209080,-156.57
209130,-156.46
209190,-156.36
209250,-156.25
209310,-156.15
209370,-156.04
209430,-155.94
209480,-155.83
209540,-155.73
209600,-155.62
209660,-155.52
209720,-155.41
209780,-155.31
209830,-155.21
209890,-155.1
209950,-155
210010,-154.91
210070,-154.83
210130,-154.76
210180,-154.7
210240,-154.65
210300,-154.61
210360,-154.59
210420,-154.57
210480,-154.57
210530,-154.56
210590,-154.55
210650,-154.54
210710,-154.53
210770,-154.52
210830,-154.51
210890,-154.5000000000001
210940,-154.5
211000,-154.46
211060,-154.42
211120,-154.38
211180,-154.34
211240,-154.29
211290,-154.24
211350,-154.17
211410,-154.1
211470,-154.02
211530,-153.94
211590,-153.85
211640,-153.76
211700,-153.66
211760,-153.55
211820,-153.45
211880,-153.34
211940,-153.22
211990,-153.11
212050,-153
212110,-152.88
212170,-152.77
212230,-152.66
212290,-152.54
212350,-152.43
212400,-152.32
212460,-152.2
212520,-152.09
212580,-151.98
212640,-151.86
212700,-151.74
212750,-151.62
212810,-151.5
212870,-151.38
212930,-151.25
212990,-151.12
213050,-150.99
213100,-150.86
213160,-150.73
213220,-150.6
213280,-150.47
213340,-150.35
213400,-150.23
213460,-150.12
213520,-150.02
213570,-149.93
213630,-149.85
213690,-149.78
213750,-149.73
213810,-149.7
213870,-149.68
213930,-149.67
213980,-149.65
214040,-149.64
214100,-149.62
214160,-149.58
214220,-149.53
214280,-149.47
214340,-149.37
214400,-149.26
214450,-149.13
214510,-148.98
214570,-148.83
214630,-148.69
214690,-148.53
214750,-148.38
214810,-148.22
214870,-148.06
214930,-147.9
214990,-147.74
215050,-147.57
215100,-147.39
215160,-147.22
215220,-147.04
215280,-146.87
215340,-146.69
215400,-146.5
215460,-146.32
215520,-146.13
215580,-145.94
215640,-145.75
215700,-145.55
215760,-145.35
215820,-145.15
215880,-144.95
215940,-144.74
216000,-144.54
216060,-144.34
216120,-144.13
216170,-143.92
216230,-143.72
216290,-143.51
216350,-143.29
216410,-143.08
216470,-142.87
216530,-142.65
216590,-142.44
216650,-142.23
216700,-142.02
216760,-141.82
216820,-141.63
216880,-141.43
216940,-141.24
217000,-141.04
217060,-140.84
217120,-140.63
217170,-140.42
217230,-140.19
217290,-139.96
217350,-139.72
217410,-139.47
217470,-139.21
217520,-138.95
217580,-138.68
217640,-138.41
217700,-138.13
