0,-1182.6
10,-1181.5
20,-1180.3
30,-1179.2
40,-1178.1
50,-1177
155.09,-1175.9
232.86,-1174.8
298.91,-1173.7
359.76,-1172.6
417.68,-1171.5
473.73,-1170.4
528.5,-1169.3
582.35,-1168.2
635.46,-1167.2
688.01,-1166.1
740.12,-1165
791.87,-1163.9
843.3200000000001,-1162.9
894.52,-1161.8
945.49,-1160.8
996.27,-1159.7
1046.9,-1158.7
1097.3,-1157.6
1147.6,-1156.6
1197.7,-1155.5
1247.6,-1154.5
1297.4,-1153.5
1347.1,-1152.5
1396.6,-1151.5
1445.8,-1150.5
1495,-1149.5
1544.1,-1148.5
1593.2,-1147.5
1642.1,-1146.6
1691,-1145.6
1739.9,-1144.6
1788.7,-1143.7
1837.6,-1142.8
1886.3,-1141.8
1935,-1140.9
1983.6,-1140
2032.1,-1139.1
2080.6,-1138.2
2129,-1137.2
2177.4,-1136.3
2225.7,-1135.3
2274.1,-1134.3
2322.6,-1133.4
2371,-1132.4
2419.4,-1131.4
2467.7,-1129.3
2515.9,-1127.3
2564.1,-1125.2
2612.2,-1123.2
2660.3,-1121.1
2708.3,-1119
2756.2,-1116.9
2804.1,-1114.8
2852.1,-1112.7
2900.1,-1110.6
2948,-1108.5
2995.8,-1106.4
3043.5,-1104.3
3091.2,-1102.2
3138.8,-1100.1
3186.4,-1098
3233.9,-1095.9
3281.3,-1093.8
3328.7,-1091.7
3376.1,-1089.6
3423.6,-1087.5
3470.9,-1085.4
3518.2,-1083.3
3565.4,-1081.3
3612.6,-1079.2
3659.7,-1077.1
3706.7,-1075
3753.7,-1072.9
3800.6,-1070.8
3847.5,-1068.8
3894.4,-1066.7
3941.2,-1064.7
3987.9,-1062.7
4034.7,-1060.7
4081.3,-1058.7
4127.9,-1056.7
4174.5,-1054.7
4220.9,-1052.7
4267.4,-1050.8
4313.8,-1048.8
4360.1,-1046.9
4406.2,-1045
4452.2,-1043.1
4498.3,-1041.2
4544.3,-1039.3
4590.2,-1037.4
4636.2,-1035.5
4682.1,-1033.7
4728,-1031.9
4773.8,-1030
4819.6,-1028.2
4865.4,-1026.4
4911.2,-1024.7
4957,-1022.9
5002.7,-1021.1
5048.4,-1019.4
5094.1,-1017.7
5139.8,-1016
5185.4,-1014.3
5231,-1012.6
5276.5,-1011
5322.1,-1009.4
5367.6,-1007.8
5413.1,-1006.3
5458.5,-1004.7
5504,-1003.2
5549.4,-1001.7
5594.7,-1000.2
5640.1,-998.8
5685.4,-997.38
5730.8,-995.99
5776.1,-994.64
5821.4,-993.33
5866.7,-992.04
5911.9,-990.8
5957,-989.58
6002.2,-988.4
6047.4,-987.25
6092.5,-986.14
6137.6,-985.05
6182.7,-984
6227.8,-982.96
6272.9,-981.9299999999999
6318,-980.92
6363.1,-979.91
6408.2,-978.92
6453.2,-977.9400000000001
6498.2,-976.98
6543.1,-976.02
6588.1,-975.08
6633.1,-974.15
6678.1,-973.23
6723.1,-972.34
6768,-971.49
6813,-970.67
6858,-969.89
6902.9,-969.13
6947.9,-968.41
6992.9,-967.71
7037.9,-967.05
7082.8,-966.41
7127.8,-965.8099999999999
7172.8,-965.22
7217.7,-964.67
7262.7,-964.15
7307.7,-963.65
7352.7,-963.1799999999999
7397.7,-962.74
7442.7,-962.3200000000001
7487.8,-961.9400000000001
7532.9,-961.5700000000001
7578,-961.24
7623.1,-960.9299999999999
7668.2,-960.65
7713.3,-960.39
7758.4,-960.15
7803.5,-959.9299999999999
7848.6,-959.73
7893.7,-959.55
7939,-959.38
7984.3,-959.24
8029.6,-959.11
8074.9,-959
8120.2,-958.9
8165.6,-958.8099999999999
8210.9,-958.73
8256.200000000001,-958.64
8301.5,-958.5599999999999
8346.9,-958.49
8392.200000000001,-958.41
8437.5,-958.33
8482.700000000001,-958.26
8528,-958.1799999999999
8573.299999999999,-958.11
8618.6,-958.03
8663.9,-957.95
8709.1,-957.87
8754.4,-957.77
8799.799999999999,-957.66
8845.1,-957.54
8890.4,-957.41
8935.799999999999,-957.26
8981.299999999999,-957.09
9026.799999999999,-956.92
9072.200000000001,-956.73
9117.700000000001,-956.53
9163.200000000001,-956.3200000000001
9208.700000000001,-956.08
9254.200000000001,-955.8200000000001
9299.700000000001,-955.54
9345.200000000001,-955.23
9390.700000000001,-954.9
9436.299999999999,-954.54
9481.9,-954.16
9527.5,-953.75
9573.200000000001,-953.3200000000001
9618.799999999999,-952.86
9664.5,-952.37
9710.1,-951.86
9755.799999999999,-951.3099999999999
9801.5,-950.72
9847.1,-950.09
9892.799999999999,-949.42
9938.6,-948.72
9984.299999999999,-947.98
10030,-947.1900000000001
10076,-946.37
10122,-945.52
10167,-944.62
10213,-943.6799999999999
10259,-942.6900000000001
10305,-941.65
10351,-940.5599999999999
10396,-939.41
10442,-938.2
10488,-936.9400000000001
10534,-935.62
10579,-934.24
10625,-932.8099999999999
10671,-931.3200000000001
10716,-929.78
10762,-928.2
10808,-926.58
10854,-924.92
10900,-923.23
10945,-921.5
10991,-919.73
11037,-917.92
11083,-916.08
11129,-914.2
11175,-912.28
11220,-910.3200000000001
11266,-908.3200000000001
11312,-906.28
11358,-904.21
11404,-902.09
11450,-899.9299999999999
11496,-897.74
11542,-895.5
11588,-893.23
11634,-890.91
11680,-888.5599999999999
11726,-886.17
11772,-883.74
11818,-881.26
11864,-878.75
11910,-876.2
11956,-873.6
12003,-870.97
12049,-868.3
12095,-865.59
12141,-862.85
12187,-860.0700000000001
12233,-857.26
12280,-854.41
12326,-851.54
12372,-848.65
12418,-845.72
12465,-842.77
12511,-839.79
12557,-836.79
12604,-833.76
12650,-830.71
12697,-827.63
12743,-824.53
12789,-821.42
12836,-818.3099999999999
12882,-815.2
12929,-812.08
12975,-808.95
13022,-805.8200000000001
13069,-802.6900000000001
13115,-799.55
13162,-796.4
13209,-793.24
13255,-790.08
13302,-786.92
13349,-783.77
13396,-780.61
13442,-777.46
13489,-774.3099999999999
13536,-771.17
13583,-768.03
13630,-764.9
13677,-761.78
13724,-758.66
13771,-755.55
13818,-752.4299999999999
13865,-749.33
13912,-746.23
13959,-743.14
14006,-740.05
14054,-736.97
14101,-733.88
14148,-730.8
14195,-727.71
14243,-724.62
14290,-721.53
14337,-718.4299999999999
14385,-715.34
14432,-712.25
14480,-709.17
14527,-706.09
14575,-703.01
14623,-699.92
14670,-696.84
14718,-693.74
14766,-690.66
14813,-687.6
14861,-684.5700000000001
14909,-681.58
14957,-678.62
15005,-675.7
15053,-672.8099999999999
15101,-669.96
15149,-667.14
15197,-664.35
15245,-661.6
15293,-658.88
15341,-656.1900000000001
15389,-653.52
15438,-650.88
15486,-648.25
15534,-645.64
15582,-643.05
15631,-640.47
15679,-637.91
15728,-635.35
15776,-632.8099999999999
15824,-630.28
15873,-627.76
15922,-625.28
15970,-622.85
16019,-620.46
16068,-618.12
16116,-615.83
16165,-613.59
16214,-611.4
16263,-609.27
16311,-607.1799999999999
16360,-605.15
16409,-603.1799999999999
16458,-601.26
16507,-599.4
16556,-597.59
16605,-595.8200000000001
16654,-594.11
16703,-592.45
16752,-590.83
16801,-589.27
16851,-587.75
16900,-586.28
16949,-584.85
16999,-583.48
17048,-582.14
17097,-580.85
17147,-579.61
17197,-578.4
17246,-577.25
17296,-576.15
17346,-575.09
17396,-574.08
17446,-573.13
17496,-572.23
17546,-571.39
17596,-570.58
17646,-569.8200000000001
17696,-569.09
17746,-568.4
17796,-567.74
17846,-567.12
17897,-566.52
17947,-565.95
17997,-565.4
18048,-564.87
18098,-564.36
18148,-563.88
18199,-563.4299999999999
18249,-563.01
18300,-562.62
18351,-562.26
18402,-561.92
18453,-561.61
18504,-561.33
18555,-561.0599999999999
18606,-560.83
18657,-560.62
18708,-560.4400000000001
18759,-560.28
18810,-560.14
18862,-560.02
18913,-559.91
18964,-559.83
19016,-559.76
19067,-559.72
19119,-559.6900000000001
19170,-559.6900000000001
19222,-559.6800000000001
19274,-559.6700000000001
19325,-559.6600000000001
19377,-559.6500000000001
19429,-559.6400000000001
19481,-559.6300000000001
19533,-559.6200000000001
19585,-559.6100000000001
19637,-559.6000000000001
19689,-559.5900000000001
19741,-559.5800000000002
19793,-559.5700000000002
19845,-559.5600000000002
19897,-559.5500000000002
19949,-559.5400000000002
20001,-559.5300000000002
20054,-559.5200000000002
20106,-559.5100000000002
20158,-559.5000000000002
20211,-559.4900000000002
20263,-559.4800000000002
20316,-559.4700000000003
20368,-559.4600000000003
20421,-559.4500000000003
20473,-559.4400000000003
20526,-559.4300000000003
20578,-559.4200000000003
20631,-559.4100000000003
20683,-559.4000000000003
20736,-559.3900000000003
20788,-559.3800000000003
20841,-559.3700000000003
20894,-559.3600000000004
20946,-559.3500000000004
20999,-559.3400000000004
21052,-559.3300000000004
21105,-559.3200000000004
21157,-559.3100000000004
21210,-559.3000000000004
21263,-559.2900000000004
21316,-559.2800000000004
21368,-559.2700000000004
21421,-559.2600000000004
21474,-559.2500000000005
21527,-559.2400000000005
21580,-559.2300000000005
21632,-559.2200000000005
21685,-559.2100000000005
21738,-559.2000000000005
21791,-559.1900000000005
21844,-559.1800000000005
21897,-559.1700000000005
21949,-559.1600000000005
22002,-559.1500000000005
22055,-559.1400000000006
22108,-559.1300000000006
22161,-559.1200000000006
22214,-559.1100000000006
22267,-559.1000000000006
22319,-559.0900000000006
22372,-559.0800000000006
22425,-559.0700000000006
22478,-559.0600000000006
22531,-559.0500000000006
22584,-559.0400000000006
22636,-559.0300000000007
22689,-559.0200000000007
22742,-559.0100000000007
22795,-559.0000000000007
22848,-558.9900000000007
22900,-558.9800000000007
22953,-558.9700000000007
23006,-558.9600000000007
23059,-558.9500000000007
23112,-558.9400000000007
23165,-558.9300000000007
23218,-558.9200000000008
23270,-558.9100000000008
23323,-558.9000000000008
23376,-558.8900000000008
23429,-558.8800000000008
23482,-558.8700000000008
23535,-558.8600000000008
23588,-558.8500000000008
23641,-558.8400000000008
23694,-558.8300000000008
23747,-558.8200000000008
23800,-558.8100000000009
23853,-558.8000000000009
23906,-558.7900000000009
23959,-558.7800000000009
24012,-558.7700000000009
24066,-558.7600000000009
24119,-558.7500000000009
24172,-558.7400000000009
24225,-558.7300000000009
24278,-558.7200000000009
24331,-558.7100000000009
24384,-558.700000000001
24437,-558.690000000001
24490,-558.680000000001
24543,-558.670000000001
24596,-558.660000000001
24649,-558.650000000001
24702,-558.640000000001
24755,-558.630000000001
24808,-558.620000000001
24861,-558.610000000001
24914,-558.600000000001
24967,-558.5900000000011
25020,-558.5800000000011
25074,-558.5700000000011
25127,-558.5600000000011
25180,-558.5500000000011
25233,-558.5400000000011
25286,-558.5300000000011
25339,-558.5200000000011
25392,-558.5100000000011
25445,-558.5000000000011
25498,-558.4900000000011
25551,-558.4800000000012
25604,-558.4700000000012
25657,-558.4600000000012
25710,-558.4500000000012
25763,-558.4400000000012
25816,-558.4300000000012
25869,-558.4200000000012
25922,-558.4100000000012
25975,-558.4000000000012
26028,-558.3900000000012
26081,-558.3800000000012
26134,-558.3700000000013
26187,-558.3600000000013
26240,-558.3500000000013
26293,-558.3400000000013
26346,-558.3300000000013
26399,-558.3200000000013
26452,-558.3100000000013
26505,-558.3000000000013
26558,-558.2900000000013
26611,-558.2800000000013
26664,-558.2700000000013
26717,-558.2600000000014
26770,-558.2500000000014
26823,-558.2400000000014
26875,-558.2300000000014
26928,-558.2200000000014
26981,-558.2100000000014
27034,-558.2000000000014
27086,-558.1900000000014
27139,-558.1800000000014
27192,-558.1700000000014
27245,-558.1600000000014
27297,-558.1500000000015
27350,-558.1400000000015
27403,-558.1300000000015
27455,-558.1200000000015
27508,-558.1100000000015
27561,-558.1000000000015
27613,-558.0900000000015
27666,-558.0800000000015
27719,-558.0700000000015
27771,-558.0600000000015
27824,-558.0500000000015
27877,-558.0400000000016
27929,-558.0300000000016
27982,-558.0200000000016
28035,-558.0100000000016
28087,-558.0000000000016
28140,-557.9900000000016
28193,-557.9800000000016
28245,-557.9700000000016
28298,-557.9600000000016
28351,-557.9500000000016
28404,-557.9400000000016
28456,-557.9300000000017
28509,-557.9200000000017
28562,-557.9100000000017
28614,-557.9000000000017
28667,-557.8900000000017
28720,-557.8800000000017
28773,-557.8700000000017
28825,-557.8600000000017
28878,-557.8500000000017
28931,-557.8400000000017
28984,-557.8300000000017
29037,-557.8200000000018
29089,-557.8100000000018
29142,-557.8000000000018
29195,-557.7900000000018
29248,-557.7800000000018
29301,-557.7700000000018
29354,-557.7600000000018
29407,-557.7500000000018
29460,-557.7400000000018
29513,-557.7300000000018
29566,-557.7200000000018
29619,-557.7100000000019
29672,-557.7000000000019
29725,-557.6900000000019
29778,-557.6800000000019
29831,-557.6700000000019
29884,-557.6600000000019
29937,-557.6500000000019
29990,-557.6400000000019
30044,-557.6300000000019
30097,-557.6200000000019
30150,-557.6100000000019
30203,-557.600000000002
30257,-557.590000000002
30310,-557.580000000002
30363,-557.570000000002
30416,-557.560000000002
30470,-557.550000000002
30523,-557.540000000002
30576,-557.530000000002
30630,-557.520000000002
30683,-557.510000000002
30737,-557.500000000002
30790,-557.4900000000021
30844,-557.4800000000021
30897,-557.4700000000021
30950,-557.4600000000021
31004,-557.4500000000021
31057,-557.4400000000021
31111,-557.4300000000021
31165,-557.4200000000021
31218,-557.4100000000021
31272,-557.4000000000021
31325,-557.3900000000021
31379,-557.3800000000022
31433,-557.3700000000022
31486,-557.3600000000022
31540,-557.3500000000022
31593,-557.3400000000022
31647,-557.3300000000022
31701,-557.3200000000022
31755,-557.3100000000022
31808,-557.3000000000022
31862,-557.2900000000022
31916,-557.2800000000022
31970,-557.2700000000023
32023,-557.2600000000023
32077,-557.2500000000023
32131,-557.2400000000023
32185,-557.2300000000023
32239,-557.2200000000023
32293,-557.2100000000023
32347,-557.2000000000023
32400,-557.1900000000023
32454,-557.1800000000023
32508,-557.1700000000023
32562,-557.1600000000024
32616,-557.1500000000024
32670,-557.1400000000024
32724,-557.1300000000024
32778,-557.1200000000024
32832,-557.1100000000024
32886,-557.1000000000024
32940,-557.0900000000024
32994,-557.0800000000024
33048,-557.0700000000024
33102,-557.0600000000024
33156,-557.0500000000025
33210,-557.0400000000025
33264,-557.0300000000025
33319,-557.0200000000025
33373,-557.0100000000025
33427,-557.0000000000025
33481,-556.9900000000025
33535,-556.9800000000025
33589,-556.9700000000025
33643,-556.9600000000025
33697,-556.9500000000025
33751,-556.9400000000026
33806,-556.9300000000026
33860,-556.9200000000026
33914,-556.9100000000026
33968,-556.9000000000026
34022,-556.8900000000026
34076,-556.8800000000026
34131,-556.8700000000026
34185,-556.8600000000026
34239,-556.8500000000026
34293,-556.8400000000026
34347,-556.8300000000027
34401,-556.8200000000027
34456,-556.8100000000027
34510,-556.8000000000027
34564,-556.7900000000027
34618,-556.7800000000027
34673,-556.7700000000027
34727,-556.7600000000027
34781,-556.7500000000027
34835,-556.5599999999999
34889,-555.8099999999999
34944,-555.03
34998,-554.22
35052,-553.37
35106,-552.49
35161,-551.5700000000001
35215,-550.62
35269,-549.64
35323,-548.63
35377,-547.6
35432,-546.54
35486,-545.46
35540,-544.37
35594,-543.27
35648,-542.16
35702,-541.03
35756,-539.89
35811,-538.74
35865,-537.5599999999999
35919,-536.37
35973,-535.17
36027,-533.9400000000001
36081,-532.7
36135,-531.4400000000001
36189,-530.17
36243,-528.87
36298,-527.5599999999999
36352,-526.23
36406,-524.91
36460,-523.61
36514,-522.36
36568,-521.14
36622,-519.96
36676,-518.8200000000001
36730,-517.72
36784,-516.65
36837,-515.62
36891,-514.63
36945,-513.6799999999999
36999,-512.76
37053,-511.88
37107,-511.04
37161,-510.22
37215,-509.43
37268,-508.68
37322,-507.95
37376,-507.26
37430,-506.6
37483,-505.96
37537,-505.35
37591,-504.76
37644,-504.19
37698,-503.63
37751,-503.07
37805,-502.52
37858,-501.96
37912,-501.39
37965,-500.82
38019,-500.23
38072,-499.62
38125,-498.99
38179,-498.35
38232,-497.74
38285,-497.15
38339,-496.57
38392,-496.02
38445,-495.48
38498,-494.95
38551,-494.43
38604,-493.92
38657,-493.41
38711,-492.89
38764,-492.37
38817,-491.85
38870,-491.35
38923,-490.85
38976,-490.36
39029,-489.88
39082,-489.43
39135,-489.01
39187,-488.61
39240,-488.24
39293,-487.89
39346,-487.56
39399,-487.25
39452,-486.97
39505,-486.72
39557,-486.5
39610,-486.3
39663,-486.13
39715,-485.98
39768,-485.85
39821,-485.74
39873,-485.64
39926,-485.56
39979,-485.51
40031,-485.48
40084,-485.47
40136,-485.47
40189,-485.46
40241,-485.45
40294,-485.4400000000001
40346,-485.4300000000001
40398,-485.4200000000001
40451,-485.4100000000001
40503,-485.4000000000001
40555,-485.3900000000001
40608,-485.3800000000001
40660,-485.3700000000001
40712,-485.3600000000001
40764,-485.3500000000001
40817,-485.3400000000001
40869,-485.3300000000002
40921,-485.3200000000002
40973,-485.3100000000002
41025,-485.3000000000002
41077,-485.2900000000002
41129,-485.2800000000002
41181,-485.2700000000002
41233,-485.2600000000002
41285,-485.2500000000002
41337,-485.2400000000002
41389,-485.2300000000002
41441,-485.2200000000003
41493,-485.2100000000003
41544,-485.2000000000003
41596,-485.1900000000003
41648,-485.1800000000003
41700,-485.1700000000003
41751,-485.1600000000003
41803,-485.1500000000003
41855,-485.1400000000003
41906,-485.1300000000003
41958,-485.1200000000003
42009,-485.1100000000004
42061,-485.1000000000004
42113,-485.0900000000004
42164,-485.0800000000004
42216,-485.0700000000004
42267,-485.0600000000004
42318,-485.0500000000004
42370,-485.0400000000004
42421,-485.0300000000004
42473,-485.0200000000004
42524,-485.0100000000004
42575,-485.0000000000005
42627,-484.9900000000005
42678,-484.9800000000005
42729,-484.9700000000005
42780,-484.9600000000005
42832,-484.9500000000005
42883,-484.9400000000005
42934,-484.9300000000005
42985,-484.9200000000005
43036,-484.9100000000005
43087,-484.9000000000005
43139,-484.8900000000006
43190,-484.8800000000006
43241,-484.8700000000006
43292,-484.8600000000006
43343,-484.8500000000006
43394,-484.8400000000006
43445,-484.8300000000006
43496,-484.8200000000006
43546,-484.8100000000006
43597,-484.8000000000006
43648,-484.7900000000006
43699,-484.7800000000007
43750,-484.7700000000007
43801,-484.7600000000007
43851,-484.7500000000007
43902,-484.7400000000007
43953,-484.7300000000007
44004,-484.7200000000007
44054,-484.7100000000007
44105,-484.7000000000007
44155,-484.6900000000007
44206,-484.6800000000007
44257,-484.6700000000008
44307,-484.6600000000008
44358,-484.6500000000008
44408,-484.6400000000008
44458,-484.38
44509,-484.06
44559,-483.74
44610,-483.41
44660,-483.08
44710,-482.74
44760,-482.4
44811,-482.06
44861,-481.71
44911,-481.37
44961,-481.02
45011,-480.68
45061,-480.33
45111,-479.99
45161,-479.66
45211,-479.32
45261,-478.99
45311,-478.66
45361,-478.32
45411,-477.97
45461,-477.6
45511,-477.23
45560,-476.84
45610,-476.45
45660,-476.05
45709,-475.64
45759,-475.22
45809,-474.79
45858,-474.36
45908,-473.91
45957,-473.45
46007,-472.99
46057,-472.51
46106,-472.01
46155,-471.51
46205,-470.99
46254,-470.46
46304,-469.91
46353,-469.36
46402,-468.8
46451,-468.22
46501,-467.65
46550,-467.06
46599,-466.47
46648,-465.88
46697,-465.29
46746,-464.7
46795,-464.12
46844,-463.52
46893,-462.92
46942,-462.32
46991,-461.7
47040,-461.07
47089,-460.42
47138,-459.76
47187,-459.09
47235,-458.4
47284,-457.69
47333,-456.95
47382,-456.17
47430,-455.37
47479,-454.53
47527,-453.66
47576,-452.75
47624,-451.81
47673,-450.83
47721,-449.81
47770,-448.76
47818,-447.68
47867,-446.57
47915,-445.42
47963,-444.24
48011,-443.03
48060,-441.77
48108,-440.48
48156,-439.15
48204,-437.78
48252,-436.36
48300,-434.9
48348,-433.4
48397,-431.86
48445,-430.28
48493,-428.67
48540,-427.02
48588,-425.33
48636,-423.63
48684,-421.92
48732,-420.2
48780,-418.47
48828,-416.72
48875,-414.95
48923,-413.19
48971,-411.44
49018,-409.7
49066,-407.97
49113,-406.25
49161,-404.54
49208,-402.83
49256,-401.13
49303,-399.44
49351,-397.75
49398,-396.06
49446,-394.37
49493,-392.68
49540,-391
49587,-389.31
49635,-387.63
49682,-385.95
49729,-384.26
49776,-382.57
49823,-380.88
49870,-379.19
49917,-377.49
49964,-375.79
50011,-374.08
50058,-372.38
50105,-370.67
50152,-368.96
50199,-367.27
50245,-365.6
50292,-363.94
50339,-362.29
50385,-360.66
50432,-359.04
50479,-357.43
50525,-355.84
50572,-354.26
50619,-352.69
50665,-351.15
50712,-349.61
50758,-348.09
50804,-346.59
50851,-345.1
50897,-343.62
50944,-342.16
50990,-340.71
51036,-339.27
51083,-337.83
51129,-336.41
51175,-334.99
51221,-333.58
51268,-332.17
51314,-330.77
51360,-329.37
51406,-327.97
51452,-326.57
51498,-325.18
51544,-323.79
51590,-322.42
51636,-321.07
51682,-319.73
51728,-318.4
51774,-317.09
51820,-315.8
51866,-314.52
51912,-313.26
51958,-312.02
52003,-310.79
52049,-309.6
52095,-308.45
52141,-307.34
52186,-306.27
52232,-305.24
52278,-304.26
52323,-303.31
52369,-302.41
52415,-301.55
52460,-300.73
52506,-299.95
52551,-299.22
52597,-298.54
52642,-297.92
52688,-297.34
52733,-296.81
52779,-296.34
52824,-295.91
52869,-295.54
52915,-295.21
52960,-294.94
53006,-294.72
53051,-294.55
53096,-294.41
53141,-294.31
53187,-294.25
53232,-294.23
53277,-294.22
53323,-294.22
53368,-294.21
53413,-294.2
53458,-294.1900000000001
53503,-294.1800000000001
53549,-294.1700000000001
53594,-294.1600000000001
53639,-294.1500000000001
53684,-294.1400000000001
53729,-294.1300000000001
53774,-294.1200000000001
53819,-294.1100000000001
53865,-294.1000000000001
53910,-294.0900000000001
53955,-294.0800000000002
54000,-294.0700000000002
54045,-294.0600000000002
54090,-294.0500000000002
54135,-294.0400000000002
54180,-294.0300000000002
54225,-294.0200000000002
54270,-294.0100000000002
54315,-294.0000000000002
54360,-293.9900000000002
54405,-293.9800000000002
54450,-293.9700000000003
54495,-293.9600000000003
54540,-293.9500000000003
54585,-293.9400000000003
54630,-293.9300000000003
54675,-293.9200000000003
54720,-293.9100000000003
54765,-293.9000000000003
54810,-293.8900000000003
54855,-293.8800000000003
54900,-293.8700000000003
54945,-293.8600000000004
54990,-293.8500000000004
55035,-293.8400000000004
55080,-293.8300000000004
55125,-293.8200000000004
55170,-293.8100000000004
55215,-293.8000000000004
55260,-293.7900000000004
55305,-293.7800000000004
55350,-293.7700000000004
55395,-293.7600000000004
55440,-293.7500000000005
55485,-293.7400000000005
55530,-293.7300000000005
55575,-293.7200000000005
55620,-293.7100000000005
55665,-293.7000000000005
55710,-293.6900000000005
55755,-293.6800000000005
55800,-293.6700000000005
55845,-293.6600000000005
55890,-293.6500000000005
55935,-293.6400000000006
55980,-293.6300000000006
56025,-293.6200000000006
56070,-293.6100000000006
56115,-293.6000000000006
56160,-293.5900000000006
56205,-293.5800000000006
56250,-293.5700000000006
56295,-293.5600000000006
56340,-293.5500000000006
56385,-293.5400000000006
56430,-293.5300000000007
56475,-293.5200000000007
56520,-293.5100000000007
56565,-293.5000000000007
56610,-293.4900000000007
56655,-293.4800000000007
56700,-293.4700000000007
56745,-293.4600000000007
56790,-293.4500000000007
56835,-293.4400000000007
56880,-293.4300000000007
56925,-293.4200000000008
56970,-293.4100000000008
57015,-293.4000000000008
57060,-293.3900000000008
57105,-293.3800000000008
57150,-293.3700000000008
57195,-293.3600000000008
57241,-293.3500000000008
57286,-293.3400000000008
57331,-293.3300000000008
57376,-293.3200000000008
57421,-293.3100000000009
57466,-293.3000000000009
57511,-293.2900000000009
57556,-293.2800000000009
57602,-293.2700000000009
57647,-293.2600000000009
57692,-293.2500000000009
57737,-293.2400000000009
57782,-293.2300000000009
57827,-293.2200000000009
57873,-293.2100000000009
57918,-293.200000000001
57963,-293.190000000001
58008,-293.180000000001
58053,-293.170000000001
58099,-293.160000000001
58144,-293.150000000001
58189,-293.140000000001
58234,-293.130000000001
58280,-293.120000000001
58325,-293.110000000001
58370,-293.100000000001
58415,-293.0900000000011
58461,-293.0800000000011
58506,-293.0700000000011
58551,-293.0600000000011
58597,-293.0500000000011
58642,-293.0400000000011
58687,-293.0300000000011
58733,-293.0200000000011
58778,-293.0100000000011
58823,-293.0000000000011
58869,-292.9900000000011
58914,-292.9800000000012
58960,-292.9700000000012
59005,-292.9600000000012
59050,-292.9500000000012
59096,-292.9400000000012
59141,-292.9300000000012
59187,-292.9200000000012
59232,-292.9100000000012
59277,-292.9000000000012
59323,-292.8900000000012
59368,-292.8800000000012
59414,-292.8700000000013
59459,-292.8600000000013
59505,-292.8500000000013
59550,-292.8400000000013
59596,-292.8300000000013
59641,-292.8200000000013
59687,-292.8100000000013
59732,-292.8000000000013
59778,-292.7900000000013
59824,-292.7800000000013
59869,-292.7700000000013
59915,-292.7600000000014
59960,-292.7500000000014
60006,-292.7400000000014
60051,-292.7300000000014
60097,-292.7200000000014
60143,-292.7100000000014
60188,-292.7000000000014
60234,-292.6900000000014
60280,-292.6800000000014
60325,-292.6700000000014
60371,-292.6600000000014
60417,-292.6500000000015
60463,-292.6400000000015
60508,-292.6300000000015
60554,-292.6200000000015
60600,-292.6100000000015
60646,-292.6000000000015
60691,-292.5900000000015
60737,-292.5800000000015
60783,-292.5700000000015
60829,-292.5600000000015
60875,-292.5500000000015
60921,-292.5400000000016
60966,-292.5300000000016
61012,-292.5200000000016
61058,-292.5100000000016
61104,-292.5000000000016
61150,-292.4900000000016
61196,-292.4800000000016
61242,-292.4700000000016
61288,-292.4600000000016
61334,-292.4500000000016
61380,-292.4400000000016
61426,-292.4300000000017
61472,-292.4200000000017
61518,-292.4100000000017
61564,-292.4000000000017
61610,-292.3900000000017
61656,-292.3800000000017
61702,-292.3700000000017
61749,-292.3600000000017
61795,-292.3500000000017
61841,-292.3400000000017
61887,-292.3300000000017
61933,-292.3200000000018
61979,-292.3100000000018
62026,-292.3000000000018
62072,-292.2900000000018
62118,-292.2800000000018
62164,-292.2700000000018
62210,-292.2600000000018
62257,-292.2500000000018
62303,-292.2400000000018
62349,-292.2300000000018
62396,-292.2200000000018
62442,-292.2100000000019
62488,-292.2000000000019
62535,-292.1900000000019
62581,-292.1800000000019
62627,-292.1700000000019
62674,-292.1600000000019
62720,-292.1500000000019
62767,-292.1400000000019
62813,-292.1300000000019
62859,-292.1200000000019
62906,-292.1100000000019
62952,-292.100000000002
62999,-292.090000000002
63045,-292.080000000002
63092,-292.070000000002
63138,-292.060000000002
63185,-292.050000000002
63231,-292.040000000002
63278,-292.030000000002
63324,-292.020000000002
63371,-292.010000000002
63417,-292.000000000002
63464,-291.9900000000021
63510,-291.9800000000021
63557,-291.9700000000021
63604,-291.9600000000021
63650,-291.9500000000021
63697,-291.9400000000021
63743,-291.9300000000021
63790,-291.9200000000021
63837,-291.9100000000021
63883,-291.9000000000021
63930,-291.8900000000021
63976,-291.8800000000022
64023,-291.8700000000022
64070,-291.8600000000022
64116,-291.8500000000022
64163,-291.8400000000022
64209,-291.8300000000022
64256,-291.8200000000022
64303,-291.8100000000022
64349,-291.8000000000022
64396,-291.7900000000022
64443,-291.7800000000022
64489,-291.7700000000023
64536,-291.7600000000023
64583,-291.7500000000023
64629,-291.7400000000023
64676,-291.7300000000023
64723,-291.7200000000023
64769,-291.7100000000023
64816,-291.7000000000023
64863,-291.6900000000023
64910,-291.6800000000023
64956,-291.6700000000023
65003,-291.6600000000024
65050,-291.6500000000024
65096,-291.6400000000024
65143,-291.6300000000024
65190,-291.6200000000024
65237,-291.6100000000024
65283,-291.6000000000024
65330,-291.5900000000024
65377,-291.5800000000024
65424,-291.5700000000024
65470,-291.5600000000024
65517,-291.5500000000025
65564,-291.5400000000025
65611,-291.5300000000025
65657,-291.5200000000025
65704,-291.5100000000025
65751,-291.5000000000025
65798,-291.4900000000025
65845,-291.4800000000025
65891,-291.4700000000025
65938,-291.4600000000025
65985,-291.4500000000025
66032,-291.4400000000026
66078,-291.4300000000026
66125,-291.4200000000026
66172,-291.4100000000026
66219,-291.4000000000026
66266,-291.3900000000026
66312,-291.3800000000026
66359,-291.3700000000026
66406,-291.3600000000026
66453,-291.3500000000026
66499,-291.3400000000026
66546,-291.3300000000027
66593,-291.3200000000027
66640,-291.3100000000027
66687,-291.3000000000027
66733,-291.2900000000027
66780,-291.2800000000027
66827,-291.2700000000027
66874,-291.2600000000027
66921,-291.2500000000027
66968,-291.2400000000027
67014,-291.2300000000027
67061,-291.2200000000028
67108,-291.2100000000028
67155,-291.2000000000028
67202,-291.1900000000028
67248,-291.1800000000028
67295,-291.1700000000028
67342,-291.1600000000028
67389,-291.1500000000028
67436,-291.1400000000028
67483,-291.1300000000028
67529,-291.1200000000028
67576,-291.1100000000029
67623,-291.1000000000029
67670,-291.0900000000029
67717,-291.0800000000029
67764,-291.0700000000029
67810,-291.0600000000029
67857,-291.0500000000029
67904,-291.0400000000029
67951,-291.0300000000029
67998,-291.0200000000029
68045,-291.0100000000029
68091,-291.000000000003
68138,-290.990000000003
68185,-290.980000000003
68232,-290.970000000003
68279,-290.960000000003
68326,-290.950000000003
68372,-290.940000000003
68419,-290.930000000003
68466,-290.920000000003
68513,-290.910000000003
68560,-290.900000000003
68607,-290.8900000000031
68653,-290.8800000000031
68700,-290.8700000000031
68747,-290.8600000000031
68794,-290.8500000000031
68841,-290.8400000000031
68888,-290.8300000000031
68935,-290.8200000000031
68982,-290.8100000000031
69028,-290.8000000000031
69075,-290.7900000000031
69122,-290.7800000000032
69169,-290.7700000000032
69216,-290.7600000000032
69263,-290.7500000000032
69310,-290.7400000000032
69357,-290.7300000000032
69403,-290.7200000000032
69450,-290.7100000000032
69497,-290.7000000000032
69544,-290.6900000000032
69591,-290.6800000000032
69638,-290.6700000000033
69685,-290.6600000000033
69731,-290.6500000000033
69778,-290.6400000000033
69825,-290.6300000000033
69872,-290.6200000000033
69919,-290.6100000000033
69966,-290.6000000000033
70013,-290.5900000000033
70060,-290.5800000000033
70107,-290.5700000000033
70153,-290.5600000000034
70200,-290.5500000000034
70247,-290.5400000000034
70294,-290.5300000000034
70341,-290.5200000000034
70388,-290.5100000000034
70435,-290.5000000000034
70482,-290.4900000000034
70529,-290.4800000000034
70576,-290.4700000000034
70622,-290.4600000000034
70669,-290.4500000000035
70716,-290.4400000000035
70763,-290.4300000000035
70810,-290.4200000000035
70857,-290.4100000000035
70904,-290.4000000000035
70951,-290.3900000000035
70998,-290.3800000000035
71044,-290.3700000000035
71091,-290.3600000000035
71138,-290.3500000000035
71185,-290.3400000000036
71232,-290.3300000000036
71279,-290.3200000000036
71326,-290.3100000000036
71373,-290.3000000000036
71420,-290.2900000000036
71467,-290.2800000000036
71514,-290.2700000000036
71561,-290.2600000000036
71608,-290.2500000000036
71655,-290.2400000000036
71702,-290.2300000000037
71748,-290.2200000000037
71795,-290.2100000000037
71842,-290.2000000000037
71889,-290.1900000000037
71936,-290.1800000000037
71983,-290.1700000000037
72030,-290.1600000000037
72077,-290.1500000000037
72124,-290.1400000000037
72171,-290.1300000000037
72218,-290.1200000000038
72265,-290.1100000000038
72312,-290.1000000000038
72359,-290.0900000000038
72406,-290.0800000000038
72453,-290.0700000000038
72500,-290.0600000000038
72547,-290.0500000000038
72594,-290.0400000000038
72641,-290.0300000000038
72688,-290.0200000000038
72735,-290.0100000000039
72782,-290.0000000000039
72829,-289.9900000000039
72876,-289.9800000000039
72923,-289.9700000000039
72970,-289.9600000000039
73017,-289.9500000000039
73064,-289.9400000000039
73111,-289.9300000000039
73158,-289.9200000000039
73204,-289.9100000000039
73251,-289.900000000004
73298,-289.890000000004
73345,-289.880000000004
73392,-289.870000000004
73439,-289.860000000004
73486,-289.850000000004
73533,-289.840000000004
73580,-289.830000000004
73627,-289.820000000004
73674,-289.810000000004
73721,-289.800000000004
73768,-289.7900000000041
73815,-289.7800000000041
73862,-289.7700000000041
73909,-289.7600000000041
73956,-289.7500000000041
74003,-289.7400000000041
74050,-289.7300000000041
74097,-289.7200000000041
74144,-289.7100000000041
74191,-289.7000000000041
74238,-289.6900000000041
74285,-289.6800000000042
74332,-289.6700000000042
74379,-289.6600000000042
74426,-289.6500000000042
74473,-289.6400000000042
74520,-289.6300000000042
74567,-289.6200000000042
74614,-289.6100000000042
74661,-289.6000000000042
74708,-289.5900000000042
74755,-289.5800000000042
74802,-289.5700000000043
74849,-289.5600000000043
74896,-289.5500000000043
74943,-289.5400000000043
74990,-289.5300000000043
75037,-289.5200000000043
75084,-289.5100000000043
75131,-289.5000000000043
75178,-289.4900000000043
75225,-289.4800000000043
75272,-289.4700000000043
75319,-289.4600000000044
75366,-289.4500000000044
75414,-289.4400000000044
75461,-289.4300000000044
75508,-289.4200000000044
75555,-289.4100000000044
75602,-289.4000000000044
75649,-289.3900000000044
75696,-289.3800000000044
75743,-289.3700000000044
75790,-289.3600000000044
75837,-289.3500000000045
75884,-289.3400000000045
75931,-289.3300000000045
75978,-289.3200000000045
76025,-289.3100000000045
76072,-289.3000000000045
76119,-289.2900000000045
76166,-289.2800000000045
76213,-289.2700000000045
76260,-289.2600000000045
76307,-289.2500000000045
76354,-289.2400000000046
76401,-289.2300000000046
76448,-289.2200000000046
76495,-289.2100000000046
76542,-289.2000000000046
76590,-289.1900000000046
76637,-289.1800000000046
76684,-289.1700000000046
76731,-289.1600000000046
76778,-289.1500000000046
76825,-289.1400000000046
76872,-289.1300000000047
76919,-289.1200000000047
76966,-289.1100000000047
77013,-289.1000000000047
77060,-289.0900000000047
77107,-289.0800000000047
77155,-289.0700000000047
77202,-289.0600000000047
77249,-289.0500000000047
77296,-289.0400000000047
77343,-289.0300000000047
77390,-289.0200000000048
77437,-289.0100000000048
77484,-289.0000000000048
77532,-288.9900000000048
77579,-288.9800000000048
77626,-288.9700000000048
77673,-288.9600000000048
77720,-288.9500000000048
77767,-288.9400000000048
77815,-288.9300000000048
77862,-288.9200000000048
77909,-288.9100000000049
77956,-288.9000000000049
78003,-288.8900000000049
78051,-288.8800000000049
78098,-288.8700000000049
78145,-288.8600000000049
78192,-288.8500000000049
78239,-288.8400000000049
78287,-288.8300000000049
78334,-288.8200000000049
78381,-288.8100000000049
78428,-288.800000000005
78476,-288.790000000005
78523,-288.780000000005
78570,-288.770000000005
78617,-288.760000000005
78665,-288.750000000005
78712,-288.740000000005
78759,-288.730000000005
78806,-288.720000000005
78854,-288.710000000005
78901,-288.700000000005
78948,-288.6900000000051
78995,-288.6800000000051
79043,-288.6700000000051
79090,-288.6600000000051
79137,-288.6500000000051
79185,-288.6400000000051
79232,-288.6300000000051
79279,-288.6200000000051
79326,-288.6100000000051
79374,-288.6000000000051
79421,-288.5900000000051
79468,-288.5800000000052
79516,-288.5700000000052
79563,-288.5600000000052
79610,-288.5500000000052
79658,-288.5400000000052
79705,-288.5300000000052
79752,-288.5200000000052
79800,-288.5100000000052
79847,-288.5000000000052
79894,-288.4900000000052
79942,-288.4800000000052
79989,-288.4700000000053
80036,-288.4600000000053
80084,-288.4500000000053
80131,-288.4400000000053
80179,-288.4300000000053
80226,-288.4200000000053
80273,-288.4100000000053
80321,-288.4000000000053
80368,-288.3900000000053
80416,-288.3800000000053
80463,-288.3700000000053
80510,-288.3600000000054
80558,-288.3500000000054
80605,-288.3400000000054
80653,-288.3300000000054
80700,-288.3200000000054
80747,-288.3100000000054
80795,-288.3000000000054
80842,-288.2900000000054
80890,-288.2800000000054
80937,-288.2700000000054
80985,-288.2600000000054
81032,-288.2500000000055
81080,-288.2400000000055
81127,-288.2300000000055
81174,-288.2200000000055
81222,-288.2100000000055
81269,-288.2000000000055
81317,-288.1900000000055
81364,-288.1800000000055
81412,-288.1700000000055
81459,-288.1600000000055
81507,-288.1500000000055
81554,-288.1400000000056
81602,-288.1300000000056
81649,-288.1200000000056
81697,-288.1100000000056
81744,-288.1000000000056
81792,-288.0900000000056
81839,-288.0800000000056
81887,-288.0700000000056
81934,-288.0600000000056
81982,-288.0500000000056
82029,-288.0400000000056
82077,-288.0300000000057
82124,-288.0200000000057
82172,-288.0100000000057
82219,-288.0000000000057
82267,-287.9900000000057
82315,-287.9800000000057
82362,-287.9700000000057
82410,-287.9600000000057
82457,-287.9500000000057
82505,-287.9400000000057
82552,-287.9300000000057
82600,-287.9200000000058
82648,-287.9100000000058
82695,-287.9000000000058
82743,-287.8900000000058
82790,-287.8800000000058
82838,-287.8700000000058
82886,-287.8600000000058
82933,-287.8500000000058
82981,-287.8400000000058
83029,-287.8300000000058
83076,-287.8200000000058
83124,-287.8100000000059
83171,-287.8000000000059
83219,-287.7900000000059
83267,-287.7800000000059
83315,-287.7700000000059
83362,-287.7600000000059
83410,-287.7500000000059
83458,-287.7400000000059
83505,-287.7300000000059
83553,-287.7200000000059
83601,-287.7100000000059
83648,-287.700000000006
83696,-287.690000000006
83744,-287.680000000006
83791,-287.670000000006
83839,-287.660000000006
83887,-287.650000000006
83935,-287.640000000006
83982,-287.630000000006
84030,-287.620000000006
84078,-287.610000000006
84126,-287.600000000006
84173,-287.5900000000061
84221,-287.5800000000061
84269,-287.5700000000061
84317,-287.5600000000061
84364,-287.5500000000061
84412,-287.5400000000061
84460,-287.5300000000061
84508,-287.5200000000061
84555,-287.5100000000061
84603,-287.5000000000061
84651,-287.4900000000061
84699,-287.4800000000062
84746,-287.4700000000062
84794,-287.4600000000062
84842,-287.4500000000062
84890,-287.4400000000062
84938,-287.4300000000062
84985,-287.4200000000062
85033,-287.4100000000062
85081,-287.4000000000062
85129,-287.3900000000062
85177,-287.3800000000062
85225,-287.3700000000063
85272,-287.3600000000063
85320,-287.3500000000063
85368,-287.3400000000063
85416,-287.3300000000063
85464,-287.3200000000063
85512,-287.3100000000063
85560,-287.3000000000063
85607,-287.2900000000063
85655,-287.2800000000063
85703,-287.2700000000063
85751,-287.2600000000064
85799,-287.2500000000064
85847,-287.2400000000064
85895,-287.2300000000064
85943,-287.2200000000064
85990,-287.2100000000064
86038,-287.2000000000064
86086,-287.1900000000064
86134,-287.1800000000064
86182,-287.1700000000064
86230,-287.1600000000064
86278,-287.1500000000065
86326,-287.1400000000065
86374,-287.1300000000065
86422,-287.1200000000065
86470,-287.1100000000065
86517,-287.1000000000065
86565,-287.0900000000065
86613,-287.0800000000065
86661,-287.0700000000065
86709,-287.0600000000065
86757,-287.0500000000065
86805,-287.0400000000066
86853,-287.0300000000066
86901,-287.0200000000066
86949,-287.0100000000066
86997,-287.0000000000066
87045,-286.9900000000066
87093,-286.9800000000066
87141,-286.9700000000066
87189,-286.9600000000066
87237,-286.9500000000066
87285,-286.9400000000066
87333,-286.9300000000067
87381,-286.9200000000067
87429,-286.9100000000067
87477,-286.9000000000067
87525,-286.8900000000067
87573,-286.8800000000067
87621,-286.8700000000067
87669,-286.8600000000067
87717,-286.8500000000067
87766,-286.8400000000067
87814,-286.8300000000067
87862,-286.8200000000068
87910,-286.8100000000068
87958,-286.8000000000068
88006,-286.7900000000068
88054,-286.7800000000068
88102,-286.7700000000068
88150,-286.7600000000068
88199,-286.7500000000068
88247,-286.7400000000068
88295,-286.7300000000068
88343,-286.7200000000068
88391,-286.7100000000069
88439,-286.7000000000069
88488,-286.6900000000069
88536,-286.6800000000069
88584,-286.6700000000069
88632,-286.6600000000069
88680,-286.6500000000069
88728,-286.6400000000069
88777,-286.6300000000069
88825,-286.6200000000069
88873,-286.6100000000069
88921,-286.600000000007
88970,-286.590000000007
89018,-286.580000000007
89066,-286.570000000007
89114,-286.560000000007
89163,-286.550000000007
89211,-286.540000000007
89259,-286.530000000007
89307,-286.520000000007
89356,-286.510000000007
89404,-286.500000000007
89452,-286.4900000000071
89500,-286.4800000000071
89549,-286.4700000000071
89597,-286.4600000000071
89645,-286.4500000000071
89694,-286.4400000000071
89742,-286.4300000000071
89790,-286.4200000000071
89839,-286.4100000000071
89887,-286.4000000000071
89935,-286.3900000000071
89984,-286.3800000000072
90032,-286.3700000000072
90081,-286.3600000000072
90129,-286.3500000000072
90177,-286.3400000000072
90226,-286.3300000000072
90274,-286.3200000000072
90323,-286.3100000000072
90371,-286.3000000000072
90420,-286.2900000000072
90468,-286.2800000000072
90516,-286.2700000000073
90565,-286.2600000000073
90613,-286.2500000000073
90662,-286.2400000000073
90710,-286.2300000000073
90759,-286.2200000000073
90808,-286.2100000000073
90856,-286.2000000000073
90905,-286.1900000000073
90953,-286.1800000000073
91002,-286.1700000000073
91050,-286.1600000000074
91099,-286.1500000000074
91147,-286.1400000000074
91196,-286.1300000000074
91245,-286.1200000000074
91293,-286.1100000000074
91342,-286.1000000000074
91390,-286.0900000000074
91439,-286.0800000000074
91488,-286.0700000000074
91536,-286.0600000000074
91585,-286.0500000000075
91633,-286.0400000000075
91682,-286.0300000000075
91731,-286.0200000000075
91779,-286.0100000000075
91828,-286.0000000000075
91877,-285.9900000000075
91925,-285.9800000000075
91974,-285.9700000000075
92023,-285.9600000000075
92071,-285.9500000000075
92120,-285.9400000000076
92169,-285.9300000000076
92217,-285.9200000000076
92266,-285.9100000000076
92315,-285.9000000000076
92363,-285.8900000000076
92412,-285.8800000000076
92461,-285.8700000000076
92510,-285.8600000000076
92558,-285.8500000000076
92607,-285.8400000000076
92656,-285.8300000000077
92704,-285.8200000000077
92753,-285.8100000000077
92802,-285.8000000000077
92851,-285.7900000000077
92899,-285.7800000000077
92948,-285.7700000000077
92997,-285.7600000000077
93046,-285.7500000000077
93094,-285.7400000000077
93143,-285.7300000000077
93192,-285.7200000000078
93241,-285.7100000000078
93290,-285.7000000000078
93338,-285.6900000000078
93387,-285.6800000000078
93436,-285.6700000000078
93485,-285.6600000000078
93533,-285.6500000000078
93582,-285.6400000000078
93631,-285.6300000000078
93680,-285.6200000000078
93729,-285.6100000000079
93777,-285.6000000000079
93826,-285.5900000000079
93875,-285.5800000000079
93924,-285.5700000000079
93973,-285.5600000000079
94021,-285.5500000000079
94070,-285.5400000000079
94119,-285.5300000000079
94168,-285.5200000000079
94217,-285.5100000000079
94266,-285.500000000008
94314,-285.490000000008
94363,-285.480000000008
94412,-285.470000000008
94461,-285.460000000008
94510,-285.450000000008
94559,-285.440000000008
94608,-285.430000000008
94656,-285.420000000008
94705,-285.410000000008
94754,-285.400000000008
94803,-285.3900000000081
94852,-285.3800000000081
94901,-285.3700000000081
94950,-285.3600000000081
94999,-285.3500000000081
95048,-285.3400000000081
95097,-285.3300000000081
95145,-285.3200000000081
95194,-285.3100000000081
95243,-285.3000000000081
95292,-285.2900000000081
95341,-285.2800000000082
95390,-285.2700000000082
95439,-285.2600000000082
95488,-285.2500000000082
95537,-285.2400000000082
95586,-285.2300000000082
95635,-285.2200000000082
95684,-285.2100000000082
95733,-285.2000000000082
95782,-285.1900000000082
95831,-285.1800000000082
95880,-285.1700000000083
95929,-285.1600000000083
95978,-285.1500000000083
96027,-285.1400000000083
96076,-285.1300000000083
96125,-285.1200000000083
96174,-285.1100000000083
96223,-285.1000000000083
96272,-285.0900000000083
96321,-285.0800000000083
96370,-285.0700000000083
96418,-285.0600000000084
96467,-285.0500000000084
96516,-285.0400000000084
96565,-285.0300000000084
96614,-285.0200000000084
96663,-285.0100000000084
96712,-285.0000000000084
96761,-284.9900000000084
96810,-284.9800000000084
96859,-284.9700000000084
96908,-284.9600000000084
96956,-284.9500000000085
97005,-284.9400000000085
97054,-284.9300000000085
97103,-284.9200000000085
97152,-284.9100000000085
97201,-284.9000000000085
97250,-284.8900000000085
97299,-284.8800000000085
97348,-284.8700000000085
97396,-284.8600000000085
97445,-284.8500000000085
97494,-284.8400000000086
97543,-284.8300000000086
97592,-284.8200000000086
97641,-284.8100000000086
97690,-284.8000000000086
97739,-284.7900000000086
97788,-284.7800000000086
97836,-284.7700000000086
97885,-284.7600000000086
97934,-284.7500000000086
97983,-284.7400000000086
98032,-284.7300000000087
98081,-284.7200000000087
98130,-284.7100000000087
98179,-284.7000000000087
98228,-284.6900000000087
98277,-284.6800000000087
98326,-284.6700000000087
98375,-284.6600000000087
98423,-284.6500000000087
98472,-284.6400000000087
98521,-284.6300000000087
98570,-284.6200000000088
98619,-284.6100000000088
98668,-284.6000000000088
98717,-284.5900000000088
98765,-284.5800000000088
98814,-284.5700000000088
98863,-284.5600000000088
98912,-284.5500000000088
98961,-284.5400000000088
99010,-284.5300000000088
99058,-284.5200000000088
99107,-284.5100000000089
99156,-284.5000000000089
99205,-284.4900000000089
99254,-284.4800000000089
99302,-284.4700000000089
99351,-284.4600000000089
99400,-284.4500000000089
99449,-284.4400000000089
99497,-284.4300000000089
99546,-284.4200000000089
99595,-284.4100000000089
99644,-284.400000000009
99692,-284.390000000009
99741,-284.380000000009
99790,-284.370000000009
99838,-284.360000000009
99887,-284.350000000009
99936,-284.340000000009
99985,-284.330000000009
100030,-284.320000000009
100080,-284.310000000009
100130,-284.300000000009
100180,-284.2900000000091
100230,-284.2800000000091
100280,-284.2700000000091
100330,-284.2600000000091
100370,-284.2500000000091
100420,-284.2400000000091
100470,-284.2300000000091
100520,-284.2200000000091
100570,-284.2100000000091
100620,-284.2000000000091
100670,-284.1900000000091
100720,-284.1800000000092
100760,-284.1700000000092
100810,-284.1600000000092
100860,-284.1500000000092
100910,-284.1400000000092
100960,-284.1300000000092
101010,-284.1200000000092
101060,-284.1100000000092
101100,-284.1000000000092
101150,-284.0900000000092
101200,-284.0800000000092
101250,-284.0700000000093
101300,-284.0600000000093
101350,-284.0500000000093
101400,-284.0400000000093
101440,-284.0300000000093
101490,-284.0200000000093
101540,-284.0100000000093
101590,-284.0000000000093
101640,-283.9900000000093
101690,-283.9800000000093
101740,-283.9700000000093
101780,-283.9600000000094
101830,-283.9500000000094
101880,-283.9400000000094
101930,-283.9300000000094
101980,-283.9200000000094
102030,-283.9100000000094
102070,-283.9000000000094
102120,-283.8900000000094
102170,-283.8800000000094
102220,-283.8700000000094
102270,-283.8600000000094
102320,-283.8500000000095
102360,-283.8400000000095
102410,-283.8300000000095
102460,-283.8200000000095
102510,-283.8100000000095
102560,-283.8000000000095
102610,-283.7900000000095
102660,-283.7800000000095
102700,-283.7700000000095
102750,-283.7600000000095
102800,-283.7500000000095
102850,-283.7400000000096
102900,-283.7300000000096
102950,-283.7200000000096
102990,-283.7100000000096
103040,-283.7000000000096
103090,-283.6900000000096
103140,-283.6800000000096
103190,-283.6700000000096
103240,-283.6600000000096
103280,-283.6500000000096
103330,-283.6400000000096
103380,-283.6300000000097
103430,-283.6200000000097
103480,-283.6100000000097
103520,-283.6000000000097
103570,-283.5900000000097
103620,-283.5800000000097
103670,-283.5700000000097
103720,-283.5600000000097
103770,-283.5500000000097
103810,-283.5400000000097
103860,-283.5300000000097
103910,-283.5200000000098
103960,-283.5100000000098
104010,-283.5000000000098
104050,-283.4900000000098
104100,-283.4800000000098
104150,-283.4700000000098
104200,-283.4600000000098
104250,-283.4500000000098
104300,-283.4400000000098
104340,-283.4300000000098
104390,-283.4200000000098
104440,-283.4100000000099
104490,-283.4000000000099
104540,-283.3900000000099
104580,-283.3800000000099
104630,-283.3700000000099
104680,-283.3600000000099
104730,-283.3500000000099
104780,-283.3400000000099
104820,-283.3300000000099
104870,-283.3200000000099
104920,-283.3100000000099
104970,-283.30000000001
105020,-283.29000000001
105070,-283.28000000001
105110,-283.27000000001
105160,-283.26000000001
105210,-283.25000000001
105260,-283.24000000001
105310,-283.23000000001
105350,-283.22000000001
105400,-283.21000000001
105450,-283.20000000001
105500,-283.1900000000101
105550,-283.1800000000101
105590,-282.82
105640,-282.3
105690,-281.83
105740,-281.43
105790,-281.09
105830,-280.84
105880,-280.66
105930,-280.56
105980,-280.55
106030,-280.54
106070,-280.53
106120,-280.52
106170,-280.51
106220,-280.5000000000001
106270,-280.4900000000001
106310,-280.4800000000001
106360,-280.4700000000001
106410,-280.4600000000001
106460,-280.4500000000001
106510,-280.4400000000001
106550,-280.4300000000001
106600,-280.4200000000001
106650,-280.4100000000001
106700,-280.4000000000001
106750,-279.79
106790,-278.94
106840,-277.9
106890,-276.67
106940,-275.25
106990,-273.63
107030,-271.83
107080,-269.83
107130,-267.64
107180,-265.29
107230,-262.84
107270,-260.3
107320,-257.66
107370,-254.92
107420,-252.09
107470,-249.15
107510,-246.12
107560,-242.98
107610,-239.74
107660,-236.4
107710,-235.35
107750,-234.39
107800,-233.52
107850,-232.76
107900,-232.11
107950,-231.58
107990,-231.17
108040,-230.89
108090,-230.74
108140,-230.73
108190,-230.72
108230,-230.71
108280,-230.7
108330,-230.69
108380,-230.68
108430,-230.67
108470,-230.6600000000001
108520,-230.38
108570,-229.76
108620,-228.97
108670,-228
108710,-226.84
108760,-225.47
108810,-224.11
108860,-222.77
108910,-221.46
108950,-220.18
109000,-218.94
109050,-217.75
109100,-216.62
109150,-215.55
109190,-214.56
109240,-213.66
109290,-212.86
109340,-212.07
109390,-211.27
109430,-210.45
109480,-209.6
109530,-208.7
109580,-207.74
109620,-206.71
109670,-205.6
109720,-204.39
109770,-203.07
109820,-201.61
109860,-200.05
109910,-198.4
109960,-196.66
110010,-194.85
