0,-798.17
835.5700000000001,-797.84
1675.7,-797.47
2506.1,-797.1900000000001
3361.4,-796.89
4294.2,-796.5
5306.7,-796.08
6336.6,-795.63
7425,-795.16
8530.6,-794.6799999999999
9626.6,-794.17
10755,-793.61
11891,-792.98
13013,-792.3
14105,-791.64
15224,-790.92
16363,-790.21
17481,-789.52
18589,-788.8099999999999
19722,-788.11
20847,-787.38
21979,-786.64
23106,-785.9
24242,-785.14
25360,-784.34
26476,-783.46
27618,-782.54
28762,-781.62
29902,-780.76
31043,-779.89
32178,-779
33303,-778.12
34421,-777.23
35538,-776.3200000000001
36654,-775.4299999999999
37752,-774.61
38839,-773.75
39917,-772.89
40999,-772.03
42086,-771.1900000000001
43164,-770.4
44238,-769.62
45310,-768.87
46384,-768.13
47451,-767.4
48517,-766.6900000000001
49587,-766.01
50648,-765.34
51698,-764.67
52750,-764.01
53800,-763.3200000000001
54853,-762.48
55905,-761.59
56956,-760.6900000000001
58009,-759.8
59062,-758.86
60113,-757.86
61167,-756.89
62218,-755.65
63261,-754.49
64300,-753.13
65338,-751.7
66380,-750.14
67424,-748.61
68460,-747.05
69496,-745.6799999999999
70535,-744.0599999999999
71572,-742.35
72603,-740.65
73639,-738.91
74681,-737.16
75725,-735.53
76769,-733.78
77819,-732.15
78867,-730.45
79903,-728.85
80946,-727.17
81988,-725.46
83016,-723.75
84029,-722.04
85057,-720.21
86096,-718.36
87127,-716.5599999999999
88154,-714.66
89195,-712.78
90253,-710.9
91319,-709.02
92385,-707.1
93449,-705.17
94519,-703.26
95588,-701.3
96652,-699.34
97731,-697.48
98822,-695.67
99900,-693.8099999999999
100970,-691.91
102030,-689.97
103070,-688.02
104120,-686.01
105160,-683.97
106190,-681.91
107230,-679.8200000000001
108260,-677.74
109290,-675.59
110320,-673.4400000000001
111350,-671.3200000000001
112370,-669.21
113390,-667.11
114390,-664.96
115400,-662.79
116400,-660.66
117390,-658.5599999999999
118380,-656.53
119370,-654.54
120360,-652.59
121340,-650.61
122340,-648.6
123340,-646.55
124340,-644.51
125330,-642.47
126320,-640.4400000000001
127310,-638.45
128300,-636.48
129280,-634.52
130260,-632.5700000000001
131240,-630.71
132220,-628.9
133200,-627.14
134180,-625.34
135160,-623.58
136130,-621.85
137110,-620.17
138090,-618.55
139070,-616.9299999999999
140050,-615.33
141030,-613.6799999999999
142010,-612.0700000000001
142980,-610.46
143960,-608.83
144930,-607.17
145900,-605.45
146870,-603.73
147840,-602.03
148810,-600.33
149790,-598.66
150760,-597
151740,-595.3200000000001
152700,-593.62
153680,-591.86
154660,-590.09
155630,-588.34
156600,-586.5700000000001
157570,-584.8200000000001
158540,-583.08
159510,-581.33
160470,-579.61
161450,-577.91
162420,-576.21
163400,-574.5700000000001
164370,-572.9400000000001
165350,-571.33
166320,-569.6900000000001
167300,-568.03
168280,-566.38
169260,-564.74
170230,-563.11
171210,-561.47
172190,-559.83
173160,-558.1799999999999
174140,-556.54
175120,-554.9
176100,-553.26
177080,-551.64
178060,-550.0599999999999
179040,-548.53
180020,-546.98
181000,-545.4
181980,-543.79
182960,-542.26
183960,-540.8
184950,-539.34
185950,-537.92
186950,-536.52
187940,-535.17
188930,-533.88
189940,-532.67
190940,-531.53
191950,-530.4299999999999
192950,-529.36
193960,-528.34
194970,-527.34
195980,-526.34
197000,-525.3099999999999
198020,-524.25
199040,-523.1900000000001
200050,-522.09
201070,-520.98
202110,-519.89
203140,-518.86
204170,-517.85
205200,-516.86
206240,-515.85
207280,-514.8099999999999
208330,-513.71
209370,-512.51
210420,-511.31
211470,-510.11
212510,-508.93
213570,-507.79
214640,-506.65
215710,-505.46
216770,-504.25
217840,-503.07
218900,-501.87
219980,-500.64
221060,-499.48
222140,-498.39
223220,-497.37
224310,-496.37
225390,-495.37
226480,-494.34
227570,-493.24
228670,-492.11
229770,-490.96
230870,-489.83
231980,-488.68
233080,-487.51
234190,-486.34
235310,-485.18
236420,-484.02
237540,-482.85
238650,-481.64
239780,-480.37
240910,-479.13
242050,-477.9
243190,-476.69
244330,-475.5
245470,-474.34
246610,-473.22
247740,-472.15
248880,-471.11
250010,-470.09
251120,-469.07
252240,-468.07
253340,-467.03
254450,-465.99
255560,-464.97
256660,-463.95
257770,-463
258860,-462.03
259950,-461.08
261040,-460.13
262130,-459.18
263210,-458.24
264290,-457.25
265360,-456.3
266430,-455.32
267500,-454.33
268570,-453.32
269650,-452.33
270710,-451.34
271770,-450.37
272840,-449.45
273890,-448.57
274940,-447.71
275980,-446.87
277010,-446.01
278050,-445.15
279090,-444.25
280120,-443.34
281130,-442.37
282140,-441.39
283170,-440.38
284200,-439.33
285230,-438.2
286240,-437.09
287250,-436.04
288260,-435.01
289250,-433.88
290240,-432.72
291210,-431.6
292190,-430.48
293170,-429.38
294140,-428.24
295120,-427.06
296100,-425.85
297070,-424.64
298030,-423.42
298990,-422.22
299940,-421.02
300890,-419.82
301840,-418.61
302780,-417.39
303730,-416.19
304670,-415.02
305620,-413.91
306550,-412.86
307490,-411.89
308410,-410.98
309340,-410.12
310260,-409.32
311190,-408.59
312110,-407.89
313020,-407.31
313930,-406.87
314840,-406.48
315750,-406.06
316650,-405.64
317560,-405.2
318470,-404.77
319370,-404.39
320280,-404
321180,-403.6
322080,-403.19
322970,-402.77
323870,-402.33
324760,-401.87
325650,-401.36
326540,-400.88
327420,-400.42
328300,-399.98
329180,-399.61
330060,-399.27
330930,-398.94
331810,-398.59
332690,-398.23
333560,-397.87
334430,-397.48
335300,-397.06
336170,-396.6
337030,-396.14
337890,-395.66
338750,-395.2
339610,-394.73
340470,-394.23
341340,-393.72
342200,-393.17
343060,-392.61
343930,-392.05
344790,-391.44
345640,-390.83
346500,-390.19
347360,-389.54
348210,-388.86
349070,-388.18
349920,-387.47
350770,-386.76
351630,-386.07
352480,-385.4
353330,-384.78
354190,-384.18
355050,-383.63
355910,-383.12
356760,-382.63
357610,-382.2
358470,-381.72
359320,-381.27
360170,-380.83
361020,-380.43
361870,-380.02
362730,-379.62
363580,-379.23
364420,-378.86
365260,-378.51
366110,-378.18
366960,-377.85
367810,-377.56
368660,-377.3
369510,-377.08
370350,-376.88
371200,-376.71
372050,-376.56
372910,-376.44
373750,-376.28
374600,-376.11
375450,-375.95
376290,-375.79
377140,-375.64
377980,-375.53
378820,-375.43
379660,-375.29
380500,-375.14
381340,-374.98
382180,-374.8
383020,-374.63
383860,-374.43
384700,-374.2
385540,-373.95
386370,-373.66
387210,-373.34
388050,-373.01
388890,-372.68
389730,-372.38
390560,-372.1
391400,-371.81
392240,-371.51
393080,-371.15
393910,-370.73
394750,-370.25
395590,-369.72
396420,-369.15
397260,-368.54
398100,-367.93
398930,-367.26
399770,-366.57
400600,-365.88
401440,-365.18
402270,-364.45
403110,-363.73
403940,-363.01
404780,-362.33
405610,-361.67
406440,-360.99
407270,-360.32
408110,-359.64
408940,-358.96
409770,-358.24
410600,-357.5
411440,-356.7
412270,-355.87
413100,-355.02
413930,-354.16
414760,-353.3
415590,-352.47
416420,-351.67
417250,-350.91
418080,-350.16
418910,-349.43
419740,-348.74
420570,-348.06
421400,-347.39
422230,-346.72
423050,-346.06
423880,-345.4
424710,-344.74
425540,-344.12
426370,-343.52
427190,-342.91
428020,-342.33
428850,-341.78
429670,-341.24
430500,-340.67
431330,-340.09
432150,-339.49
432980,-338.9
433800,-338.36
434630,-337.84
435450,-337.31
436280,-336.77
437100,-336.26
437930,-335.75
438750,-335.22
439570,-334.66
440400,-334.03
441220,-333.39
442040,-332.75
442870,-332.05
443690,-331.33
444510,-330.63
445340,-329.98
446160,-329.28
446980,-328.57
447800,-327.89
448620,-327.25
449440,-326.61
450260,-325.97
451080,-325.34
451910,-324.66
452730,-323.94
453550,-323.24
454370,-322.55
455190,-321.9
456000,-321.23
456820,-320.59
457640,-319.99
458460,-319.4
459280,-318.75
460100,-318.06
460910,-317.38
461730,-316.67
462550,-315.97
463370,-315.25
464180,-314.55
465000,-313.86
465820,-313.21
466630,-312.6
467450,-312
468270,-311.45
469080,-310.95
469900,-310.49
470720,-310.01
471530,-309.57
472350,-309.15
473160,-308.74
473980,-308.32
474790,-307.89
475610,-307.5
476420,-307.04
477240,-306.57
478050,-306.1
478870,-305.66
479680,-305.24
480500,-304.83
481310,-304.4
482120,-303.98
482940,-303.54
483750,-303.1
484570,-302.77
485380,-302.56
486190,-302.43
487010,-302.27
487820,-302.03
488630,-301.74
489450,-301.47
490260,-301.24
491070,-301
491890,-300.79
492700,-300.66
493510,-300.57
494320,-300.51
495140,-300.45
495950,-300.41
496760,-300.37
497570,-300.26
498390,-300.12
499200,-299.97
500010,-299.82
500820,-299.69
501630,-299.6
502450,-299.53
503260,-299.48
504070,-299.44
504880,-299.4
505690,-299.36
506500,-299.32
507310,-299.27
508130,-299.2
508940,-299.12
509750,-299
510560,-298.85
511370,-298.69
512180,-298.57
512990,-298.46
513800,-298.36
514610,-298.25
515420,-298.1
516240,-297.95
517050,-297.82
517860,-297.65
518670,-297.45
519480,-297.25
520290,-297.07
521100,-296.88
521910,-296.77
522720,-296.67
523530,-296.57
524340,-296.5
525150,-296.46
525960,-296.39
526770,-296.27
527580,-296.2
528390,-296.14
529200,-296.06
530010,-295.92
530820,-295.79
531630,-295.65
532440,-295.53
533250,-295.44
534060,-295.4
534870,-295.36
535680,-295.31
536490,-295.22
537300,-295.17
538110,-295.1
538920,-295.05
539730,-295
540540,-294.99
541350,-294.98
542160,-294.97
542970,-294.96
543780,-294.95
544590,-294.9400000000001
545400,-294.9300000000001
546210,-294.9200000000001
547020,-294.9100000000001
547830,-294.9000000000001
548640,-294.8900000000001
549450,-294.8800000000001
550260,-294.8700000000001
551070,-294.8600000000001
551880,-294.8500000000001
552690,-294.8400000000001
553500,-294.8300000000002
554310,-294.8200000000002
555120,-294.8100000000002
555940,-294.8000000000002
556750,-294.7900000000002
557560,-294.7800000000002
558370,-294.7700000000002
559180,-294.7600000000002
559990,-294.7500000000002
560800,-294.7400000000002
561610,-294.7300000000002
562420,-294.7200000000003
563230,-294.7100000000003
564040,-294.7000000000003
564860,-294.6900000000003
565670,-294.6800000000003
566480,-294.6700000000003
567290,-294.65
568100,-294.42
568910,-294.26
569720,-294.1
570540,-293.95
571350,-293.76
572160,-293.58
572970,-293.4
573790,-293.19
574600,-292.95
575410,-292.71
576220,-292.47
577040,-292.22
577850,-292.01
578660,-291.83
579470,-291.68
580290,-291.5
581100,-291.29
581910,-291.03
582730,-290.75
583540,-290.43
584350,-290.11
585170,-289.8
585980,-289.51
586800,-289.23
587610,-288.94
588430,-288.65
589240,-288.37
590050,-288.11
590870,-287.87
591680,-287.63
592500,-287.42
593310,-287.19
594130,-286.94
594940,-286.7
595760,-286.46
596580,-286.21
597390,-285.92
598210,-285.61
599020,-285.34
599840,-285.08
600660,-284.81
601470,-284.56
602290,-284.33
603100,-284.1
603920,-283.89
604740,-283.7
605560,-283.52
606370,-283.36
607190,-283.21
608010,-283.06
608830,-282.9
609640,-282.73
610460,-282.6
611280,-282.49
612100,-282.39
612920,-282.31
613740,-282.22
614550,-282.15
615370,-282.05
616190,-281.94
617010,-281.81
617830,-281.68
618650,-281.52
619470,-281.35
620290,-281.17
621110,-280.95
621930,-280.72
622750,-280.5
623570,-280.26
624390,-280.03
625210,-279.78
626030,-279.53
626850,-279.28
627670,-279.02
628490,-278.76
629310,-278.48
630130,-278.23
630950,-277.96
631770,-277.7
632590,-277.44
633410,-277.14
634240,-276.87
635060,-276.6
635880,-276.33
636700,-276.07
637520,-275.79
638340,-275.52
639160,-275.24
639990,-274.94
640810,-274.65
641630,-274.35
642450,-274.05
643270,-273.78
644090,-273.51
644920,-273.24
645740,-272.98
646560,-272.74
647380,-272.5
648210,-272.28
649030,-272.06
649850,-271.85
650670,-271.65
651500,-271.5
652320,-271.36
653140,-271.22
653970,-271.11
654790,-271
655610,-270.87
656440,-270.74
657260,-270.64
658090,-270.55
658910,-270.47
659730,-270.37
660560,-270.3
661380,-270.24
662210,-270.22
663030,-270.21
663860,-270.2
664680,-270.1900000000001
665510,-270.1800000000001
666330,-270.1700000000001
667160,-270.1600000000001
667980,-270.1500000000001
668810,-270.1400000000001
669630,-270.1300000000001
670460,-270.1200000000001
671280,-270.1100000000001
672110,-270.1000000000001
672930,-270.0900000000001
673760,-270.0800000000002
674580,-270.0700000000002
675410,-270.0600000000002
676230,-270.0500000000002
677060,-270.0400000000002
677890,-270.0300000000002
678710,-270.0200000000002
679540,-270.0100000000002
680360,-270.0000000000002
681190,-269.9900000000002
682020,-269.9800000000002
682840,-269.9700000000003
683670,-269.9600000000003
684490,-269.9500000000003
685320,-269.9400000000003
686140,-269.9300000000003
686970,-269.88
687800,-269.69
688620,-269.47
689450,-269.24
690270,-268.98
691100,-268.72
691930,-268.48
692750,-268.22
693580,-267.93
694400,-267.64
695230,-267.35
696050,-267.07
696880,-266.8
697710,-266.55
698530,-266.32
699360,-266.1
700180,-265.89
701010,-265.69
701830,-265.54
702660,-265.4
703490,-265.3
704310,-265.22
705140,-262.75
705960,-262.69
706790,-262.68
707610,-262.67
708440,-262.66
709270,-262.65
710090,-262.64
710920,-262.6300000000001
711750,-262.6200000000001
712570,-262.6100000000001
713400,-262.6000000000001
714220,-262.5900000000001
715050,-262.5800000000001
715870,-262.5700000000001
716700,-262.5600000000001
717530,-262.5500000000001
718350,-262.5400000000001
719180,-262.5300000000001
720000,-262.5200000000002
720830,-262.5100000000002
721650,-262.5000000000002
722480,-262.4900000000002
723300,-262.4800000000002
724130,-262.4700000000002
724950,-262.4600000000002
725780,-262.4500000000002
726600,-262.4400000000002
727430,-262.4300000000002
728250,-262.4200000000002
729080,-262.4100000000003
729900,-262.4000000000003
730730,-262.3900000000003
731550,-262.3800000000003
732380,-262.3700000000003
733200,-262.3600000000003
734030,-262.3500000000003
734850,-262.3400000000003
735680,-262.3300000000003
736500,-262.3200000000003
737330,-262.3100000000003
738150,-262.3000000000004
738970,-262.2900000000004
739800,-262.2800000000004
740620,-262.2700000000004
741450,-262.2600000000004
742270,-262.2500000000004
743090,-262.2400000000004
743920,-262.2300000000004
744740,-262.2200000000004
745560,-262.2100000000004
746390,-262.2000000000004
747210,-262.1900000000005
748040,-262.1800000000005
748860,-262.1700000000005
749680,-262.1600000000005
750510,-262.1500000000005
751330,-262.1400000000005
752150,-262.1300000000005
752980,-262.1200000000005
753800,-262.1100000000005
754630,-262.1000000000005
755450,-262.0900000000005
756270,-262.0800000000006
757100,-262.0700000000006
757920,-262.0600000000006
758740,-262.0500000000006
759570,-262.0400000000006
760390,-262.0300000000006
761210,-262.0200000000006
762040,-262.0100000000006
762860,-262.0000000000006
763680,-261.9900000000006
764510,-261.9800000000006
765330,-261.9700000000007
766150,-261.9600000000007
766970,-261.9500000000007
767800,-261.9400000000007
768620,-261.9300000000007
769440,-261.9200000000007
770260,-261.9100000000007
771090,-261.9000000000007
771910,-261.8900000000007
772730,-261.8800000000007
773550,-261.8700000000007
774370,-261.8600000000008
775200,-261.8500000000008
776020,-261.8400000000008
776840,-261.8300000000008
777660,-261.8200000000008
778480,-261.8100000000008
779300,-261.8000000000008
780130,-261.7900000000008
780950,-261.7800000000008
781770,-261.7700000000008
782590,-261.7600000000008
783410,-261.7500000000009
784230,-261.7400000000009
785050,-261.7300000000009
785870,-261.7200000000009
786690,-261.7100000000009
787510,-261.7000000000009
788330,-261.6900000000009
789150,-261.6800000000009
789970,-261.6700000000009
790790,-261.6600000000009
791610,-261.6500000000009
792440,-261.640000000001
793260,-261.630000000001
794080,-261.620000000001
794900,-261.610000000001
795720,-261.600000000001
796540,-261.590000000001
797370,-261.580000000001
798190,-261.570000000001
799010,-261.560000000001
799830,-261.550000000001
800650,-261.540000000001
801470,-261.5300000000011
802290,-261.5200000000011
803110,-261.5100000000011
803940,-261.5000000000011
804760,-261.4900000000011
805570,-261.4800000000011
806390,-261.4700000000011
807220,-261.4600000000011
808040,-261.4500000000011
808860,-261.4400000000011
809680,-261.4300000000011
810500,-261.4200000000012
811320,-261.4100000000012
812140,-261.4000000000012
812960,-261.3900000000012
813780,-261.3800000000012
814600,-261.3700000000012
815420,-261.3600000000012
816240,-260.98
817060,-260.08
817880,-259.19
818700,-258.27
819520,-257.36
820340,-256.46
821160,-255.55
821980,-254.64
822800,-253.73
823620,-252.82
824440,-251.9
825260,-250.99
826080,-250.11
826900,-249.26
827720,-248.42
828540,-247.58
829360,-246.65
830180,-245.25
831000,-243.75
831820,-242.34
832630,-240.67
833450,-240.43
834270,-240.42
835090,-240.41
835910,-240.4
836730,-240.39
837550,-240.3800000000001
838370,-240.3700000000001
839190,-240.3600000000001
840010,-240.3500000000001
840830,-240.3400000000001
841650,-239.71
842470,-238.98
843290,-238.25
844110,-237.52
844920,-236.81
845740,-236.12
846560,-235.43
847380,-234.73
848200,-234.05
849020,-233.38
849840,-232.71
850660,-232.06
851480,-231.41
852290,-230.77
853110,-230.16
853930,-229.54
854750,-228.92
855570,-228.3
856390,-227.67
857210,-227.02
858030,-226.37
858850,-225.72
859670,-225.06
860490,-224.39
861300,-223.73
862120,-223.05
862940,-222.37
863760,-221.68
864580,-220.98
865400,-220.25
866220,-219.54
867040,-218.83
867860,-218.13
868670,-217.42
869490,-216.73
870310,-216.02
871130,-215.31
871950,-214.57
872770,-213.82
873590,-213.06
874410,-212.29
875230,-211.49
876050,-210.69
876870,-209.89
877690,-209.09
878510,-208.27
879330,-207.46
880150,-206.66
880960,-205.86
881780,-205.08
882600,-204.31
883420,-203.56
884240,-202.82
885060,-202.07
885880,-201.32
886700,-200.57
887520,-199.8
888340,-197.39
889160,-195.01
889980,-192.62
890800,-190.24
891620,-187.85
892440,-187.34
893260,-186.83
894080,-186.3
894900,-185.78
895720,-185.23
896540,-184.68
897360,-184.12
898180,-183.57
899000,-183
899820,-182.43
900630,-181.86
901450,-181.29
902270,-180.71
903090,-180.13
903910,-179.54
904730,-178.94
905550,-178.33
906370,-177.74
907190,-177.13
908010,-176.51
908830,-175.88
909650,-175.24
910470,-174.64
911290,-174.18
912110,-174.17
912930,-174.16
913760,-174.15
914580,-174.14
915400,-174.1300000000001
916220,-174.1200000000001
917040,-174.1100000000001
917860,-174.1000000000001
918680,-174.0900000000001
919500,-174.0800000000001
920320,-174.0700000000001
921140,-174.0600000000001
921960,-174.0500000000001
922780,-174.0400000000001
923600,-174.0300000000001
924420,-174.0200000000002
925240,-173.89
926060,-173.23
926870,-172.54
927690,-171.84
928510,-171.11
929330,-170.37
930150,-169.59
930970,-168.79
931790,-167.95
