-2.1426e+06,9.8731e+05
-2.1426e+06,9.8736e+05
-2.1426e+06,9.874e+05
-2.1426e+06,9.8745e+05
-2.1426e+06,9.8749e+05
-2.1426e+06,9.8754e+05
-2.1426e+06,9.8758e+05
-2.1426e+06,9.8763e+05
-2.1426e+06,9.8767e+05
-2.1426e+06,9.8772e+05
-2.1426e+06,9.8776e+05
-2.1426e+06,9.8781e+05
-2.1426e+06,9.8785e+05
-2.1426e+06,9.879e+05
-2.1426e+06,9.8794e+05
-2.1426e+06,9.8799e+05
-2.1426e+06,9.8803e+05
-2.1426e+06,9.8808e+05
-2.1427e+06,9.8812e+05
-2.1427e+06,9.8817e+05
-2.1427e+06,9.8821e+05
-2.1427e+06,9.8826e+05
-2.1427e+06,9.883e+05
-2.1427e+06,9.8835e+05
-2.1427e+06,9.8839e+05
-2.1427e+06,9.8844e+05
-2.1427e+06,9.8848e+05
-2.1427e+06,9.8853e+05
-2.1427e+06,9.8857e+05
-2.1427e+06,9.8862e+05
-2.1427e+06,9.8866e+05
-2.1427e+06,9.8871e+05
-2.1427e+06,9.8875e+05
-2.1427e+06,9.888e+05
-2.1427e+06,9.8884e+05
-2.1427e+06,9.8889e+05
-2.1427e+06,9.8893e+05
-2.1427e+06,9.8898e+05
-2.1427e+06,9.8902e+05
-2.1427e+06,9.8907e+05
-2.1427e+06,9.8911e+05
-2.1427e+06,9.8916e+05
-2.1427e+06,9.892e+05
-2.1427e+06,9.8925e+05
-2.1428e+06,9.8929e+05
-2.1428e+06,9.8934e+05
-2.1428e+06,9.8938e+05
-2.1428e+06,9.8943e+05
-2.1428e+06,9.8947e+05
-2.1428e+06,9.8952e+05
-2.1428e+06,9.8956e+05
-2.1428e+06,9.8961e+05
-2.1428e+06,9.8965e+05
-2.1428e+06,9.897e+05
-2.1428e+06,9.8974e+05
-2.1428e+06,9.8979e+05
-2.1428e+06,9.8983e+05
-2.1428e+06,9.8988e+05
-2.1428e+06,9.8992e+05
-2.1428e+06,9.8997e+05
-2.1429e+06,9.9001e+05
-2.1429e+06,9.9006e+05
-2.1429e+06,9.901e+05
-2.1429e+06,9.9015e+05
-2.1429e+06,9.9019e+05
-2.1429e+06,9.9024e+05
-2.1429e+06,9.9028e+05
-2.1429e+06,9.9033e+05
-2.1429e+06,9.9037e+05
-2.1429e+06,9.9042e+05
-2.1429e+06,9.9046e+05
-2.1429e+06,9.9051e+05
-2.1429e+06,9.9055e+05
-2.1429e+06,9.906e+05
-2.143e+06,9.9064e+05
-2.143e+06,9.9069e+05
-2.143e+06,9.9073e+05
-2.143e+06,9.9078e+05
-2.143e+06,9.9082e+05
-2.143e+06,9.9087e+05
-2.143e+06,9.9091e+05
-2.143e+06,9.9096e+05
-2.143e+06,9.91e+05
-2.143e+06,9.9105e+05
-2.143e+06,9.9109e+05
-2.143e+06,9.9114e+05
-2.1431e+06,9.9118e+05
-2.1431e+06,9.9123e+05
-2.1431e+06,9.9127e+05
-2.1431e+06,9.9132e+05
-2.1431e+06,9.9136e+05
-2.1431e+06,9.9141e+05
-2.1431e+06,9.9145e+05
-2.1431e+06,9.915e+05
-2.1431e+06,9.9154e+05
-2.1431e+06,9.9159e+05
-2.1431e+06,9.9163e+05
-2.1431e+06,9.9168e+05
-2.1431e+06,9.9172e+05
-2.1432e+06,9.9177e+05
-2.1432e+06,9.9181e+05
-2.1432e+06,9.9186e+05
-2.1432e+06,9.919e+05
-2.1432e+06,9.9195e+05
-2.1432e+06,9.9199e+05
-2.1432e+06,9.9204e+05
-2.1432e+06,9.9208e+05
-2.1432e+06,9.9213e+05
-2.1432e+06,9.9217e+05
-2.1432e+06,9.9222e+05
-2.1432e+06,9.9226e+05
-2.1432e+06,9.9231e+05
-2.1432e+06,9.9235e+05
-2.1432e+06,9.924e+05
-2.1433e+06,9.9244e+05
-2.1433e+06,9.9249e+05
-2.1433e+06,9.9253e+05
-2.1433e+06,9.9258e+05
-2.1433e+06,9.9262e+05
-2.1433e+06,9.9267e+05
-2.1433e+06,9.9271e+05
-2.1433e+06,9.9276e+05
-2.1433e+06,9.928e+05
-2.1433e+06,9.9285e+05
-2.1433e+06,9.9289e+05
-2.1433e+06,9.9294e+05
-2.1433e+06,9.9298e+05
-2.1433e+06,9.9303e+05
-2.1434e+06,9.9307e+05
-2.1434e+06,9.9312e+05
-2.1434e+06,9.9316e+05
-2.1434e+06,9.9321e+05
-2.1434e+06,9.9325e+05
-2.1434e+06,9.933e+05
-2.1434e+06,9.9334e+05
-2.1434e+06,9.9339e+05
-2.1434e+06,9.9343e+05
-2.1434e+06,9.9348e+05
-2.1434e+06,9.9352e+05
-2.1434e+06,9.9357e+05
-2.1434e+06,9.9361e+05
-2.1435e+06,9.9366e+05
-2.1435e+06,9.937e+05
-2.1435e+06,9.9375e+05
-2.1435e+06,9.9379e+05
-2.1435e+06,9.9384e+05
-2.1435e+06,9.9388e+05
-2.1435e+06,9.9393e+05
-2.1435e+06,9.9397e+05
-2.1435e+06,9.9402e+05
-2.1435e+06,9.9406e+05
-2.1435e+06,9.9411e+05
-2.1436e+06,9.9415e+05
-2.1436e+06,9.942e+05
-2.1436e+06,9.9424e+05
-2.1436e+06,9.9429e+05
-2.1436e+06,9.9433e+05
-2.1436e+06,9.9438e+05
-2.1436e+06,9.9442e+05
-2.1436e+06,9.9447e+05
-2.1436e+06,9.9451e+05
-2.1436e+06,9.9456e+05
-2.1437e+06,9.946e+05
-2.1437e+06,9.9465e+05
-2.1437e+06,9.9469e+05
-2.1437e+06,9.9474e+05
-2.1437e+06,9.9478e+05
-2.1437e+06,9.9483e+05
-2.1437e+06,9.9487e+05
-2.1437e+06,9.9492e+05
-2.1437e+06,9.9496e+05
-2.1438e+06,9.9501e+05
-2.1438e+06,9.9505e+05
-2.1438e+06,9.951e+05
-2.1438e+06,9.9514e+05
-2.1438e+06,9.9519e+05
-2.1438e+06,9.9523e+05
-2.1438e+06,9.9528e+05
-2.1438e+06,9.9532e+05
-2.1439e+06,9.9537e+05
-2.1439e+06,9.9541e+05
-2.1439e+06,9.9546e+05
-2.1439e+06,9.955e+05
-2.1439e+06,9.9555e+05
-2.1439e+06,9.9559e+05
-2.1439e+06,9.9564e+05
-2.1439e+06,9.9568e+05
-2.144e+06,9.9573e+05
-2.144e+06,9.9577e+05
-2.144e+06,9.9582e+05
-2.144e+06,9.9586e+05
-2.144e+06,9.9591e+05
-2.144e+06,9.9595e+05
-2.1441e+06,9.96e+05
-2.1441e+06,9.9604e+05
-2.1441e+06,9.9609e+05
-2.1441e+06,9.9613e+05
-2.1441e+06,9.9618e+05
-2.1441e+06,9.9622e+05
-2.1442e+06,9.9627e+05
-2.1442e+06,9.9631e+05
-2.1442e+06,9.9636e+05
-2.1442e+06,9.964e+05
-2.1442e+06,9.9645e+05
-2.1442e+06,9.9649e+05
-2.1443e+06,9.9654e+05
-2.1443e+06,9.9658e+05
-2.1443e+06,9.9663e+05
-2.1443e+06,9.9667e+05
-2.1443e+06,9.9672e+05
-2.1443e+06,9.9676e+05
-2.1444e+06,9.9681e+05
-2.1444e+06,9.9685e+05
-2.1444e+06,9.969e+05
-2.1444e+06,9.9694e+05
-2.1444e+06,9.9699e+05
-2.1444e+06,9.9703e+05
-2.1445e+06,9.9708e+05
-2.1445e+06,9.9712e+05
-2.1445e+06,9.9717e+05
-2.1445e+06,9.9721e+05
-2.1445e+06,9.9726e+05
-2.1446e+06,9.973e+05
-2.1446e+06,9.9735e+05
-2.1446e+06,9.9739e+05
-2.1446e+06,9.9744e+05
-2.1446e+06,9.9748e+05
-2.1447e+06,9.9753e+05
-2.1447e+06,9.9757e+05
-2.1447e+06,9.9762e+05
-2.1447e+06,9.9766e+05
-2.1447e+06,9.9771e+05
-2.1447e+06,9.9775e+05
-2.1448e+06,9.978e+05
-2.1448e+06,9.9784e+05
-2.1448e+06,9.9789e+05
-2.1448e+06,9.9793e+05
-2.1448e+06,9.9798e+05
-2.1449e+06,9.9802e+05
-2.1449e+06,9.9807e+05
-2.1449e+06,9.9811e+05
-2.1449e+06,9.9816e+05
-2.1449e+06,9.982e+05
-2.145e+06,9.9825e+05
-2.145e+06,9.9829e+05
-2.145e+06,9.9834e+05
-2.145e+06,9.9838e+05
-2.145e+06,9.9843e+05
-2.1451e+06,9.9847e+05
-2.1451e+06,9.9852e+05
-2.1451e+06,9.9856e+05
-2.1451e+06,9.9861e+05
-2.1451e+06,9.9865e+05
-2.1452e+06,9.987e+05
-2.1452e+06,9.9874e+05
-2.1452e+06,9.9879e+05
-2.1452e+06,9.9883e+05
-2.1452e+06,9.9888e+05
-2.1453e+06,9.9892e+05
-2.1453e+06,9.9897e+05
-2.1453e+06,9.9901e+05
-2.1453e+06,9.9906e+05
-2.1453e+06,9.991e+05
-2.1454e+06,9.9915e+05
-2.1454e+06,9.9919e+05
-2.1454e+06,9.9924e+05
-2.1454e+06,9.9928e+05
-2.1454e+06,9.9933e+05
-2.1455e+06,9.9937e+05
-2.1455e+06,9.9942e+05
-2.1455e+06,9.9946e+05
-2.1455e+06,9.9951e+05
-2.1455e+06,9.9955e+05
-2.1456e+06,9.996e+05
-2.1456e+06,9.9964e+05
-2.1456e+06,9.9969e+05
-2.1456e+06,9.9973e+05
-2.1456e+06,9.9978e+05
-2.1457e+06,9.9982e+05
-2.1457e+06,9.9987e+05
-2.1457e+06,9.9991e+05
-2.1457e+06,9.9996e+05
-2.1457e+06,1e+06
-2.1458e+06,1e+06
-2.1458e+06,1.0001e+06
-2.1458e+06,1.0001e+06
-2.1458e+06,1.0002e+06
-2.1459e+06,1.0002e+06
-2.1459e+06,1.0003e+06
-2.1459e+06,1.0003e+06
-2.1459e+06,1.0004e+06
-2.1459e+06,1.0004e+06
-2.146e+06,1.0005e+06
-2.146e+06,1.0005e+06
-2.146e+06,1.0005e+06
-2.146e+06,1.0006e+06
-2.146e+06,1.0006e+06
-2.1461e+06,1.0007e+06
-2.1461e+06,1.0007e+06
-2.1461e+06,1.0008e+06
-2.1461e+06,1.0008e+06
-2.1461e+06,1.0009e+06
-2.1462e+06,1.0009e+06
-2.1462e+06,1.0009e+06
-2.1462e+06,1.001e+06
-2.1462e+06,1.001e+06
-2.1462e+06,1.0011e+06
-2.1463e+06,1.0011e+06
-2.1463e+06,1.0012e+06
-2.1463e+06,1.0012e+06
-2.1463e+06,1.0013e+06
-2.1463e+06,1.0013e+06
-2.1464e+06,1.0014e+06
-2.1464e+06,1.0014e+06
-2.1464e+06,1.0014e+06
-2.1464e+06,1.0015e+06
-2.1465e+06,1.0015e+06
-2.1465e+06,1.0016e+06
-2.1465e+06,1.0016e+06
-2.1465e+06,1.0017e+06
-2.1465e+06,1.0017e+06
-2.1466e+06,1.0018e+06
-2.1466e+06,1.0018e+06
-2.1466e+06,1.0018e+06
-2.1466e+06,1.0019e+06
-2.1466e+06,1.0019e+06
-2.1467e+06,1.002e+06
-2.1467e+06,1.002e+06
-2.1467e+06,1.0021e+06
-2.1467e+06,1.0021e+06
-2.1468e+06,1.0022e+06
-2.1468e+06,1.0022e+06
-2.1468e+06,1.0023e+06
-2.1468e+06,1.0023e+06
-2.1468e+06,1.0023e+06
-2.1469e+06,1.0024e+06
-2.1469e+06,1.0024e+06
-2.1469e+06,1.0025e+06
-2.1469e+06,1.0025e+06
-2.147e+06,1.0026e+06
-2.147e+06,1.0026e+06
-2.147e+06,1.0027e+06
-2.147e+06,1.0027e+06
-2.147e+06,1.0027e+06
-2.1471e+06,1.0028e+06
-2.1471e+06,1.0028e+06
-2.1471e+06,1.0029e+06
-2.1471e+06,1.0029e+06
-2.1472e+06,1.003e+06
-2.1472e+06,1.003e+06
-2.1472e+06,1.0031e+06
-2.1472e+06,1.0031e+06
-2.1473e+06,1.0032e+06
-2.1473e+06,1.0032e+06
-2.1473e+06,1.0032e+06
-2.1473e+06,1.0033e+06
-2.1474e+06,1.0033e+06
-2.1474e+06,1.0034e+06
-2.1474e+06,1.0034e+06
-2.1474e+06,1.0035e+06
-2.1475e+06,1.0035e+06
-2.1475e+06,1.0036e+06
-2.1475e+06,1.0036e+06
-2.1475e+06,1.0036e+06
-2.1476e+06,1.0037e+06
-2.1476e+06,1.0037e+06
-2.1476e+06,1.0038e+06
-2.1476e+06,1.0038e+06
-2.1477e+06,1.0039e+06
-2.1477e+06,1.0039e+06
-2.1477e+06,1.004e+06
-2.1477e+06,1.004e+06
-2.1478e+06,1.0041e+06
-2.1478e+06,1.0041e+06
-2.1478e+06,1.0041e+06
-2.1479e+06,1.0042e+06
-2.1479e+06,1.0042e+06
-2.1479e+06,1.0043e+06
-2.1479e+06,1.0043e+06
-2.148e+06,1.0044e+06
-2.148e+06,1.0044e+06
-2.148e+06,1.0045e+06
-2.1481e+06,1.0045e+06
-2.1481e+06,1.0045e+06
-2.1481e+06,1.0046e+06
-2.1481e+06,1.0046e+06
-2.1482e+06,1.0047e+06
-2.1482e+06,1.0047e+06
-2.1482e+06,1.0048e+06
-2.1483e+06,1.0048e+06
-2.1483e+06,1.0049e+06
-2.1483e+06,1.0049e+06
-2.1483e+06,1.005e+06
-2.1484e+06,1.005e+06
-2.1484e+06,1.005e+06
-2.1484e+06,1.0051e+06
-2.1485e+06,1.0051e+06
-2.1485e+06,1.0052e+06
-2.1485e+06,1.0052e+06
-2.1485e+06,1.0053e+06
-2.1486e+06,1.0053e+06
-2.1486e+06,1.0054e+06
-2.1486e+06,1.0054e+06
-2.1487e+06,1.0054e+06
-2.1487e+06,1.0055e+06
-2.1487e+06,1.0055e+06
-2.1487e+06,1.0056e+06
-2.1488e+06,1.0056e+06
-2.1488e+06,1.0057e+06
-2.1488e+06,1.0057e+06
-2.1489e+06,1.0058e+06
-2.1489e+06,1.0058e+06
-2.1489e+06,1.0059e+06
-2.1489e+06,1.0059e+06
-2.149e+06,1.0059e+06
-2.149e+06,1.006e+06
-2.149e+06,1.006e+06
-2.1491e+06,1.0061e+06
-2.1491e+06,1.0061e+06
-2.1491e+06,1.0062e+06
-2.1491e+06,1.0062e+06
-2.1492e+06,1.0063e+06
-2.1492e+06,1.0063e+06
-2.1492e+06,1.0063e+06
-2.1493e+06,1.0064e+06
-2.1493e+06,1.0064e+06
-2.1493e+06,1.0065e+06
-2.1493e+06,1.0065e+06
-2.1494e+06,1.0066e+06
-2.1494e+06,1.0066e+06
-2.1494e+06,1.0067e+06
-2.1495e+06,1.0067e+06
-2.1495e+06,1.0068e+06
-2.1495e+06,1.0068e+06
-2.1495e+06,1.0068e+06
-2.1496e+06,1.0069e+06
-2.1496e+06,1.0069e+06
-2.1496e+06,1.007e+06
-2.1496e+06,1.007e+06
-2.1497e+06,1.0071e+06
-2.1497e+06,1.0071e+06
-2.1497e+06,1.0072e+06
-2.1498e+06,1.0072e+06
-2.1498e+06,1.0072e+06
-2.1498e+06,1.0073e+06
-2.1498e+06,1.0073e+06
-2.1499e+06,1.0074e+06
-2.1499e+06,1.0074e+06
-2.1499e+06,1.0075e+06
-2.1499e+06,1.0075e+06
-2.15e+06,1.0076e+06
-2.15e+06,1.0076e+06
-2.15e+06,1.0077e+06
-2.15e+06,1.0077e+06
-2.1501e+06,1.0077e+06
-2.1501e+06,1.0078e+06
-2.1501e+06,1.0078e+06
-2.1501e+06,1.0079e+06
-2.1502e+06,1.0079e+06
-2.1502e+06,1.008e+06
-2.1502e+06,1.008e+06
-2.1503e+06,1.0081e+06
-2.1503e+06,1.0081e+06
-2.1503e+06,1.0081e+06
-2.1503e+06,1.0082e+06
-2.1504e+06,1.0082e+06
-2.1504e+06,1.0083e+06
-2.1504e+06,1.0083e+06
-2.1504e+06,1.0084e+06
-2.1505e+06,1.0084e+06
-2.1505e+06,1.0085e+06
-2.1505e+06,1.0085e+06
-2.1505e+06,1.0086e+06
-2.1505e+06,1.0086e+06
-2.1506e+06,1.0086e+06
-2.1506e+06,1.0087e+06
-2.1506e+06,1.0087e+06
-2.1506e+06,1.0088e+06
-2.1507e+06,1.0088e+06
-2.1507e+06,1.0089e+06
-2.1507e+06,1.0089e+06
-2.1507e+06,1.009e+06
-2.1508e+06,1.009e+06
-2.1508e+06,1.009e+06
-2.1508e+06,1.0091e+06
-2.1508e+06,1.0091e+06
-2.1509e+06,1.0092e+06
-2.1509e+06,1.0092e+06
-2.1509e+06,1.0093e+06
-2.1509e+06,1.0093e+06
-2.151e+06,1.0094e+06
-2.151e+06,1.0094e+06
-2.151e+06,1.0095e+06
-2.151e+06,1.0095e+06
-2.151e+06,1.0095e+06
-2.1511e+06,1.0096e+06
-2.1511e+06,1.0096e+06
-2.1511e+06,1.0097e+06
-2.1511e+06,1.0097e+06
-2.1512e+06,1.0098e+06
-2.1512e+06,1.0098e+06
-2.1512e+06,1.0099e+06
-2.1512e+06,1.0099e+06
-2.1513e+06,1.0099e+06
-2.1513e+06,1.01e+06
-2.1513e+06,1.01e+06
-2.1513e+06,1.0101e+06
-2.1513e+06,1.0101e+06
-2.1514e+06,1.0102e+06
-2.1514e+06,1.0102e+06
-2.1514e+06,1.0103e+06
-2.1514e+06,1.0103e+06
-2.1514e+06,1.0104e+06
-2.1515e+06,1.0104e+06
-2.1515e+06,1.0104e+06
-2.1515e+06,1.0105e+06
-2.1515e+06,1.0105e+06
-2.1516e+06,1.0106e+06
-2.1516e+06,1.0106e+06
-2.1516e+06,1.0107e+06
-2.1516e+06,1.0107e+06
-2.1516e+06,1.0108e+06
-2.1517e+06,1.0108e+06
-2.1517e+06,1.0108e+06
-2.1517e+06,1.0109e+06
-2.1517e+06,1.0109e+06
-2.1517e+06,1.011e+06
-2.1518e+06,1.011e+06
-2.1518e+06,1.0111e+06
-2.1518e+06,1.0111e+06
-2.1518e+06,1.0112e+06
-2.1519e+06,1.0112e+06
-2.1519e+06,1.0113e+06
-2.1519e+06,1.0113e+06
-2.1519e+06,1.0113e+06
-2.1519e+06,1.0114e+06
-2.152e+06,1.0114e+06
-2.152e+06,1.0115e+06
-2.152e+06,1.0115e+06
-2.152e+06,1.0116e+06
-2.152e+06,1.0116e+06
-2.1521e+06,1.0117e+06
-2.1521e+06,1.0117e+06
-2.1521e+06,1.0117e+06
-2.1521e+06,1.0118e+06
-2.1521e+06,1.0118e+06
-2.1522e+06,1.0119e+06
-2.1522e+06,1.0119e+06
-2.1522e+06,1.012e+06
-2.1522e+06,1.012e+06
-2.1522e+06,1.0121e+06
-2.1523e+06,1.0121e+06
-2.1523e+06,1.0122e+06
-2.1523e+06,1.0122e+06
-2.1523e+06,1.0122e+06
-2.1523e+06,1.0123e+06
-2.1524e+06,1.0123e+06
-2.1524e+06,1.0124e+06
-2.1524e+06,1.0124e+06
-2.1524e+06,1.0125e+06
-2.1525e+06,1.0125e+06
-2.1525e+06,1.0126e+06
-2.1525e+06,1.0126e+06
-2.1525e+06,1.0126e+06
-2.1525e+06,1.0127e+06
-2.1526e+06,1.0127e+06
-2.1526e+06,1.0128e+06
-2.1526e+06,1.0128e+06
-2.1526e+06,1.0129e+06
-2.1526e+06,1.0129e+06
-2.1527e+06,1.013e+06
-2.1527e+06,1.013e+06
-2.1527e+06,1.0131e+06
-2.1527e+06,1.0131e+06
-2.1527e+06,1.0131e+06
-2.1528e+06,1.0132e+06
-2.1528e+06,1.0132e+06
-2.1528e+06,1.0133e+06
-2.1528e+06,1.0133e+06
-2.1528e+06,1.0134e+06
-2.1529e+06,1.0134e+06
-2.1529e+06,1.0135e+06
-2.1529e+06,1.0135e+06
-2.1529e+06,1.0135e+06
-2.1529e+06,1.0136e+06
-2.153e+06,1.0136e+06
-2.153e+06,1.0137e+06
-2.153e+06,1.0137e+06
-2.153e+06,1.0138e+06
-2.153e+06,1.0138e+06
-2.1531e+06,1.0139e+06
-2.1531e+06,1.0139e+06
-2.1531e+06,1.014e+06
-2.1531e+06,1.014e+06
-2.1531e+06,1.014e+06
-2.1532e+06,1.0141e+06
-2.1532e+06,1.0141e+06
-2.1532e+06,1.0142e+06
-2.1532e+06,1.0142e+06
-2.1532e+06,1.0143e+06
-2.1532e+06,1.0143e+06
-2.1533e+06,1.0144e+06
-2.1533e+06,1.0144e+06
-2.1533e+06,1.0144e+06
-2.1533e+06,1.0145e+06
-2.1533e+06,1.0145e+06
-2.1534e+06,1.0146e+06
-2.1534e+06,1.0146e+06
-2.1534e+06,1.0147e+06
-2.1534e+06,1.0147e+06
-2.1534e+06,1.0148e+06
-2.1535e+06,1.0148e+06
-2.1535e+06,1.0149e+06
-2.1535e+06,1.0149e+06
-2.1535e+06,1.0149e+06
-2.1535e+06,1.015e+06
-2.1536e+06,1.015e+06
-2.1536e+06,1.0151e+06
-2.1536e+06,1.0151e+06
-2.1536e+06,1.0152e+06
-2.1536e+06,1.0152e+06
-2.1537e+06,1.0153e+06
-2.1537e+06,1.0153e+06
-2.1537e+06,1.0153e+06
-2.1537e+06,1.0154e+06
-2.1537e+06,1.0154e+06
-2.1538e+06,1.0155e+06
-2.1538e+06,1.0155e+06
-2.1538e+06,1.0156e+06
-2.1538e+06,1.0156e+06
-2.1538e+06,1.0157e+06
-2.1539e+06,1.0157e+06
-2.1539e+06,1.0158e+06
-2.1539e+06,1.0158e+06
-2.1539e+06,1.0158e+06
-2.1539e+06,1.0159e+06
-2.1539e+06,1.0159e+06
-2.154e+06,1.016e+06
-2.154e+06,1.016e+06
-2.154e+06,1.0161e+06
-2.154e+06,1.0161e+06
-2.154e+06,1.0162e+06
-2.1541e+06,1.0162e+06
-2.1541e+06,1.0162e+06
-2.1541e+06,1.0163e+06
-2.1541e+06,1.0163e+06
-2.1541e+06,1.0164e+06
-2.1542e+06,1.0164e+06
-2.1542e+06,1.0165e+06
-2.1542e+06,1.0165e+06
-2.1542e+06,1.0166e+06
-2.1542e+06,1.0166e+06
-2.1543e+06,1.0167e+06
-2.1543e+06,1.0167e+06
-2.1543e+06,1.0167e+06
-2.1543e+06,1.0168e+06
-2.1543e+06,1.0168e+06
-2.1543e+06,1.0169e+06
-2.1544e+06,1.0169e+06
-2.1544e+06,1.017e+06
-2.1544e+06,1.017e+06
-2.1544e+06,1.0171e+06
-2.1544e+06,1.0171e+06
-2.1545e+06,1.0171e+06
-2.1545e+06,1.0172e+06
-2.1545e+06,1.0172e+06
-2.1545e+06,1.0173e+06
-2.1545e+06,1.0173e+06
-2.1546e+06,1.0174e+06
-2.1546e+06,1.0174e+06
-2.1546e+06,1.0175e+06
-2.1546e+06,1.0175e+06
-2.1546e+06,1.0176e+06
-2.1547e+06,1.0176e+06
-2.1547e+06,1.0176e+06
-2.1547e+06,1.0177e+06
-2.1547e+06,1.0177e+06
-2.1547e+06,1.0178e+06
-2.1547e+06,1.0178e+06
-2.1548e+06,1.0179e+06
-2.1548e+06,1.0179e+06
-2.1548e+06,1.018e+06
-2.1548e+06,1.018e+06
-2.1548e+06,1.018e+06
-2.1549e+06,1.0181e+06
-2.1549e+06,1.0181e+06
-2.1549e+06,1.0182e+06
-2.1549e+06,1.0182e+06
-2.1549e+06,1.0183e+06
-2.155e+06,1.0183e+06
-2.155e+06,1.0184e+06
-2.155e+06,1.0184e+06
-2.155e+06,1.0185e+06
-2.155e+06,1.0185e+06
-2.155e+06,1.0185e+06
-2.1551e+06,1.0186e+06
-2.1551e+06,1.0186e+06
-2.1551e+06,1.0187e+06
-2.1551e+06,1.0187e+06
-2.1551e+06,1.0188e+06
-2.1552e+06,1.0188e+06
-2.1552e+06,1.0189e+06
-2.1552e+06,1.0189e+06
-2.1552e+06,1.0189e+06
-2.1552e+06,1.019e+06
-2.1553e+06,1.019e+06
-2.1553e+06,1.0191e+06
-2.1553e+06,1.0191e+06
-2.1553e+06,1.0192e+06
-2.1553e+06,1.0192e+06
-2.1554e+06,1.0193e+06
-2.1554e+06,1.0193e+06
-2.1554e+06,1.0194e+06
-2.1554e+06,1.0194e+06
-2.1554e+06,1.0194e+06
-2.1554e+06,1.0195e+06
-2.1555e+06,1.0195e+06
-2.1555e+06,1.0196e+06
-2.1555e+06,1.0196e+06
-2.1555e+06,1.0197e+06
-2.1555e+06,1.0197e+06
-2.1556e+06,1.0198e+06
-2.1556e+06,1.0198e+06
-2.1556e+06,1.0198e+06
-2.1556e+06,1.0199e+06
-2.1556e+06,1.0199e+06
-2.1557e+06,1.02e+06
-2.1557e+06,1.02e+06
-2.1557e+06,1.0201e+06
-2.1557e+06,1.0201e+06
-2.1557e+06,1.0202e+06
-2.1558e+06,1.0202e+06
-2.1558e+06,1.0203e+06
-2.1558e+06,1.0203e+06
-2.1558e+06,1.0203e+06
-2.1558e+06,1.0204e+06
-2.1558e+06,1.0204e+06
-2.1559e+06,1.0205e+06
-2.1559e+06,1.0205e+06
-2.1559e+06,1.0206e+06
-2.1559e+06,1.0206e+06
-2.1559e+06,1.0207e+06
-2.156e+06,1.0207e+06
-2.156e+06,1.0207e+06
-2.156e+06,1.0208e+06
-2.156e+06,1.0208e+06
-2.156e+06,1.0209e+06
-2.1561e+06,1.0209e+06
-2.1561e+06,1.021e+06
-2.1561e+06,1.021e+06
-2.1561e+06,1.0211e+06
-2.1561e+06,1.0211e+06
-2.1562e+06,1.0212e+06
-2.1562e+06,1.0212e+06
-2.1562e+06,1.0212e+06
-2.1562e+06,1.0213e+06
-2.1562e+06,1.0213e+06
-2.1562e+06,1.0214e+06
-2.1563e+06,1.0214e+06
-2.1563e+06,1.0215e+06
-2.1563e+06,1.0215e+06
-2.1563e+06,1.0216e+06
-2.1563e+06,1.0216e+06
-2.1564e+06,1.0216e+06
-2.1564e+06,1.0217e+06
-2.1564e+06,1.0217e+06
-2.1564e+06,1.0218e+06
-2.1564e+06,1.0218e+06
-2.1565e+06,1.0219e+06
-2.1565e+06,1.0219e+06
-2.1565e+06,1.022e+06
-2.1565e+06,1.022e+06
-2.1565e+06,1.0221e+06
-2.1565e+06,1.0221e+06
-2.1566e+06,1.0221e+06
-2.1566e+06,1.0222e+06
-2.1566e+06,1.0222e+06
-2.1566e+06,1.0223e+06
-2.1566e+06,1.0223e+06
-2.1567e+06,1.0224e+06
-2.1567e+06,1.0224e+06
-2.1567e+06,1.0225e+06
-2.1567e+06,1.0225e+06
-2.1567e+06,1.0225e+06
-2.1568e+06,1.0226e+06
-2.1568e+06,1.0226e+06
-2.1568e+06,1.0227e+06
-2.1568e+06,1.0227e+06
-2.1568e+06,1.0228e+06
-2.1569e+06,1.0228e+06
-2.1569e+06,1.0229e+06
-2.1569e+06,1.0229e+06
-2.1569e+06,1.023e+06
-2.1569e+06,1.023e+06
-2.1569e+06,1.023e+06
-2.157e+06,1.0231e+06
-2.157e+06,1.0231e+06
-2.157e+06,1.0232e+06
-2.157e+06,1.0232e+06
-2.157e+06,1.0233e+06
-2.1571e+06,1.0233e+06
-2.1571e+06,1.0234e+06
-2.1571e+06,1.0234e+06
-2.1571e+06,1.0234e+06
-2.1571e+06,1.0235e+06
-2.1572e+06,1.0235e+06
-2.1572e+06,1.0236e+06
-2.1572e+06,1.0236e+06
-2.1572e+06,1.0237e+06
-2.1572e+06,1.0237e+06
-2.1573e+06,1.0238e+06
-2.1573e+06,1.0238e+06
-2.1573e+06,1.0239e+06
-2.1573e+06,1.0239e+06
-2.1573e+06,1.0239e+06
-2.1573e+06,1.024e+06
-2.1574e+06,1.024e+06
-2.1574e+06,1.0241e+06
-2.1574e+06,1.0241e+06
-2.1574e+06,1.0242e+06
-2.1574e+06,1.0242e+06
-2.1575e+06,1.0243e+06
-2.1575e+06,1.0243e+06
-2.1575e+06,1.0243e+06
-2.1575e+06,1.0244e+06
-2.1575e+06,1.0244e+06
-2.1576e+06,1.0245e+06
-2.1576e+06,1.0245e+06
-2.1576e+06,1.0246e+06
-2.1576e+06,1.0246e+06
-2.1576e+06,1.0247e+06
-2.1576e+06,1.0247e+06
-2.1577e+06,1.0248e+06
-2.1577e+06,1.0248e+06
-2.1577e+06,1.0248e+06
-2.1577e+06,1.0249e+06
-2.1577e+06,1.0249e+06
-2.1578e+06,1.025e+06
-2.1578e+06,1.025e+06
-2.1578e+06,1.0251e+06
-2.1578e+06,1.0251e+06
-2.1578e+06,1.0252e+06
-2.1579e+06,1.0252e+06
-2.1579e+06,1.0252e+06
-2.1579e+06,1.0253e+06
-2.1579e+06,1.0253e+06
-2.1579e+06,1.0254e+06
-2.158e+06,1.0254e+06
-2.158e+06,1.0255e+06
-2.158e+06,1.0255e+06
-2.158e+06,1.0256e+06
-2.158e+06,1.0256e+06
-2.1581e+06,1.0257e+06
-2.1581e+06,1.0257e+06
-2.1581e+06,1.0257e+06
-2.1581e+06,1.0258e+06
-2.1581e+06,1.0258e+06
-2.1581e+06,1.0259e+06
-2.1582e+06,1.0259e+06
-2.1582e+06,1.026e+06
-2.1582e+06,1.026e+06
-2.1582e+06,1.0261e+06
-2.1582e+06,1.0261e+06
-2.1583e+06,1.0261e+06
-2.1583e+06,1.0262e+06
-2.1583e+06,1.0262e+06
-2.1583e+06,1.0263e+06
-2.1583e+06,1.0263e+06
-2.1584e+06,1.0264e+06
-2.1584e+06,1.0264e+06
-2.1584e+06,1.0265e+06
-2.1584e+06,1.0265e+06
-2.1584e+06,1.0266e+06
-2.1585e+06,1.0266e+06
-2.1585e+06,1.0266e+06
-2.1585e+06,1.0267e+06
-2.1585e+06,1.0267e+06
-2.1585e+06,1.0268e+06
-2.1585e+06,1.0268e+06
-2.1586e+06,1.0269e+06
-2.1586e+06,1.0269e+06
-2.1586e+06,1.027e+06
-2.1586e+06,1.027e+06
-2.1586e+06,1.027e+06
-2.1587e+06,1.0271e+06
-2.1587e+06,1.0271e+06
-2.1587e+06,1.0272e+06
-2.1587e+06,1.0272e+06
-2.1587e+06,1.0273e+06
-2.1588e+06,1.0273e+06
-2.1588e+06,1.0274e+06
-2.1588e+06,1.0274e+06
-2.1588e+06,1.0275e+06
-2.1588e+06,1.0275e+06
-2.1589e+06,1.0275e+06
-2.1589e+06,1.0276e+06
-2.1589e+06,1.0276e+06
-2.1589e+06,1.0277e+06
-2.1589e+06,1.0277e+06
-2.1589e+06,1.0278e+06
-2.159e+06,1.0278e+06
-2.159e+06,1.0279e+06
-2.159e+06,1.0279e+06
-2.159e+06,1.0279e+06
-2.159e+06,1.028e+06
-2.1591e+06,1.028e+06
-2.1591e+06,1.0281e+06
-2.1591e+06,1.0281e+06
-2.1591e+06,1.0282e+06
-2.1591e+06,1.0282e+06
-2.1592e+06,1.0283e+06
-2.1592e+06,1.0283e+06
-2.1592e+06,1.0284e+06
-2.1592e+06,1.0284e+06
-2.1592e+06,1.0284e+06
-2.1592e+06,1.0285e+06
-2.1593e+06,1.0285e+06
-2.1593e+06,1.0286e+06
-2.1593e+06,1.0286e+06
-2.1593e+06,1.0287e+06
-2.1593e+06,1.0287e+06
-2.1594e+06,1.0288e+06
-2.1594e+06,1.0288e+06
-2.1594e+06,1.0288e+06
-2.1594e+06,1.0289e+06
-2.1594e+06,1.0289e+06
-2.1595e+06,1.029e+06
-2.1595e+06,1.029e+06
-2.1595e+06,1.0291e+06
-2.1595e+06,1.0291e+06
-2.1595e+06,1.0292e+06
-2.1595e+06,1.0292e+06
-2.1596e+06,1.0293e+06
-2.1596e+06,1.0293e+06
-2.1596e+06,1.0293e+06
-2.1596e+06,1.0294e+06
-2.1596e+06,1.0294e+06
-2.1597e+06,1.0295e+06
-2.1597e+06,1.0295e+06
-2.1597e+06,1.0296e+06
-2.1597e+06,1.0296e+06
-2.1597e+06,1.0297e+06
-2.1597e+06,1.0297e+06
-2.1598e+06,1.0297e+06
-2.1598e+06,1.0298e+06
-2.1598e+06,1.0298e+06
-2.1598e+06,1.0299e+06
-2.1598e+06,1.0299e+06
-2.1599e+06,1.03e+06
-2.1599e+06,1.03e+06
-2.1599e+06,1.0301e+06
-2.1599e+06,1.0301e+06
-2.1599e+06,1.0302e+06
-2.1599e+06,1.0302e+06
-2.16e+06,1.0302e+06
-2.16e+06,1.0303e+06
-2.16e+06,1.0303e+06
-2.16e+06,1.0304e+06
-2.16e+06,1.0304e+06
-2.1601e+06,1.0305e+06
-2.1601e+06,1.0305e+06
-2.1601e+06,1.0306e+06
-2.1601e+06,1.0306e+06
-2.1601e+06,1.0306e+06
-2.1601e+06,1.0307e+06
-2.1602e+06,1.0307e+06
-2.1602e+06,1.0308e+06
-2.1602e+06,1.0308e+06
-2.1602e+06,1.0309e+06
-2.1602e+06,1.0309e+06
-2.1602e+06,1.031e+06
-2.1603e+06,1.031e+06
-2.1603e+06,1.0311e+06
-2.1603e+06,1.0311e+06
-2.1603e+06,1.0311e+06
-2.1603e+06,1.0312e+06
-2.1604e+06,1.0312e+06
-2.1604e+06,1.0313e+06
-2.1604e+06,1.0313e+06
-2.1604e+06,1.0314e+06
-2.1604e+06,1.0314e+06
-2.1604e+06,1.0315e+06
-2.1605e+06,1.0315e+06
-2.1605e+06,1.0315e+06
-2.1605e+06,1.0316e+06
-2.1605e+06,1.0316e+06
-2.1605e+06,1.0317e+06
-2.1605e+06,1.0317e+06
-2.1606e+06,1.0318e+06
-2.1606e+06,1.0318e+06
-2.1606e+06,1.0319e+06
-2.1606e+06,1.0319e+06
-2.1606e+06,1.032e+06
-2.1606e+06,1.032e+06
-2.1607e+06,1.032e+06
-2.1607e+06,1.0321e+06
-2.1607e+06,1.0321e+06
-2.1607e+06,1.0322e+06
-2.1607e+06,1.0322e+06
-2.1607e+06,1.0323e+06
-2.1608e+06,1.0323e+06
-2.1608e+06,1.0324e+06
-2.1608e+06,1.0324e+06
-2.1608e+06,1.0324e+06
-2.1608e+06,1.0325e+06
-2.1608e+06,1.0325e+06
-2.1609e+06,1.0326e+06
-2.1609e+06,1.0326e+06
-2.1609e+06,1.0327e+06
-2.1609e+06,1.0327e+06
-2.1609e+06,1.0328e+06
-2.1609e+06,1.0328e+06
-2.161e+06,1.0329e+06
-2.161e+06,1.0329e+06
-2.161e+06,1.0329e+06
-2.161e+06,1.033e+06
-2.161e+06,1.033e+06
-2.161e+06,1.0331e+06
-2.1611e+06,1.0331e+06
-2.1611e+06,1.0332e+06
-2.1611e+06,1.0332e+06
-2.1611e+06,1.0333e+06
-2.1611e+06,1.0333e+06
-2.1611e+06,1.0333e+06
-2.1611e+06,1.0334e+06
-2.1612e+06,1.0334e+06
-2.1612e+06,1.0335e+06
-2.1612e+06,1.0335e+06
-2.1612e+06,1.0336e+06
-2.1612e+06,1.0336e+06
-2.1612e+06,1.0337e+06
-2.1613e+06,1.0337e+06
-2.1613e+06,1.0338e+06
-2.1613e+06,1.0338e+06
-2.1613e+06,1.0338e+06
-2.1613e+06,1.0339e+06
-2.1613e+06,1.0339e+06
-2.1613e+06,1.034e+06
-2.1614e+06,1.034e+06
-2.1614e+06,1.0341e+06
-2.1614e+06,1.0341e+06
-2.1614e+06,1.0342e+06
-2.1614e+06,1.0342e+06
-2.1614e+06,1.0342e+06
-2.1615e+06,1.0343e+06
-2.1615e+06,1.0343e+06
-2.1615e+06,1.0344e+06
-2.1615e+06,1.0344e+06
-2.1615e+06,1.0345e+06
-2.1615e+06,1.0345e+06
-2.1615e+06,1.0346e+06
-2.1616e+06,1.0346e+06
-2.1616e+06,1.0347e+06
-2.1616e+06,1.0347e+06
-2.1616e+06,1.0347e+06
-2.1616e+06,1.0348e+06
-2.1616e+06,1.0348e+06
-2.1616e+06,1.0349e+06
-2.1617e+06,1.0349e+06
-2.1617e+06,1.035e+06
-2.1617e+06,1.035e+06
-2.1617e+06,1.0351e+06
-2.1617e+06,1.0351e+06
-2.1617e+06,1.0351e+06
-2.1617e+06,1.0352e+06
-2.1618e+06,1.0352e+06
-2.1618e+06,1.0353e+06
-2.1618e+06,1.0353e+06
-2.1618e+06,1.0354e+06
-2.1618e+06,1.0354e+06
-2.1618e+06,1.0355e+06
-2.1618e+06,1.0355e+06
-2.1619e+06,1.0356e+06
-2.1619e+06,1.0356e+06
-2.1619e+06,1.0356e+06
-2.1619e+06,1.0357e+06
-2.1619e+06,1.0357e+06
-2.1619e+06,1.0358e+06
-2.1619e+06,1.0358e+06
-2.162e+06,1.0359e+06
-2.162e+06,1.0359e+06
-2.162e+06,1.036e+06
-2.162e+06,1.036e+06
-2.162e+06,1.036e+06
-2.162e+06,1.0361e+06
-2.162e+06,1.0361e+06
-2.162e+06,1.0362e+06
-2.1621e+06,1.0362e+06
-2.1621e+06,1.0363e+06
-2.1621e+06,1.0363e+06
-2.1621e+06,1.0364e+06
-2.1621e+06,1.0364e+06
-2.1621e+06,1.0365e+06
-2.1621e+06,1.0365e+06
-2.1621e+06,1.0365e+06
-2.1622e+06,1.0366e+06
-2.1622e+06,1.0366e+06
-2.1622e+06,1.0367e+06
-2.1622e+06,1.0367e+06
-2.1622e+06,1.0368e+06
-2.1622e+06,1.0368e+06
-2.1622e+06,1.0369e+06
-2.1623e+06,1.0369e+06
-2.1623e+06,1.0369e+06
-2.1623e+06,1.037e+06
-2.1623e+06,1.037e+06
-2.1623e+06,1.0371e+06
-2.1623e+06,1.0371e+06
-2.1623e+06,1.0372e+06
-2.1623e+06,1.0372e+06
-2.1623e+06,1.0373e+06
-2.1624e+06,1.0373e+06
-2.1624e+06,1.0374e+06
-2.1624e+06,1.0374e+06
-2.1624e+06,1.0374e+06
-2.1624e+06,1.0375e+06
-2.1624e+06,1.0375e+06
-2.1624e+06,1.0376e+06
-2.1624e+06,1.0376e+06
-2.1625e+06,1.0377e+06
-2.1625e+06,1.0377e+06
-2.1625e+06,1.0378e+06
-2.1625e+06,1.0378e+06
-2.1625e+06,1.0378e+06
-2.1625e+06,1.0379e+06
-2.1625e+06,1.0379e+06
-2.1625e+06,1.038e+06
-2.1625e+06,1.038e+06
-2.1626e+06,1.0381e+06
-2.1626e+06,1.0381e+06
-2.1626e+06,1.0382e+06
-2.1626e+06,1.0382e+06
-2.1626e+06,1.0383e+06
-2.1626e+06,1.0383e+06
-2.1626e+06,1.0383e+06
-2.1626e+06,1.0384e+06
-2.1627e+06,1.0384e+06
-2.1627e+06,1.0385e+06
-2.1627e+06,1.0385e+06
-2.1627e+06,1.0386e+06
-2.1627e+06,1.0386e+06
-2.1627e+06,1.0387e+06
-2.1627e+06,1.0387e+06
-2.1627e+06,1.0387e+06
-2.1627e+06,1.0388e+06
-2.1627e+06,1.0388e+06
-2.1628e+06,1.0389e+06
-2.1628e+06,1.0389e+06
-2.1628e+06,1.039e+06
-2.1628e+06,1.039e+06
-2.1628e+06,1.0391e+06
-2.1628e+06,1.0391e+06
-2.1628e+06,1.0392e+06
-2.1628e+06,1.0392e+06
-2.1628e+06,1.0392e+06
-2.1629e+06,1.0393e+06
-2.1629e+06,1.0393e+06
-2.1629e+06,1.0394e+06
-2.1629e+06,1.0394e+06
-2.1629e+06,1.0395e+06
-2.1629e+06,1.0395e+06
-2.1629e+06,1.0396e+06
-2.1629e+06,1.0396e+06
-2.1629e+06,1.0396e+06
-2.1629e+06,1.0397e+06
-2.163e+06,1.0397e+06
-2.163e+06,1.0398e+06
-2.163e+06,1.0398e+06
-2.163e+06,1.0399e+06
-2.163e+06,1.0399e+06
-2.163e+06,1.04e+06
-2.163e+06,1.04e+06
-2.163e+06,1.0401e+06
-2.163e+06,1.0401e+06
-2.163e+06,1.0401e+06
-2.1631e+06,1.0402e+06
-2.1631e+06,1.0402e+06
-2.1631e+06,1.0403e+06
-2.1631e+06,1.0403e+06
-2.1631e+06,1.0404e+06
-2.1631e+06,1.0404e+06
-2.1631e+06,1.0405e+06
-2.1631e+06,1.0405e+06
-2.1631e+06,1.0405e+06
-2.1631e+06,1.0406e+06
-2.1631e+06,1.0406e+06
-2.1632e+06,1.0407e+06
-2.1632e+06,1.0407e+06
-2.1632e+06,1.0408e+06
-2.1632e+06,1.0408e+06
-2.1632e+06,1.0409e+06
-2.1632e+06,1.0409e+06
-2.1632e+06,1.041e+06
-2.1632e+06,1.041e+06
-2.1632e+06,1.041e+06
-2.1632e+06,1.0411e+06
-2.1632e+06,1.0411e+06
-2.1632e+06,1.0412e+06
-2.1633e+06,1.0412e+06
-2.1633e+06,1.0413e+06
-2.1633e+06,1.0413e+06
-2.1633e+06,1.0414e+06
-2.1633e+06,1.0414e+06
-2.1633e+06,1.0414e+06
-2.1633e+06,1.0415e+06
-2.1633e+06,1.0415e+06
-2.1633e+06,1.0416e+06
-2.1633e+06,1.0416e+06
-2.1633e+06,1.0417e+06
-2.1633e+06,1.0417e+06
-2.1634e+06,1.0418e+06
-2.1634e+06,1.0418e+06
-2.1634e+06,1.0419e+06
-2.1634e+06,1.0419e+06
-2.1634e+06,1.0419e+06
-2.1634e+06,1.042e+06
-2.1634e+06,1.042e+06
-2.1634e+06,1.0421e+06
-2.1634e+06,1.0421e+06
-2.1634e+06,1.0422e+06
-2.1634e+06,1.0422e+06
-2.1634e+06,1.0423e+06
-2.1634e+06,1.0423e+06
-2.1635e+06,1.0423e+06
-2.1635e+06,1.0424e+06
-2.1635e+06,1.0424e+06
-2.1635e+06,1.0425e+06
-2.1635e+06,1.0425e+06
-2.1635e+06,1.0426e+06
-2.1635e+06,1.0426e+06
-2.1635e+06,1.0427e+06
-2.1635e+06,1.0427e+06
-2.1635e+06,1.0428e+06
-2.1635e+06,1.0428e+06
-2.1635e+06,1.0428e+06
-2.1635e+06,1.0429e+06
-2.1635e+06,1.0429e+06
-2.1636e+06,1.043e+06
-2.1636e+06,1.043e+06
-2.1636e+06,1.0431e+06
-2.1636e+06,1.0431e+06
-2.1636e+06,1.0432e+06
-2.1636e+06,1.0432e+06
-2.1636e+06,1.0432e+06
-2.1636e+06,1.0433e+06
-2.1636e+06,1.0433e+06
-2.1636e+06,1.0434e+06
-2.1636e+06,1.0434e+06
-2.1636e+06,1.0435e+06
-2.1636e+06,1.0435e+06
-2.1636e+06,1.0436e+06
-2.1636e+06,1.0436e+06
-2.1636e+06,1.0437e+06
-2.1637e+06,1.0437e+06
-2.1637e+06,1.0437e+06
-2.1637e+06,1.0438e+06
-2.1637e+06,1.0438e+06
-2.1637e+06,1.0439e+06
-2.1637e+06,1.0439e+06
-2.1637e+06,1.044e+06
-2.1637e+06,1.044e+06
-2.1637e+06,1.0441e+06
-2.1637e+06,1.0441e+06
-2.1637e+06,1.0441e+06
-2.1637e+06,1.0442e+06
-2.1637e+06,1.0442e+06
-2.1637e+06,1.0443e+06
-2.1637e+06,1.0443e+06
-2.1637e+06,1.0444e+06
-2.1637e+06,1.0444e+06
-2.1637e+06,1.0445e+06
-2.1638e+06,1.0445e+06
-2.1638e+06,1.0446e+06
-2.1638e+06,1.0446e+06
-2.1638e+06,1.0446e+06
-2.1638e+06,1.0447e+06
-2.1638e+06,1.0447e+06
-2.1638e+06,1.0448e+06
-2.1638e+06,1.0448e+06
-2.1638e+06,1.0449e+06
-2.1638e+06,1.0449e+06
-2.1638e+06,1.045e+06
-2.1638e+06,1.045e+06
-2.1638e+06,1.045e+06
-2.1638e+06,1.0451e+06
-2.1638e+06,1.0451e+06
-2.1638e+06,1.0452e+06
-2.1638e+06,1.0452e+06
-2.1638e+06,1.0453e+06
-2.1638e+06,1.0453e+06
-2.1638e+06,1.0454e+06
-2.1639e+06,1.0454e+06
-2.1639e+06,1.0455e+06
-2.1639e+06,1.0455e+06
-2.1639e+06,1.0455e+06
-2.1639e+06,1.0456e+06
-2.1639e+06,1.0456e+06
-2.1639e+06,1.0457e+06
-2.1639e+06,1.0457e+06
-2.1639e+06,1.0458e+06
-2.1639e+06,1.0458e+06
-2.1639e+06,1.0459e+06
-2.1639e+06,1.0459e+06
-2.1639e+06,1.0459e+06
-2.1639e+06,1.046e+06
-2.1639e+06,1.046e+06
-2.1639e+06,1.0461e+06
-2.1639e+06,1.0461e+06
-2.1639e+06,1.0462e+06
-2.1639e+06,1.0462e+06
-2.1639e+06,1.0463e+06
-2.1639e+06,1.0463e+06
-2.1639e+06,1.0464e+06
-2.1639e+06,1.0464e+06
-2.1639e+06,1.0464e+06
-2.164e+06,1.0465e+06
-2.164e+06,1.0465e+06
-2.164e+06,1.0466e+06
-2.164e+06,1.0466e+06
-2.164e+06,1.0467e+06
-2.164e+06,1.0467e+06
-2.164e+06,1.0468e+06
-2.164e+06,1.0468e+06
-2.164e+06,1.0468e+06
-2.164e+06,1.0469e+06
-2.164e+06,1.0469e+06
-2.164e+06,1.047e+06
-2.164e+06,1.047e+06
-2.164e+06,1.0471e+06
-2.164e+06,1.0471e+06
-2.164e+06,1.0472e+06
-2.164e+06,1.0472e+06
-2.164e+06,1.0473e+06
-2.164e+06,1.0473e+06
-2.164e+06,1.0473e+06
-2.164e+06,1.0474e+06
-2.164e+06,1.0474e+06
-2.164e+06,1.0475e+06
-2.164e+06,1.0475e+06
-2.164e+06,1.0476e+06
-2.164e+06,1.0476e+06
-2.164e+06,1.0477e+06
-2.164e+06,1.0477e+06
-2.164e+06,1.0477e+06
-2.164e+06,1.0478e+06
-2.164e+06,1.0478e+06
-2.1641e+06,1.0479e+06
-2.1641e+06,1.0479e+06
-2.1641e+06,1.048e+06
-2.1641e+06,1.048e+06
-2.1641e+06,1.0481e+06
-2.1641e+06,1.0481e+06
-2.1641e+06,1.0482e+06
-2.1641e+06,1.0482e+06
-2.1641e+06,1.0482e+06
-2.1641e+06,1.0483e+06
-2.1641e+06,1.0483e+06
-2.1641e+06,1.0484e+06
-2.1641e+06,1.0484e+06
-2.1641e+06,1.0485e+06
-2.1641e+06,1.0485e+06
-2.1641e+06,1.0486e+06
-2.1641e+06,1.0486e+06
-2.1641e+06,1.0486e+06
-2.1641e+06,1.0487e+06
-2.1641e+06,1.0487e+06
-2.1641e+06,1.0488e+06
-2.1641e+06,1.0488e+06
-2.1641e+06,1.0489e+06
-2.1641e+06,1.0489e+06
-2.1641e+06,1.049e+06
-2.1641e+06,1.049e+06
-2.1641e+06,1.0491e+06
-2.1641e+06,1.0491e+06
-2.1641e+06,1.0491e+06
-2.1641e+06,1.0492e+06
-2.1641e+06,1.0492e+06
-2.1641e+06,1.0493e+06
-2.1641e+06,1.0493e+06
-2.1641e+06,1.0494e+06
-2.1641e+06,1.0494e+06
-2.1641e+06,1.0495e+06
-2.1641e+06,1.0495e+06
-2.1641e+06,1.0495e+06
-2.1641e+06,1.0496e+06
-2.1641e+06,1.0496e+06
-2.1641e+06,1.0497e+06
-2.1641e+06,1.0497e+06
-2.1641e+06,1.0498e+06
-2.1641e+06,1.0498e+06
-2.1641e+06,1.0499e+06
-2.1641e+06,1.0499e+06
-2.1641e+06,1.05e+06
-2.1641e+06,1.05e+06
-2.1641e+06,1.05e+06
-2.1641e+06,1.0501e+06
-2.1641e+06,1.0501e+06
-2.1641e+06,1.0502e+06
-2.1641e+06,1.0502e+06
-2.1641e+06,1.0503e+06
-2.1641e+06,1.0503e+06
-2.1641e+06,1.0504e+06
-2.1641e+06,1.0504e+06
-2.1641e+06,1.0504e+06
-2.1641e+06,1.0505e+06
-2.1641e+06,1.0505e+06
-2.1641e+06,1.0506e+06
-2.1641e+06,1.0506e+06
-2.1641e+06,1.0507e+06
-2.1641e+06,1.0507e+06
-2.1642e+06,1.0508e+06
-2.1642e+06,1.0508e+06
-2.1642e+06,1.0509e+06
-2.1642e+06,1.0509e+06
-2.1642e+06,1.0509e+06
-2.1642e+06,1.051e+06
-2.1642e+06,1.051e+06
-2.1642e+06,1.0511e+06
-2.1642e+06,1.0511e+06
-2.1642e+06,1.0512e+06
-2.1642e+06,1.0512e+06
-2.1642e+06,1.0513e+06
-2.1642e+06,1.0513e+06
-2.1642e+06,1.0513e+06
-2.1642e+06,1.0514e+06
-2.1642e+06,1.0514e+06
-2.1642e+06,1.0515e+06
-2.1642e+06,1.0515e+06
-2.1642e+06,1.0516e+06
-2.1642e+06,1.0516e+06
-2.1642e+06,1.0517e+06
-2.1642e+06,1.0517e+06
-2.1642e+06,1.0518e+06
-2.1642e+06,1.0518e+06
-2.1642e+06,1.0518e+06
-2.1642e+06,1.0519e+06
-2.1642e+06,1.0519e+06
-2.1642e+06,1.052e+06
-2.1642e+06,1.052e+06
-2.1642e+06,1.0521e+06
-2.1642e+06,1.0521e+06
-2.1642e+06,1.0522e+06
-2.1642e+06,1.0522e+06
-2.1642e+06,1.0522e+06
-2.1642e+06,1.0523e+06
-2.1642e+06,1.0523e+06
-2.1642e+06,1.0524e+06
-2.1642e+06,1.0524e+06
-2.1642e+06,1.0525e+06
-2.1642e+06,1.0525e+06
-2.1642e+06,1.0526e+06
-2.1642e+06,1.0526e+06
-2.1642e+06,1.0527e+06
-2.1642e+06,1.0527e+06
-2.1641e+06,1.0527e+06
-2.1641e+06,1.0528e+06
-2.1641e+06,1.0528e+06
-2.1641e+06,1.0529e+06
-2.1641e+06,1.0529e+06
-2.1641e+06,1.053e+06
-2.1641e+06,1.053e+06
-2.1641e+06,1.0531e+06
-2.1641e+06,1.0531e+06
-2.1641e+06,1.0531e+06
-2.1641e+06,1.0532e+06
-2.1641e+06,1.0532e+06
-2.1641e+06,1.0533e+06
-2.1641e+06,1.0533e+06
-2.1641e+06,1.0534e+06
-2.1641e+06,1.0534e+06
-2.1641e+06,1.0535e+06
-2.1641e+06,1.0535e+06
-2.1641e+06,1.0536e+06
-2.1641e+06,1.0536e+06
-2.1641e+06,1.0536e+06
-2.1641e+06,1.0537e+06
-2.1641e+06,1.0537e+06
-2.1641e+06,1.0538e+06
-2.1641e+06,1.0538e+06
-2.1641e+06,1.0539e+06
-2.1641e+06,1.0539e+06
-2.1641e+06,1.054e+06
-2.1641e+06,1.054e+06
-2.1641e+06,1.054e+06
-2.1641e+06,1.0541e+06
-2.1641e+06,1.0541e+06
-2.1641e+06,1.0542e+06
-2.1641e+06,1.0542e+06
-2.1641e+06,1.0543e+06
-2.1641e+06,1.0543e+06
-2.1641e+06,1.0544e+06
-2.1641e+06,1.0544e+06
-2.1641e+06,1.0545e+06
-2.1641e+06,1.0545e+06
-2.1641e+06,1.0545e+06
-2.1641e+06,1.0546e+06
-2.1641e+06,1.0546e+06
-2.1641e+06,1.0547e+06
-2.1641e+06,1.0547e+06
-2.1641e+06,1.0548e+06
-2.1641e+06,1.0548e+06
-2.1641e+06,1.0549e+06
-2.1641e+06,1.0549e+06
-2.1641e+06,1.0549e+06
-2.1641e+06,1.055e+06
-2.1641e+06,1.055e+06
-2.1641e+06,1.0551e+06
-2.1641e+06,1.0551e+06
-2.1641e+06,1.0552e+06
-2.1641e+06,1.0552e+06
-2.1641e+06,1.0553e+06
-2.1641e+06,1.0553e+06
-2.1641e+06,1.0554e+06
-2.1641e+06,1.0554e+06
-2.1641e+06,1.0554e+06
-2.1641e+06,1.0555e+06
-2.1641e+06,1.0555e+06
-2.1641e+06,1.0556e+06
-2.1641e+06,1.0556e+06
-2.1641e+06,1.0557e+06
-2.164e+06,1.0557e+06
-2.164e+06,1.0558e+06
-2.164e+06,1.0558e+06
-2.164e+06,1.0558e+06
-2.164e+06,1.0559e+06
-2.164e+06,1.0559e+06
-2.164e+06,1.056e+06
-2.164e+06,1.056e+06
-2.164e+06,1.0561e+06
-2.164e+06,1.0561e+06
-2.164e+06,1.0562e+06
-2.164e+06,1.0562e+06
-2.164e+06,1.0563e+06
-2.164e+06,1.0563e+06
-2.164e+06,1.0563e+06
-2.164e+06,1.0564e+06
-2.164e+06,1.0564e+06
-2.164e+06,1.0565e+06
-2.164e+06,1.0565e+06
-2.164e+06,1.0566e+06
-2.164e+06,1.0566e+06
-2.164e+06,1.0567e+06
-2.164e+06,1.0567e+06
-2.164e+06,1.0567e+06
-2.164e+06,1.0568e+06
-2.164e+06,1.0568e+06
-2.164e+06,1.0569e+06
-2.164e+06,1.0569e+06
-2.164e+06,1.057e+06
-2.164e+06,1.057e+06
-2.164e+06,1.0571e+06
-2.164e+06,1.0571e+06
-2.164e+06,1.0572e+06
-2.164e+06,1.0572e+06
-2.1639e+06,1.0572e+06
-2.1639e+06,1.0573e+06
-2.1639e+06,1.0573e+06
-2.1639e+06,1.0574e+06
-2.1639e+06,1.0574e+06
-2.1639e+06,1.0575e+06
-2.1639e+06,1.0575e+06
-2.1639e+06,1.0576e+06
-2.1639e+06,1.0576e+06
-2.1639e+06,1.0576e+06
-2.1639e+06,1.0577e+06
-2.1639e+06,1.0577e+06
-2.1639e+06,1.0578e+06
-2.1639e+06,1.0578e+06
-2.1639e+06,1.0579e+06
-2.1639e+06,1.0579e+06
-2.1639e+06,1.058e+06
-2.1639e+06,1.058e+06
-2.1639e+06,1.0581e+06
-2.1639e+06,1.0581e+06
-2.1639e+06,1.0581e+06
-2.1639e+06,1.0582e+06
-2.1639e+06,1.0582e+06
-2.1639e+06,1.0583e+06
-2.1639e+06,1.0583e+06
-2.1639e+06,1.0584e+06
-2.1638e+06,1.0584e+06
-2.1638e+06,1.0585e+06
-2.1638e+06,1.0585e+06
-2.1638e+06,1.0585e+06
-2.1638e+06,1.0586e+06
-2.1638e+06,1.0586e+06
-2.1638e+06,1.0587e+06
-2.1638e+06,1.0587e+06
-2.1638e+06,1.0588e+06
-2.1638e+06,1.0588e+06
-2.1638e+06,1.0589e+06
-2.1638e+06,1.0589e+06
-2.1638e+06,1.059e+06
-2.1638e+06,1.059e+06
-2.1638e+06,1.059e+06
-2.1638e+06,1.0591e+06
-2.1638e+06,1.0591e+06
-2.1638e+06,1.0592e+06
-2.1638e+06,1.0592e+06
-2.1638e+06,1.0593e+06
-2.1638e+06,1.0593e+06
-2.1638e+06,1.0594e+06
-2.1638e+06,1.0594e+06
-2.1637e+06,1.0594e+06
-2.1637e+06,1.0595e+06
-2.1637e+06,1.0595e+06
-2.1637e+06,1.0596e+06
-2.1637e+06,1.0596e+06
-2.1637e+06,1.0597e+06
-2.1637e+06,1.0597e+06
-2.1637e+06,1.0598e+06
-2.1637e+06,1.0598e+06
-2.1637e+06,1.0599e+06
-2.1637e+06,1.0599e+06
-2.1637e+06,1.0599e+06
-2.1637e+06,1.06e+06
-2.1637e+06,1.06e+06
-2.1637e+06,1.0601e+06
-2.1637e+06,1.0601e+06
-2.1637e+06,1.0602e+06
-2.1637e+06,1.0602e+06
-2.1637e+06,1.0603e+06
-2.1637e+06,1.0603e+06
-2.1636e+06,1.0603e+06
-2.1636e+06,1.0604e+06
-2.1636e+06,1.0604e+06
-2.1636e+06,1.0605e+06
-2.1636e+06,1.0605e+06
-2.1636e+06,1.0606e+06
-2.1636e+06,1.0606e+06
-2.1636e+06,1.0607e+06
-2.1636e+06,1.0607e+06
-2.1636e+06,1.0608e+06
-2.1636e+06,1.0608e+06
-2.1636e+06,1.0608e+06
-2.1636e+06,1.0609e+06
-2.1636e+06,1.0609e+06
-2.1636e+06,1.061e+06
-2.1636e+06,1.061e+06
-2.1636e+06,1.0611e+06
-2.1636e+06,1.0611e+06
-2.1635e+06,1.0612e+06
-2.1635e+06,1.0612e+06
-2.1635e+06,1.0612e+06
-2.1635e+06,1.0613e+06
-2.1635e+06,1.0613e+06
-2.1635e+06,1.0614e+06
-2.1635e+06,1.0614e+06
-2.1635e+06,1.0615e+06
-2.1635e+06,1.0615e+06
-2.1635e+06,1.0616e+06
-2.1635e+06,1.0616e+06
-2.1635e+06,1.0617e+06
-2.1635e+06,1.0617e+06
-2.1635e+06,1.0617e+06
-2.1635e+06,1.0618e+06
-2.1635e+06,1.0618e+06
-2.1635e+06,1.0619e+06
-2.1634e+06,1.0619e+06
-2.1634e+06,1.062e+06
-2.1634e+06,1.062e+06
-2.1634e+06,1.0621e+06
-2.1634e+06,1.0621e+06
-2.1634e+06,1.0621e+06
-2.1634e+06,1.0622e+06
-2.1634e+06,1.0622e+06
-2.1634e+06,1.0623e+06
-2.1634e+06,1.0623e+06
-2.1634e+06,1.0624e+06
-2.1634e+06,1.0624e+06
-2.1634e+06,1.0625e+06
-2.1634e+06,1.0625e+06
-2.1634e+06,1.0626e+06
-2.1633e+06,1.0626e+06
-2.1633e+06,1.0626e+06
-2.1633e+06,1.0627e+06
-2.1633e+06,1.0627e+06
-2.1633e+06,1.0628e+06
-2.1633e+06,1.0628e+06
-2.1633e+06,1.0629e+06
-2.1633e+06,1.0629e+06
-2.1633e+06,1.063e+06
-2.1633e+06,1.063e+06
-2.1633e+06,1.063e+06
-2.1633e+06,1.0631e+06
-2.1633e+06,1.0631e+06
-2.1633e+06,1.0632e+06
-2.1633e+06,1.0632e+06
-2.1632e+06,1.0633e+06
-2.1632e+06,1.0633e+06
-2.1632e+06,1.0634e+06
-2.1632e+06,1.0634e+06
-2.1632e+06,1.0635e+06
-2.1632e+06,1.0635e+06
-2.1632e+06,1.0635e+06
-2.1632e+06,1.0636e+06
-2.1632e+06,1.0636e+06
-2.1632e+06,1.0637e+06
-2.1632e+06,1.0637e+06
-2.1632e+06,1.0638e+06
-2.1632e+06,1.0638e+06
-2.1631e+06,1.0639e+06
-2.1631e+06,1.0639e+06
-2.1631e+06,1.0639e+06
-2.1631e+06,1.064e+06
-2.1631e+06,1.064e+06
-2.1631e+06,1.0641e+06
-2.1631e+06,1.0641e+06
-2.1631e+06,1.0642e+06
-2.1631e+06,1.0642e+06
-2.1631e+06,1.0643e+06
-2.1631e+06,1.0643e+06
-2.1631e+06,1.0644e+06
-2.1631e+06,1.0644e+06
-2.163e+06,1.0644e+06
-2.163e+06,1.0645e+06
-2.163e+06,1.0645e+06
-2.163e+06,1.0646e+06
-2.163e+06,1.0646e+06
-2.163e+06,1.0647e+06
-2.163e+06,1.0647e+06
-2.163e+06,1.0648e+06
-2.163e+06,1.0648e+06
-2.163e+06,1.0648e+06
-2.163e+06,1.0649e+06
-2.163e+06,1.0649e+06
-2.163e+06,1.065e+06
-2.1629e+06,1.065e+06
-2.1629e+06,1.0651e+06
-2.1629e+06,1.0651e+06
-2.1629e+06,1.0652e+06
-2.1629e+06,1.0652e+06
-2.1629e+06,1.0653e+06
-2.1629e+06,1.0653e+06
-2.1629e+06,1.0653e+06
-2.1629e+06,1.0654e+06
-2.1629e+06,1.0654e+06
-2.1629e+06,1.0655e+06
-2.1629e+06,1.0655e+06
-2.1628e+06,1.0656e+06
-2.1628e+06,1.0656e+06
-2.1628e+06,1.0657e+06
-2.1628e+06,1.0657e+06
-2.1628e+06,1.0657e+06
-2.1628e+06,1.0658e+06
-2.1628e+06,1.0658e+06
-2.1628e+06,1.0659e+06
-2.1628e+06,1.0659e+06
-2.1628e+06,1.066e+06
-2.1628e+06,1.066e+06
-2.1627e+06,1.0661e+06
-2.1627e+06,1.0661e+06
-2.1627e+06,1.0662e+06
-2.1627e+06,1.0662e+06
-2.1627e+06,1.0662e+06
-2.1627e+06,1.0663e+06
-2.1627e+06,1.0663e+06
-2.1627e+06,1.0664e+06
-2.1627e+06,1.0664e+06
-2.1627e+06,1.0665e+06
-2.1627e+06,1.0665e+06
-2.1626e+06,1.0666e+06
-2.1626e+06,1.0666e+06
-2.1626e+06,1.0666e+06
-2.1626e+06,1.0667e+06
-2.1626e+06,1.0667e+06
-2.1626e+06,1.0668e+06
-2.1626e+06,1.0668e+06
-2.1626e+06,1.0669e+06
-2.1626e+06,1.0669e+06
-2.1626e+06,1.067e+06
-2.1625e+06,1.067e+06
-2.1625e+06,1.0671e+06
-2.1625e+06,1.0671e+06
-2.1625e+06,1.0671e+06
-2.1625e+06,1.0672e+06
-2.1625e+06,1.0672e+06
-2.1625e+06,1.0673e+06
-2.1625e+06,1.0673e+06
-2.1625e+06,1.0674e+06
-2.1625e+06,1.0674e+06
-2.1625e+06,1.0675e+06
-2.1624e+06,1.0675e+06
-2.1624e+06,1.0675e+06
-2.1624e+06,1.0676e+06
-2.1624e+06,1.0676e+06
-2.1624e+06,1.0677e+06
-2.1624e+06,1.0677e+06
-2.1624e+06,1.0678e+06
-2.1624e+06,1.0678e+06
-2.1624e+06,1.0679e+06
-2.1624e+06,1.0679e+06
-2.1623e+06,1.068e+06
-2.1623e+06,1.068e+06
-2.1623e+06,1.068e+06
-2.1623e+06,1.0681e+06
-2.1623e+06,1.0681e+06
-2.1623e+06,1.0682e+06
-2.1623e+06,1.0682e+06
-2.1623e+06,1.0683e+06
-2.1623e+06,1.0683e+06
-2.1622e+06,1.0684e+06
-2.1622e+06,1.0684e+06
-2.1622e+06,1.0684e+06
-2.1622e+06,1.0685e+06
-2.1622e+06,1.0685e+06
-2.1622e+06,1.0686e+06
-2.1622e+06,1.0686e+06
-2.1622e+06,1.0687e+06
-2.1622e+06,1.0687e+06
-2.1622e+06,1.0688e+06
-2.1621e+06,1.0688e+06
-2.1621e+06,1.0689e+06
-2.1621e+06,1.0689e+06
-2.1621e+06,1.0689e+06
-2.1621e+06,1.069e+06
-2.1621e+06,1.069e+06
-2.1621e+06,1.0691e+06
-2.1621e+06,1.0691e+06
-2.1621e+06,1.0692e+06
-2.162e+06,1.0692e+06
-2.162e+06,1.0693e+06
-2.162e+06,1.0693e+06
-2.162e+06,1.0693e+06
-2.162e+06,1.0694e+06
-2.162e+06,1.0694e+06
-2.162e+06,1.0695e+06
-2.162e+06,1.0695e+06
-2.162e+06,1.0696e+06
-2.1619e+06,1.0696e+06
-2.1619e+06,1.0697e+06
-2.1619e+06,1.0697e+06
-2.1619e+06,1.0698e+06
-2.1619e+06,1.0698e+06
-2.1619e+06,1.0698e+06
-2.1619e+06,1.0699e+06
-2.1619e+06,1.0699e+06
-2.1619e+06,1.07e+06
-2.1618e+06,1.07e+06
-2.1618e+06,1.0701e+06
-2.1618e+06,1.0701e+06
-2.1618e+06,1.0702e+06
-2.1618e+06,1.0702e+06
-2.1618e+06,1.0702e+06
-2.1618e+06,1.0703e+06
-2.1618e+06,1.0703e+06
-2.1617e+06,1.0704e+06
-2.1617e+06,1.0704e+06
-2.1617e+06,1.0705e+06
-2.1617e+06,1.0705e+06
-2.1617e+06,1.0706e+06
-2.1617e+06,1.0706e+06
-2.1617e+06,1.0707e+06
-2.1617e+06,1.0707e+06
-2.1616e+06,1.0707e+06
-2.1616e+06,1.0708e+06
-2.1616e+06,1.0708e+06
-2.1616e+06,1.0709e+06
-2.1616e+06,1.0709e+06
-2.1616e+06,1.071e+06
-2.1616e+06,1.071e+06
-2.1616e+06,1.0711e+06
-2.1616e+06,1.0711e+06
-2.1615e+06,1.0711e+06
-2.1615e+06,1.0712e+06
-2.1615e+06,1.0712e+06
-2.1615e+06,1.0713e+06
-2.1615e+06,1.0713e+06
-2.1615e+06,1.0714e+06
-2.1615e+06,1.0714e+06
-2.1615e+06,1.0715e+06
-2.1614e+06,1.0715e+06
-2.1614e+06,1.0716e+06
-2.1614e+06,1.0716e+06
-2.1614e+06,1.0716e+06
-2.1614e+06,1.0717e+06
-2.1614e+06,1.0717e+06
-2.1614e+06,1.0718e+06
-2.1614e+06,1.0718e+06
-2.1613e+06,1.0719e+06
-2.1613e+06,1.0719e+06
-2.1613e+06,1.072e+06
-2.1613e+06,1.072e+06
-2.1613e+06,1.072e+06
-2.1613e+06,1.0721e+06
-2.1613e+06,1.0721e+06
-2.1612e+06,1.0722e+06
-2.1612e+06,1.0722e+06
-2.1612e+06,1.0723e+06
-2.1612e+06,1.0723e+06
-2.1612e+06,1.0724e+06
-2.1612e+06,1.0724e+06
-2.1612e+06,1.0725e+06
-2.1612e+06,1.0725e+06
-2.1611e+06,1.0725e+06
-2.1611e+06,1.0726e+06
-2.1611e+06,1.0726e+06
-2.1611e+06,1.0727e+06
-2.1611e+06,1.0727e+06
-2.1611e+06,1.0728e+06
-2.1611e+06,1.0728e+06
-2.161e+06,1.0729e+06
-2.161e+06,1.0729e+06
-2.161e+06,1.0729e+06
-2.161e+06,1.073e+06
-2.161e+06,1.073e+06
-2.161e+06,1.0731e+06
-2.161e+06,1.0731e+06
-2.161e+06,1.0732e+06
-2.1609e+06,1.0732e+06
-2.1609e+06,1.0733e+06
-2.1609e+06,1.0733e+06
-2.1609e+06,1.0734e+06
-2.1609e+06,1.0734e+06
-2.1609e+06,1.0734e+06
-2.1609e+06,1.0735e+06
-2.1608e+06,1.0735e+06
-2.1608e+06,1.0736e+06
-2.1608e+06,1.0736e+06
-2.1608e+06,1.0737e+06
-2.1608e+06,1.0737e+06
-2.1608e+06,1.0738e+06
-2.1608e+06,1.0738e+06
-2.1607e+06,1.0738e+06
-2.1607e+06,1.0739e+06
-2.1607e+06,1.0739e+06
-2.1607e+06,1.074e+06
-2.1607e+06,1.074e+06
-2.1607e+06,1.0741e+06
-2.1607e+06,1.0741e+06
-2.1606e+06,1.0742e+06
-2.1606e+06,1.0742e+06
-2.1606e+06,1.0743e+06
-2.1606e+06,1.0743e+06
-2.1606e+06,1.0743e+06
-2.1606e+06,1.0744e+06
-2.1606e+06,1.0744e+06
-2.1605e+06,1.0745e+06
-2.1605e+06,1.0745e+06
-2.1605e+06,1.0746e+06
-2.1605e+06,1.0746e+06
-2.1605e+06,1.0747e+06
-2.1605e+06,1.0747e+06
-2.1605e+06,1.0747e+06
-2.1604e+06,1.0748e+06
-2.1604e+06,1.0748e+06
-2.1604e+06,1.0749e+06
-2.1604e+06,1.0749e+06
-2.1604e+06,1.075e+06
-2.1604e+06,1.075e+06
-2.1603e+06,1.0751e+06
-2.1603e+06,1.0751e+06
-2.1603e+06,1.0752e+06
-2.1603e+06,1.0752e+06
-2.1603e+06,1.0752e+06
-2.1603e+06,1.0753e+06
-2.1603e+06,1.0753e+06
-2.1602e+06,1.0754e+06
-2.1602e+06,1.0754e+06
-2.1602e+06,1.0755e+06
-2.1602e+06,1.0755e+06
-2.1602e+06,1.0756e+06
-2.1602e+06,1.0756e+06
-2.1601e+06,1.0756e+06
-2.1601e+06,1.0757e+06
-2.1601e+06,1.0757e+06
-2.1601e+06,1.0758e+06
-2.1601e+06,1.0758e+06
-2.1601e+06,1.0759e+06
-2.1601e+06,1.0759e+06
-2.16e+06,1.076e+06
-2.16e+06,1.076e+06
-2.16e+06,1.0761e+06
-2.16e+06,1.0761e+06
-2.16e+06,1.0761e+06
-2.16e+06,1.0762e+06
-2.1599e+06,1.0762e+06
-2.1599e+06,1.0763e+06
-2.1599e+06,1.0763e+06
-2.1599e+06,1.0764e+06
-2.1599e+06,1.0764e+06
-2.1599e+06,1.0765e+06
-2.1598e+06,1.0765e+06
-2.1598e+06,1.0765e+06
-2.1598e+06,1.0766e+06
-2.1598e+06,1.0766e+06
-2.1598e+06,1.0767e+06
-2.1598e+06,1.0767e+06
-2.1597e+06,1.0768e+06
-2.1597e+06,1.0768e+06
-2.1597e+06,1.0769e+06
-2.1597e+06,1.0769e+06
-2.1597e+06,1.077e+06
-2.1597e+06,1.077e+06
-2.1596e+06,1.077e+06
-2.1596e+06,1.0771e+06
-2.1596e+06,1.0771e+06
-2.1596e+06,1.0772e+06
-2.1596e+06,1.0772e+06
-2.1596e+06,1.0773e+06
-2.1596e+06,1.0773e+06
-2.1595e+06,1.0774e+06
-2.1595e+06,1.0774e+06
-2.1595e+06,1.0774e+06
-2.1595e+06,1.0775e+06
-2.1595e+06,1.0775e+06
-2.1594e+06,1.0776e+06
-2.1594e+06,1.0776e+06
-2.1594e+06,1.0777e+06
-2.1594e+06,1.0777e+06
-2.1594e+06,1.0778e+06
-2.1594e+06,1.0778e+06
-2.1593e+06,1.0779e+06
-2.1593e+06,1.0779e+06
-2.1593e+06,1.0779e+06
-2.1593e+06,1.078e+06
-2.1593e+06,1.078e+06
-2.1593e+06,1.0781e+06
-2.1592e+06,1.0781e+06
-2.1592e+06,1.0782e+06
-2.1592e+06,1.0782e+06
-2.1592e+06,1.0783e+06
-2.1592e+06,1.0783e+06
-2.1592e+06,1.0783e+06
-2.1591e+06,1.0784e+06
-2.1591e+06,1.0784e+06
-2.1591e+06,1.0785e+06
-2.1591e+06,1.0785e+06
-2.1591e+06,1.0786e+06
-2.1591e+06,1.0786e+06
-2.159e+06,1.0787e+06
-2.159e+06,1.0787e+06
-2.159e+06,1.0788e+06
-2.159e+06,1.0788e+06
-2.159e+06,1.0788e+06
-2.1589e+06,1.0789e+06
-2.1589e+06,1.0789e+06
-2.1589e+06,1.079e+06
-2.1589e+06,1.079e+06
-2.1589e+06,1.0791e+06
-2.1589e+06,1.0791e+06
-2.1588e+06,1.0792e+06
-2.1588e+06,1.0792e+06
-2.1588e+06,1.0792e+06
-2.1588e+06,1.0793e+06
-2.1588e+06,1.0793e+06
-2.1588e+06,1.0794e+06
-2.1587e+06,1.0794e+06
-2.1587e+06,1.0795e+06
-2.1587e+06,1.0795e+06
-2.1587e+06,1.0796e+06
-2.1587e+06,1.0796e+06
-2.1586e+06,1.0797e+06
-2.1586e+06,1.0797e+06
-2.1586e+06,1.0797e+06
-2.1586e+06,1.0798e+06
-2.1586e+06,1.0798e+06
-2.1586e+06,1.0799e+06
-2.1585e+06,1.0799e+06
-2.1585e+06,1.08e+06
-2.1585e+06,1.08e+06
-2.1585e+06,1.0801e+06
-2.1585e+06,1.0801e+06
-2.1584e+06,1.0801e+06
-2.1584e+06,1.0802e+06
-2.1584e+06,1.0802e+06
-2.1584e+06,1.0803e+06
-2.1584e+06,1.0803e+06
-2.1583e+06,1.0804e+06
-2.1583e+06,1.0804e+06
-2.1583e+06,1.0805e+06
-2.1583e+06,1.0805e+06
-2.1583e+06,1.0806e+06
-2.1583e+06,1.0806e+06
-2.1582e+06,1.0806e+06
-2.1582e+06,1.0807e+06
-2.1582e+06,1.0807e+06
-2.1582e+06,1.0808e+06
-2.1582e+06,1.0808e+06
-2.1581e+06,1.0809e+06
-2.1581e+06,1.0809e+06
-2.1581e+06,1.081e+06
-2.1581e+06,1.081e+06
-2.1581e+06,1.081e+06
-2.158e+06,1.0811e+06
-2.158e+06,1.0811e+06
-2.158e+06,1.0812e+06
-2.158e+06,1.0812e+06
-2.158e+06,1.0813e+06
-2.1579e+06,1.0813e+06
-2.1579e+06,1.0814e+06
-2.1579e+06,1.0814e+06
-2.1579e+06,1.0815e+06
-2.1579e+06,1.0815e+06
-2.1578e+06,1.0815e+06
-2.1578e+06,1.0816e+06
-2.1578e+06,1.0816e+06
-2.1578e+06,1.0817e+06
-2.1578e+06,1.0817e+06
-2.1577e+06,1.0818e+06
-2.1577e+06,1.0818e+06
-2.1577e+06,1.0819e+06
-2.1577e+06,1.0819e+06
-2.1577e+06,1.0819e+06
-2.1577e+06,1.082e+06
-2.1576e+06,1.082e+06
-2.1576e+06,1.0821e+06
-2.1576e+06,1.0821e+06
-2.1576e+06,1.0822e+06
-2.1576e+06,1.0822e+06
-2.1575e+06,1.0823e+06
-2.1575e+06,1.0823e+06
-2.1575e+06,1.0824e+06
-2.1575e+06,1.0824e+06
-2.1574e+06,1.0824e+06
-2.1574e+06,1.0825e+06
-2.1574e+06,1.0825e+06
-2.1574e+06,1.0826e+06
-2.1574e+06,1.0826e+06
-2.1573e+06,1.0827e+06
-2.1573e+06,1.0827e+06
-2.1573e+06,1.0828e+06
-2.1573e+06,1.0828e+06
-2.1573e+06,1.0828e+06
-2.1572e+06,1.0829e+06
-2.1572e+06,1.0829e+06
-2.1572e+06,1.083e+06
-2.1572e+06,1.083e+06
-2.1572e+06,1.0831e+06
-2.1571e+06,1.0831e+06
-2.1571e+06,1.0832e+06
-2.1571e+06,1.0832e+06
-2.1571e+06,1.0833e+06
-2.1571e+06,1.0833e+06
-2.157e+06,1.0833e+06
-2.157e+06,1.0834e+06
-2.157e+06,1.0834e+06
-2.157e+06,1.0835e+06
-2.157e+06,1.0835e+06
-2.1569e+06,1.0836e+06
-2.1569e+06,1.0836e+06
-2.1569e+06,1.0837e+06
-2.1569e+06,1.0837e+06
-2.1568e+06,1.0837e+06
-2.1568e+06,1.0838e+06
-2.1568e+06,1.0838e+06
-2.1568e+06,1.0839e+06
-2.1568e+06,1.0839e+06
-2.1567e+06,1.084e+06
-2.1567e+06,1.084e+06
-2.1567e+06,1.0841e+06
-2.1567e+06,1.0841e+06
-2.1567e+06,1.0842e+06
-2.1566e+06,1.0842e+06
-2.1566e+06,1.0842e+06
-2.1566e+06,1.0843e+06
-2.1566e+06,1.0843e+06
-2.1565e+06,1.0844e+06
-2.1565e+06,1.0844e+06
-2.1565e+06,1.0845e+06
-2.1565e+06,1.0845e+06
-2.1565e+06,1.0846e+06
-2.1564e+06,1.0846e+06
-2.1564e+06,1.0846e+06
-2.1564e+06,1.0847e+06
-2.1564e+06,1.0847e+06
-2.1564e+06,1.0848e+06
-2.1563e+06,1.0848e+06
-2.1563e+06,1.0849e+06
-2.1563e+06,1.0849e+06
-2.1563e+06,1.085e+06
-2.1562e+06,1.085e+06
-2.1562e+06,1.0851e+06
-2.1562e+06,1.0851e+06
-2.1562e+06,1.0851e+06
-2.1562e+06,1.0852e+06
-2.1561e+06,1.0852e+06
-2.1561e+06,1.0853e+06
-2.1561e+06,1.0853e+06
-2.1561e+06,1.0854e+06
-2.156e+06,1.0854e+06
-2.156e+06,1.0855e+06
-2.156e+06,1.0855e+06
-2.156e+06,1.0855e+06
-2.156e+06,1.0856e+06
-2.1559e+06,1.0856e+06
-2.1559e+06,1.0857e+06
-2.1559e+06,1.0857e+06
-2.1559e+06,1.0858e+06
-2.1558e+06,1.0858e+06
-2.1558e+06,1.0859e+06
-2.1558e+06,1.0859e+06
-2.1558e+06,1.086e+06
-2.1557e+06,1.086e+06
-2.1557e+06,1.086e+06
-2.1557e+06,1.0861e+06
-2.1557e+06,1.0861e+06
-2.1557e+06,1.0862e+06
-2.1556e+06,1.0862e+06
-2.1556e+06,1.0863e+06
-2.1556e+06,1.0863e+06
-2.1556e+06,1.0864e+06
-2.1555e+06,1.0864e+06
-2.1555e+06,1.0864e+06
-2.1555e+06,1.0865e+06
-2.1555e+06,1.0865e+06
-2.1554e+06,1.0866e+06
-2.1554e+06,1.0866e+06
-2.1554e+06,1.0867e+06
-2.1554e+06,1.0867e+06
-2.1554e+06,1.0868e+06
-2.1553e+06,1.0868e+06
-2.1553e+06,1.0869e+06
-2.1553e+06,1.0869e+06
-2.1553e+06,1.0869e+06
-2.1552e+06,1.087e+06
-2.1552e+06,1.087e+06
-2.1552e+06,1.0871e+06
-2.1552e+06,1.0871e+06
-2.1551e+06,1.0872e+06
-2.1551e+06,1.0872e+06
-2.1551e+06,1.0873e+06
-2.1551e+06,1.0873e+06
-2.155e+06,1.0873e+06
-2.155e+06,1.0874e+06
-2.155e+06,1.0874e+06
-2.155e+06,1.0875e+06
-2.155e+06,1.0875e+06
-2.1549e+06,1.0876e+06
-2.1549e+06,1.0876e+06
-2.1549e+06,1.0877e+06
-2.1549e+06,1.0877e+06
-2.1548e+06,1.0878e+06
-2.1548e+06,1.0878e+06
-2.1548e+06,1.0878e+06
-2.1548e+06,1.0879e+06
-2.1547e+06,1.0879e+06
-2.1547e+06,1.088e+06
-2.1547e+06,1.088e+06
-2.1547e+06,1.0881e+06
-2.1546e+06,1.0881e+06
-2.1546e+06,1.0882e+06
-2.1546e+06,1.0882e+06
-2.1546e+06,1.0882e+06
-2.1545e+06,1.0883e+06
-2.1545e+06,1.0883e+06
-2.1545e+06,1.0884e+06
-2.1545e+06,1.0884e+06
-2.1544e+06,1.0885e+06
-2.1544e+06,1.0885e+06
-2.1544e+06,1.0886e+06
-2.1544e+06,1.0886e+06
-2.1543e+06,1.0887e+06
-2.1543e+06,1.0887e+06
-2.1543e+06,1.0887e+06
-2.1543e+06,1.0888e+06
-2.1542e+06,1.0888e+06
-2.1542e+06,1.0889e+06
-2.1542e+06,1.0889e+06
-2.1542e+06,1.089e+06
-2.1541e+06,1.089e+06
-2.1541e+06,1.0891e+06
-2.1541e+06,1.0891e+06
-2.1541e+06,1.0891e+06
-2.154e+06,1.0892e+06
-2.154e+06,1.0892e+06
-2.154e+06,1.0893e+06
-2.154e+06,1.0893e+06
-2.1539e+06,1.0894e+06
-2.1539e+06,1.0894e+06
-2.1539e+06,1.0895e+06
-2.1539e+06,1.0895e+06
-2.1538e+06,1.0896e+06
-2.1538e+06,1.0896e+06
-2.1538e+06,1.0896e+06
-2.1538e+06,1.0897e+06
-2.1537e+06,1.0897e+06
-2.1537e+06,1.0898e+06
-2.1537e+06,1.0898e+06
-2.1537e+06,1.0899e+06
-2.1536e+06,1.0899e+06
-2.1536e+06,1.09e+06
-2.1536e+06,1.09e+06
-2.1536e+06,1.09e+06
-2.1535e+06,1.0901e+06
-2.1535e+06,1.0901e+06
-2.1535e+06,1.0902e+06
-2.1535e+06,1.0902e+06
-2.1534e+06,1.0903e+06
-2.1534e+06,1.0903e+06
-2.1534e+06,1.0904e+06
-2.1534e+06,1.0904e+06
-2.1533e+06,1.0905e+06
-2.1533e+06,1.0905e+06
-2.1533e+06,1.0905e+06
-2.1532e+06,1.0906e+06
-2.1532e+06,1.0906e+06
-2.1532e+06,1.0907e+06
-2.1532e+06,1.0907e+06
-2.1531e+06,1.0908e+06
-2.1531e+06,1.0908e+06
-2.1531e+06,1.0909e+06
-2.1531e+06,1.0909e+06
-2.153e+06,1.0909e+06
-2.153e+06,1.091e+06
-2.153e+06,1.091e+06
-2.153e+06,1.0911e+06
-2.1529e+06,1.0911e+06
-2.1529e+06,1.0912e+06
-2.1529e+06,1.0912e+06
-2.1529e+06,1.0913e+06
-2.1528e+06,1.0913e+06
-2.1528e+06,1.0914e+06
-2.1528e+06,1.0914e+06
-2.1527e+06,1.0914e+06
-2.1527e+06,1.0915e+06
-2.1527e+06,1.0915e+06
-2.1527e+06,1.0916e+06
-2.1526e+06,1.0916e+06
-2.1526e+06,1.0917e+06
-2.1526e+06,1.0917e+06
-2.1526e+06,1.0918e+06
-2.1525e+06,1.0918e+06
-2.1525e+06,1.0918e+06
-2.1525e+06,1.0919e+06
-2.1524e+06,1.0919e+06
-2.1524e+06,1.092e+06
-2.1524e+06,1.092e+06
-2.1524e+06,1.0921e+06
-2.1523e+06,1.0921e+06
-2.1523e+06,1.0922e+06
-2.1523e+06,1.0922e+06
-2.1523e+06,1.0923e+06
-2.1522e+06,1.0923e+06
-2.1522e+06,1.0923e+06
-2.1522e+06,1.0924e+06
-2.1521e+06,1.0924e+06
-2.1521e+06,1.0925e+06
-2.1521e+06,1.0925e+06
-2.1521e+06,1.0926e+06
-2.152e+06,1.0926e+06
-2.152e+06,1.0927e+06
-2.152e+06,1.0927e+06
-2.152e+06,1.0927e+06
-2.1519e+06,1.0928e+06
-2.1519e+06,1.0928e+06
-2.1519e+06,1.0929e+06
-2.1518e+06,1.0929e+06
-2.1518e+06,1.093e+06
-2.1518e+06,1.093e+06
-2.1518e+06,1.0931e+06
-2.1517e+06,1.0931e+06
-2.1517e+06,1.0932e+06
-2.1517e+06,1.0932e+06
-2.1516e+06,1.0932e+06
-2.1516e+06,1.0933e+06
-2.1516e+06,1.0933e+06
-2.1516e+06,1.0934e+06
-2.1515e+06,1.0934e+06
-2.1515e+06,1.0935e+06
-2.1515e+06,1.0935e+06
-2.1514e+06,1.0936e+06
-2.1514e+06,1.0936e+06
-2.1514e+06,1.0936e+06
-2.1514e+06,1.0937e+06
-2.1513e+06,1.0937e+06
-2.1513e+06,1.0938e+06
-2.1513e+06,1.0938e+06
-2.1513e+06,1.0939e+06
-2.1512e+06,1.0939e+06
-2.1512e+06,1.094e+06
-2.1512e+06,1.094e+06
-2.1511e+06,1.0941e+06
-2.1511e+06,1.0941e+06
-2.1511e+06,1.0941e+06
-2.1511e+06,1.0942e+06
-2.151e+06,1.0942e+06
-2.151e+06,1.0943e+06
-2.151e+06,1.0943e+06
-2.1509e+06,1.0944e+06
-2.1509e+06,1.0944e+06
-2.1509e+06,1.0945e+06
-2.1509e+06,1.0945e+06
-2.1508e+06,1.0945e+06
-2.1508e+06,1.0946e+06
-2.1508e+06,1.0946e+06
-2.1507e+06,1.0947e+06
-2.1507e+06,1.0947e+06
-2.1507e+06,1.0948e+06
-2.1506e+06,1.0948e+06
-2.1506e+06,1.0949e+06
-2.1506e+06,1.0949e+06
-2.1506e+06,1.095e+06
-2.1505e+06,1.095e+06
-2.1505e+06,1.095e+06
-2.1505e+06,1.0951e+06
-2.1504e+06,1.0951e+06
-2.1504e+06,1.0952e+06
-2.1504e+06,1.0952e+06
-2.1504e+06,1.0953e+06
-2.1503e+06,1.0953e+06
-2.1503e+06,1.0954e+06
-2.1503e+06,1.0954e+06
-2.1502e+06,1.0954e+06
-2.1502e+06,1.0955e+06
-2.1502e+06,1.0955e+06
-2.1501e+06,1.0956e+06
-2.1501e+06,1.0956e+06
-2.1501e+06,1.0957e+06
-2.1501e+06,1.0957e+06
-2.15e+06,1.0958e+06
-2.15e+06,1.0958e+06
-2.15e+06,1.0959e+06
-2.1499e+06,1.0959e+06
-2.1499e+06,1.0959e+06
-2.1499e+06,1.096e+06
-2.1499e+06,1.096e+06
-2.1498e+06,1.0961e+06
-2.1498e+06,1.0961e+06
-2.1498e+06,1.0962e+06
-2.1497e+06,1.0962e+06
-2.1497e+06,1.0963e+06
-2.1497e+06,1.0963e+06
-2.1496e+06,1.0963e+06
-2.1496e+06,1.0964e+06
-2.1496e+06,1.0964e+06
-2.1495e+06,1.0965e+06
-2.1495e+06,1.0965e+06
-2.1495e+06,1.0966e+06
-2.1495e+06,1.0966e+06
-2.1494e+06,1.0967e+06
-2.1494e+06,1.0967e+06
-2.1494e+06,1.0968e+06
-2.1493e+06,1.0968e+06
-2.1493e+06,1.0968e+06
-2.1493e+06,1.0969e+06
-2.1492e+06,1.0969e+06
-2.1492e+06,1.097e+06
-2.1492e+06,1.097e+06
-2.1492e+06,1.0971e+06
-2.1491e+06,1.0971e+06
-2.1491e+06,1.0972e+06
-2.1491e+06,1.0972e+06
-2.149e+06,1.0972e+06
-2.149e+06,1.0973e+06
-2.149e+06,1.0973e+06
-2.1489e+06,1.0974e+06
-2.1489e+06,1.0974e+06
-2.1489e+06,1.0975e+06
-2.1488e+06,1.0975e+06
-2.1488e+06,1.0976e+06
-2.1488e+06,1.0976e+06
-2.1487e+06,1.0977e+06
-2.1487e+06,1.0977e+06
-2.1487e+06,1.0977e+06
-2.1487e+06,1.0978e+06
-2.1486e+06,1.0978e+06
-2.1486e+06,1.0979e+06
-2.1486e+06,1.0979e+06
-2.1485e+06,1.098e+06
-2.1485e+06,1.098e+06
-2.1485e+06,1.0981e+06
-2.1484e+06,1.0981e+06
-2.1484e+06,1.0981e+06
-2.1484e+06,1.0982e+06
-2.1483e+06,1.0982e+06
-2.1483e+06,1.0983e+06
-2.1483e+06,1.0983e+06
-2.1482e+06,1.0984e+06
-2.1482e+06,1.0984e+06
-2.1482e+06,1.0985e+06
-2.1481e+06,1.0985e+06
-2.1481e+06,1.0986e+06
-2.1481e+06,1.0986e+06
-2.1481e+06,1.0986e+06
-2.148e+06,1.0987e+06
-2.148e+06,1.0987e+06
-2.148e+06,1.0988e+06
-2.1479e+06,1.0988e+06
-2.1479e+06,1.0989e+06
-2.1479e+06,1.0989e+06
-2.1478e+06,1.099e+06
-2.1478e+06,1.099e+06
-2.1478e+06,1.099e+06
-2.1477e+06,1.0991e+06
-2.1477e+06,1.0991e+06
-2.1477e+06,1.0992e+06
-2.1476e+06,1.0992e+06
-2.1476e+06,1.0993e+06
-2.1476e+06,1.0993e+06
-2.1475e+06,1.0994e+06
-2.1475e+06,1.0994e+06
-2.1475e+06,1.0995e+06
-2.1474e+06,1.0995e+06
-2.1474e+06,1.0995e+06
-2.1474e+06,1.0996e+06
-2.1473e+06,1.0996e+06
-2.1473e+06,1.0997e+06
-2.1473e+06,1.0997e+06
-2.1472e+06,1.0998e+06
-2.1472e+06,1.0998e+06
-2.1472e+06,1.0999e+06
-2.1471e+06,1.0999e+06
-2.1471e+06,1.0999e+06
-2.1471e+06,1.1e+06
-2.147e+06,1.1e+06
-2.147e+06,1.1001e+06
-2.147e+06,1.1001e+06
-2.1469e+06,1.1002e+06
-2.1469e+06,1.1002e+06
-2.1469e+06,1.1003e+06
-2.1468e+06,1.1003e+06
-2.1468e+06,1.1004e+06
-2.1468e+06,1.1004e+06
-2.1467e+06,1.1004e+06
-2.1467e+06,1.1005e+06
-2.1467e+06,1.1005e+06
-2.1466e+06,1.1006e+06
-2.1466e+06,1.1006e+06
-2.1466e+06,1.1007e+06
-2.1465e+06,1.1007e+06
-2.1465e+06,1.1008e+06
-2.1465e+06,1.1008e+06
-2.1464e+06,1.1008e+06
-2.1464e+06,1.1009e+06
-2.1464e+06,1.1009e+06
-2.1463e+06,1.101e+06
-2.1463e+06,1.101e+06
-2.1463e+06,1.1011e+06
-2.1462e+06,1.1011e+06
-2.1462e+06,1.1012e+06
-2.1462e+06,1.1012e+06
-2.1461e+06,1.1013e+06
-2.1461e+06,1.1013e+06
-2.1461e+06,1.1013e+06
-2.146e+06,1.1014e+06
-2.146e+06,1.1014e+06
-2.146e+06,1.1015e+06
-2.1459e+06,1.1015e+06
-2.1459e+06,1.1016e+06
-2.1459e+06,1.1016e+06
-2.1458e+06,1.1017e+06
-2.1458e+06,1.1017e+06
-2.1458e+06,1.1017e+06
-2.1457e+06,1.1018e+06
-2.1457e+06,1.1018e+06
-2.1457e+06,1.1019e+06
-2.1456e+06,1.1019e+06
-2.1456e+06,1.102e+06
-2.1456e+06,1.102e+06
-2.1455e+06,1.1021e+06
-2.1455e+06,1.1021e+06
-2.1455e+06,1.1022e+06
-2.1454e+06,1.1022e+06
-2.1454e+06,1.1022e+06
-2.1454e+06,1.1023e+06
-2.1453e+06,1.1023e+06
-2.1453e+06,1.1024e+06
-2.1453e+06,1.1024e+06
-2.1452e+06,1.1025e+06
-2.1452e+06,1.1025e+06
-2.1451e+06,1.1026e+06
-2.1451e+06,1.1026e+06
-2.1451e+06,1.1026e+06
-2.145e+06,1.1027e+06
-2.145e+06,1.1027e+06
-2.145e+06,1.1028e+06
-2.1449e+06,1.1028e+06
-2.1449e+06,1.1029e+06
-2.1449e+06,1.1029e+06
-2.1448e+06,1.103e+06
-2.1448e+06,1.103e+06
-2.1448e+06,1.1031e+06
-2.1447e+06,1.1031e+06
-2.1447e+06,1.1031e+06
-2.1447e+06,1.1032e+06
-2.1446e+06,1.1032e+06
-2.1446e+06,1.1033e+06
-2.1446e+06,1.1033e+06
-2.1445e+06,1.1034e+06
-2.1445e+06,1.1034e+06
-2.1444e+06,1.1035e+06
-2.1444e+06,1.1035e+06
-2.1444e+06,1.1035e+06
-2.1443e+06,1.1036e+06
-2.1443e+06,1.1036e+06
-2.1443e+06,1.1037e+06
-2.1442e+06,1.1037e+06
-2.1442e+06,1.1038e+06
-2.1442e+06,1.1038e+06
-2.1441e+06,1.1039e+06
-2.1441e+06,1.1039e+06
-2.1441e+06,1.104e+06
-2.144e+06,1.104e+06
-2.144e+06,1.104e+06
-2.144e+06,1.1041e+06
-2.1439e+06,1.1041e+06
-2.1439e+06,1.1042e+06
-2.1438e+06,1.1042e+06
-2.1438e+06,1.1043e+06
-2.1438e+06,1.1043e+06
-2.1437e+06,1.1044e+06
-2.1437e+06,1.1044e+06
-2.1437e+06,1.1044e+06
-2.1436e+06,1.1045e+06
-2.1436e+06,1.1045e+06
-2.1436e+06,1.1046e+06
-2.1435e+06,1.1046e+06
-2.1435e+06,1.1047e+06
-2.1434e+06,1.1047e+06
-2.1434e+06,1.1048e+06
-2.1434e+06,1.1048e+06
-2.1433e+06,1.1049e+06
-2.1433e+06,1.1049e+06
-2.1433e+06,1.1049e+06
-2.1432e+06,1.105e+06
-2.1432e+06,1.105e+06
-2.1432e+06,1.1051e+06
-2.1431e+06,1.1051e+06
-2.1431e+06,1.1052e+06
-2.143e+06,1.1052e+06
-2.143e+06,1.1053e+06
-2.143e+06,1.1053e+06
-2.1429e+06,1.1053e+06
-2.1429e+06,1.1054e+06
-2.1429e+06,1.1054e+06
-2.1428e+06,1.1055e+06
-2.1428e+06,1.1055e+06
-2.1428e+06,1.1056e+06
-2.1427e+06,1.1056e+06
-2.1427e+06,1.1057e+06
-2.1426e+06,1.1057e+06
-2.1426e+06,1.1058e+06
-2.1426e+06,1.1058e+06
-2.1425e+06,1.1058e+06
-2.1425e+06,1.1059e+06
-2.1425e+06,1.1059e+06
-2.1424e+06,1.106e+06
-2.1424e+06,1.106e+06
-2.1424e+06,1.1061e+06
-2.1423e+06,1.1061e+06
-2.1423e+06,1.1062e+06
-2.1422e+06,1.1062e+06
-2.1422e+06,1.1062e+06
-2.1422e+06,1.1063e+06
-2.1421e+06,1.1063e+06
-2.1421e+06,1.1064e+06
-2.1421e+06,1.1064e+06
-2.142e+06,1.1065e+06
-2.142e+06,1.1065e+06
-2.1419e+06,1.1066e+06
-2.1419e+06,1.1066e+06
-2.1419e+06,1.1067e+06
-2.1418e+06,1.1067e+06
-2.1418e+06,1.1067e+06
-2.1418e+06,1.1068e+06
-2.1417e+06,1.1068e+06
-2.1417e+06,1.1069e+06
-2.1416e+06,1.1069e+06
-2.1416e+06,1.107e+06
-2.1416e+06,1.107e+06
-2.1415e+06,1.1071e+06
-2.1415e+06,1.1071e+06
-2.1415e+06,1.1071e+06
-2.1414e+06,1.1072e+06
-2.1414e+06,1.1072e+06
-2.1413e+06,1.1073e+06
-2.1413e+06,1.1073e+06
-2.1413e+06,1.1074e+06
-2.1412e+06,1.1074e+06
-2.1412e+06,1.1075e+06
-2.1412e+06,1.1075e+06
-2.1411e+06,1.1076e+06
-2.1411e+06,1.1076e+06
-2.141e+06,1.1076e+06
-2.141e+06,1.1077e+06
-2.141e+06,1.1077e+06
-2.1409e+06,1.1078e+06
-2.1409e+06,1.1078e+06
-2.1408e+06,1.1079e+06
-2.1408e+06,1.1079e+06
-2.1408e+06,1.108e+06
-2.1407e+06,1.108e+06
-2.1407e+06,1.108e+06
-2.1407e+06,1.1081e+06
-2.1406e+06,1.1081e+06
-2.1406e+06,1.1082e+06
-2.1405e+06,1.1082e+06
-2.1405e+06,1.1083e+06
-2.1405e+06,1.1083e+06
-2.1404e+06,1.1084e+06
-2.1404e+06,1.1084e+06
-2.1403e+06,1.1085e+06
-2.1403e+06,1.1085e+06
-2.1403e+06,1.1085e+06
-2.1402e+06,1.1086e+06
-2.1402e+06,1.1086e+06
-2.1402e+06,1.1087e+06
-2.1401e+06,1.1087e+06
-2.1401e+06,1.1088e+06
-2.14e+06,1.1088e+06
-2.14e+06,1.1089e+06
-2.14e+06,1.1089e+06
-2.1399e+06,1.1089e+06
-2.1399e+06,1.109e+06
-2.1398e+06,1.109e+06
-2.1398e+06,1.1091e+06
-2.1398e+06,1.1091e+06
-2.1397e+06,1.1092e+06
-2.1397e+06,1.1092e+06
-2.1396e+06,1.1093e+06
-2.1396e+06,1.1093e+06
-2.1396e+06,1.1094e+06
-2.1395e+06,1.1094e+06
-2.1395e+06,1.1094e+06
-2.1394e+06,1.1095e+06
-2.1394e+06,1.1095e+06
-2.1394e+06,1.1096e+06
-2.1393e+06,1.1096e+06
-2.1393e+06,1.1097e+06
-2.1392e+06,1.1097e+06
-2.1392e+06,1.1098e+06
-2.1392e+06,1.1098e+06
-2.1391e+06,1.1098e+06
-2.1391e+06,1.1099e+06
-2.1391e+06,1.1099e+06
-2.139e+06,1.11e+06
-2.139e+06,1.11e+06
-2.1389e+06,1.1101e+06
-2.1389e+06,1.1101e+06
-2.1389e+06,1.1102e+06
-2.1388e+06,1.1102e+06
-2.1388e+06,1.1103e+06
-2.1387e+06,1.1103e+06
-2.1387e+06,1.1103e+06
-2.1387e+06,1.1104e+06
-2.1386e+06,1.1104e+06
-2.1386e+06,1.1105e+06
-2.1385e+06,1.1105e+06
-2.1385e+06,1.1106e+06
-2.1385e+06,1.1106e+06
-2.1384e+06,1.1107e+06
-2.1384e+06,1.1107e+06
-2.1383e+06,1.1107e+06
-2.1383e+06,1.1108e+06
-2.1382e+06,1.1108e+06
-2.1382e+06,1.1109e+06
-2.1382e+06,1.1109e+06
-2.1381e+06,1.111e+06
-2.1381e+06,1.111e+06
-2.138e+06,1.1111e+06
-2.138e+06,1.1111e+06
-2.138e+06,1.1112e+06
-2.1379e+06,1.1112e+06
-2.1379e+06,1.1112e+06
-2.1378e+06,1.1113e+06
-2.1378e+06,1.1113e+06
-2.1378e+06,1.1114e+06
-2.1377e+06,1.1114e+06
-2.1377e+06,1.1115e+06
-2.1376e+06,1.1115e+06
-2.1376e+06,1.1116e+06
-2.1376e+06,1.1116e+06
-2.1375e+06,1.1116e+06
-2.1375e+06,1.1117e+06
-2.1374e+06,1.1117e+06
-2.1374e+06,1.1118e+06
-2.1374e+06,1.1118e+06
-2.1373e+06,1.1119e+06
-2.1373e+06,1.1119e+06
-2.1372e+06,1.112e+06
-2.1372e+06,1.112e+06
-2.1371e+06,1.1121e+06
-2.1371e+06,1.1121e+06
-2.1371e+06,1.1121e+06
-2.137e+06,1.1122e+06
-2.137e+06,1.1122e+06
-2.1369e+06,1.1123e+06
-2.1369e+06,1.1123e+06
-2.1369e+06,1.1124e+06
-2.1368e+06,1.1124e+06
-2.1368e+06,1.1125e+06
-2.1367e+06,1.1125e+06
-2.1367e+06,1.1125e+06
-2.1367e+06,1.1126e+06
-2.1366e+06,1.1126e+06
-2.1366e+06,1.1127e+06
-2.1365e+06,1.1127e+06
-2.1365e+06,1.1128e+06
-2.1364e+06,1.1128e+06
-2.1364e+06,1.1129e+06
-2.1364e+06,1.1129e+06
-2.1363e+06,1.113e+06
-2.1363e+06,1.113e+06
-2.1362e+06,1.113e+06
-2.1362e+06,1.1131e+06
-2.1362e+06,1.1131e+06
-2.1361e+06,1.1132e+06
-2.1361e+06,1.1132e+06
-2.136e+06,1.1133e+06
-2.136e+06,1.1133e+06
-2.1359e+06,1.1134e+06
-2.1359e+06,1.1134e+06
-2.1359e+06,1.1134e+06
-2.1358e+06,1.1135e+06
-2.1358e+06,1.1135e+06
-2.1357e+06,1.1136e+06
-2.1357e+06,1.1136e+06
-2.1356e+06,1.1137e+06
-2.1356e+06,1.1137e+06
-2.1356e+06,1.1138e+06
-2.1355e+06,1.1138e+06
-2.1355e+06,1.1139e+06
-2.1354e+06,1.1139e+06
-2.1354e+06,1.1139e+06
-2.1354e+06,1.114e+06
-2.1353e+06,1.114e+06
-2.1353e+06,1.1141e+06
-2.1352e+06,1.1141e+06
-2.1352e+06,1.1142e+06
-2.1351e+06,1.1142e+06
-2.1351e+06,1.1143e+06
-2.1351e+06,1.1143e+06
-2.135e+06,1.1143e+06
-2.135e+06,1.1144e+06
-2.1349e+06,1.1144e+06
-2.1349e+06,1.1145e+06
-2.1348e+06,1.1145e+06
-2.1348e+06,1.1146e+06
-2.1348e+06,1.1146e+06
-2.1347e+06,1.1147e+06
-2.1347e+06,1.1147e+06
-2.1346e+06,1.1148e+06
-2.1346e+06,1.1148e+06
-2.1345e+06,1.1148e+06
-2.1345e+06,1.1149e+06
-2.1345e+06,1.1149e+06
-2.1344e+06,1.115e+06
-2.1344e+06,1.115e+06
-2.1343e+06,1.1151e+06
-2.1343e+06,1.1151e+06
-2.1342e+06,1.1152e+06
-2.1342e+06,1.1152e+06
-2.1342e+06,1.1152e+06
-2.1341e+06,1.1153e+06
-2.1341e+06,1.1153e+06
-2.134e+06,1.1154e+06
-2.134e+06,1.1154e+06
-2.1339e+06,1.1155e+06
-2.1339e+06,1.1155e+06
-2.1339e+06,1.1156e+06
-2.1338e+06,1.1156e+06
-2.1338e+06,1.1157e+06
-2.1337e+06,1.1157e+06
-2.1337e+06,1.1157e+06
-2.1336e+06,1.1158e+06
-2.1336e+06,1.1158e+06
-2.1336e+06,1.1159e+06
-2.1335e+06,1.1159e+06
-2.1335e+06,1.116e+06
-2.1334e+06,1.116e+06
-2.1334e+06,1.1161e+06
-2.1333e+06,1.1161e+06
-2.1333e+06,1.1161e+06
-2.1333e+06,1.1162e+06
-2.1332e+06,1.1162e+06
-2.1332e+06,1.1163e+06
-2.1331e+06,1.1163e+06
-2.1331e+06,1.1164e+06
-2.1331e+06,1.1164e+06
-2.133e+06,1.1165e+06
-2.133e+06,1.1165e+06
-2.1329e+06,1.1166e+06
-2.1329e+06,1.1166e+06
-2.1328e+06,1.1166e+06
-2.1328e+06,1.1167e+06
-2.1328e+06,1.1167e+06
-2.1327e+06,1.1168e+06
-2.1327e+06,1.1168e+06
-2.1326e+06,1.1169e+06
-2.1326e+06,1.1169e+06
-2.1325e+06,1.117e+06
-2.1325e+06,1.117e+06
-2.1325e+06,1.117e+06
-2.1324e+06,1.1171e+06
-2.1324e+06,1.1171e+06
-2.1323e+06,1.1172e+06
-2.1323e+06,1.1172e+06
-2.1322e+06,1.1173e+06
-2.1322e+06,1.1173e+06
-2.1322e+06,1.1174e+06
-2.1321e+06,1.1174e+06
-2.1321e+06,1.1175e+06
-2.132e+06,1.1175e+06
-2.132e+06,1.1175e+06
-2.132e+06,1.1176e+06
-2.1319e+06,1.1176e+06
-2.1319e+06,1.1177e+06
-2.1318e+06,1.1177e+06
-2.1318e+06,1.1178e+06
-2.1318e+06,1.1178e+06
-2.1317e+06,1.1179e+06
-2.1317e+06,1.1179e+06
-2.1316e+06,1.1179e+06
-2.1316e+06,1.118e+06
-2.1316e+06,1.118e+06
-2.1315e+06,1.1181e+06
-2.1315e+06,1.1181e+06
-2.1314e+06,1.1182e+06
-2.1314e+06,1.1182e+06
-2.1313e+06,1.1183e+06
-2.1313e+06,1.1183e+06
-2.1313e+06,1.1184e+06
-2.1312e+06,1.1184e+06
-2.1312e+06,1.1184e+06
-2.1311e+06,1.1185e+06
-2.1311e+06,1.1185e+06
-2.1311e+06,1.1186e+06
-2.131e+06,1.1186e+06
-2.131e+06,1.1187e+06
-2.1309e+06,1.1187e+06
-2.1309e+06,1.1188e+06
-2.1309e+06,1.1188e+06
-2.1308e+06,1.1188e+06
-2.1308e+06,1.1189e+06
-2.1307e+06,1.1189e+06
-2.1307e+06,1.119e+06
-2.1307e+06,1.119e+06
-2.1306e+06,1.1191e+06
-2.1306e+06,1.1191e+06
-2.1305e+06,1.1192e+06
-2.1305e+06,1.1192e+06
-2.1305e+06,1.1193e+06
-2.1304e+06,1.1193e+06
-2.1304e+06,1.1193e+06
-2.1303e+06,1.1194e+06
-2.1303e+06,1.1194e+06
-2.1302e+06,1.1195e+06
-2.1302e+06,1.1195e+06
-2.1302e+06,1.1196e+06
-2.1301e+06,1.1196e+06
-2.1301e+06,1.1197e+06
-2.13e+06,1.1197e+06
-2.13e+06,1.1197e+06
-2.13e+06,1.1198e+06
-2.1299e+06,1.1198e+06
-2.1299e+06,1.1199e+06
-2.1298e+06,1.1199e+06
-2.1298e+06,1.12e+06
-2.1298e+06,1.12e+06
-2.1297e+06,1.1201e+06
-2.1297e+06,1.1201e+06
-2.1296e+06,1.1202e+06
-2.1296e+06,1.1202e+06
-2.1296e+06,1.1202e+06
-2.1295e+06,1.1203e+06
-2.1295e+06,1.1203e+06
-2.1294e+06,1.1204e+06
-2.1294e+06,1.1204e+06
-2.1293e+06,1.1205e+06
-2.1293e+06,1.1205e+06
-2.1293e+06,1.1206e+06
-2.1292e+06,1.1206e+06
-2.1292e+06,1.1206e+06
-2.1291e+06,1.1207e+06
-2.1291e+06,1.1207e+06
-2.1291e+06,1.1208e+06
-2.129e+06,1.1208e+06
-2.129e+06,1.1209e+06
-2.1289e+06,1.1209e+06
-2.1289e+06,1.121e+06
-2.1289e+06,1.121e+06
-2.1288e+06,1.1211e+06
-2.1288e+06,1.1211e+06
-2.1287e+06,1.1211e+06
-2.1287e+06,1.1212e+06
-2.1286e+06,1.1212e+06
-2.1286e+06,1.1213e+06
-2.1286e+06,1.1213e+06
-2.1285e+06,1.1214e+06
-2.1285e+06,1.1214e+06
-2.1284e+06,1.1215e+06
-2.1284e+06,1.1215e+06
-2.1284e+06,1.1215e+06
-2.1283e+06,1.1216e+06
-2.1283e+06,1.1216e+06
-2.1282e+06,1.1217e+06
-2.1282e+06,1.1217e+06
-2.1282e+06,1.1218e+06
-2.1281e+06,1.1218e+06
-2.1281e+06,1.1219e+06
-2.128e+06,1.1219e+06
-2.128e+06,1.122e+06
-2.128e+06,1.122e+06
-2.1279e+06,1.122e+06
-2.1279e+06,1.1221e+06
-2.1278e+06,1.1221e+06
-2.1278e+06,1.1222e+06
-2.1277e+06,1.1222e+06
-2.1277e+06,1.1223e+06
-2.1277e+06,1.1223e+06
-2.1276e+06,1.1224e+06
-2.1276e+06,1.1224e+06
-2.1275e+06,1.1224e+06
-2.1275e+06,1.1225e+06
-2.1275e+06,1.1225e+06
-2.1274e+06,1.1226e+06
-2.1274e+06,1.1226e+06
-2.1273e+06,1.1227e+06
-2.1273e+06,1.1227e+06
-2.1273e+06,1.1228e+06
-2.1272e+06,1.1228e+06
-2.1272e+06,1.1229e+06
-2.1271e+06,1.1229e+06
-2.1271e+06,1.1229e+06
-2.1271e+06,1.123e+06
-2.127e+06,1.123e+06
-2.127e+06,1.1231e+06
-2.1269e+06,1.1231e+06
-2.1269e+06,1.1232e+06
-2.1268e+06,1.1232e+06
-2.1268e+06,1.1233e+06
-2.1268e+06,1.1233e+06
-2.1267e+06,1.1233e+06
-2.1267e+06,1.1234e+06
-2.1266e+06,1.1234e+06
-2.1266e+06,1.1235e+06
-2.1266e+06,1.1235e+06
-2.1265e+06,1.1236e+06
-2.1265e+06,1.1236e+06
-2.1264e+06,1.1237e+06
-2.1264e+06,1.1237e+06
-2.1264e+06,1.1238e+06
-2.1263e+06,1.1238e+06
-2.1263e+06,1.1238e+06
-2.1262e+06,1.1239e+06
-2.1262e+06,1.1239e+06
-2.1262e+06,1.124e+06
-2.1261e+06,1.124e+06
-2.1261e+06,1.1241e+06
-2.126e+06,1.1241e+06
-2.126e+06,1.1242e+06
-2.1259e+06,1.1242e+06
-2.1259e+06,1.1242e+06
-2.1259e+06,1.1243e+06
-2.1258e+06,1.1243e+06
-2.1258e+06,1.1244e+06
-2.1257e+06,1.1244e+06
-2.1257e+06,1.1245e+06
-2.1257e+06,1.1245e+06
-2.1256e+06,1.1246e+06
-2.1256e+06,1.1246e+06
-2.1255e+06,1.1247e+06
-2.1255e+06,1.1247e+06
-2.1255e+06,1.1247e+06
-2.1254e+06,1.1248e+06
-2.1254e+06,1.1248e+06
-2.1253e+06,1.1249e+06
-2.1253e+06,1.1249e+06
-2.1253e+06,1.125e+06
-2.1252e+06,1.125e+06
-2.1252e+06,1.1251e+06
-2.1251e+06,1.1251e+06
-2.1251e+06,1.1251e+06
-2.125e+06,1.1252e+06
-2.125e+06,1.1252e+06
-2.125e+06,1.1253e+06
-2.1249e+06,1.1253e+06
-2.1249e+06,1.1254e+06
-2.1248e+06,1.1254e+06
-2.1248e+06,1.1255e+06
-2.1248e+06,1.1255e+06
-2.1247e+06,1.1256e+06
-2.1247e+06,1.1256e+06
-2.1246e+06,1.1256e+06
-2.1246e+06,1.1257e+06
-2.1245e+06,1.1257e+06
-2.1245e+06,1.1258e+06
-2.1245e+06,1.1258e+06
-2.1244e+06,1.1259e+06
-2.1244e+06,1.1259e+06
-2.1243e+06,1.126e+06
-2.1243e+06,1.126e+06
-2.1243e+06,1.126e+06
-2.1242e+06,1.1261e+06
-2.1242e+06,1.1261e+06
-2.1241e+06,1.1262e+06
-2.1241e+06,1.1262e+06
-2.1241e+06,1.1263e+06
-2.124e+06,1.1263e+06
-2.124e+06,1.1264e+06
-2.1239e+06,1.1264e+06
-2.1239e+06,1.1265e+06
-2.1238e+06,1.1265e+06
-2.1238e+06,1.1265e+06
-2.1238e+06,1.1266e+06
-2.1237e+06,1.1266e+06
-2.1237e+06,1.1267e+06
-2.1236e+06,1.1267e+06
-2.1236e+06,1.1268e+06
-2.1236e+06,1.1268e+06
-2.1235e+06,1.1269e+06
-2.1235e+06,1.1269e+06
-2.1234e+06,1.1269e+06
-2.1234e+06,1.127e+06
-2.1233e+06,1.127e+06
-2.1233e+06,1.1271e+06
-2.1233e+06,1.1271e+06
-2.1232e+06,1.1272e+06
-2.1232e+06,1.1272e+06
-2.1231e+06,1.1273e+06
-2.1231e+06,1.1273e+06
-2.1231e+06,1.1274e+06
-2.123e+06,1.1274e+06
-2.123e+06,1.1274e+06
-2.1229e+06,1.1275e+06
-2.1229e+06,1.1275e+06
-2.1228e+06,1.1276e+06
-2.1228e+06,1.1276e+06
-2.1228e+06,1.1277e+06
-2.1227e+06,1.1277e+06
-2.1227e+06,1.1278e+06
-2.1226e+06,1.1278e+06
-2.1226e+06,1.1278e+06
-2.1226e+06,1.1279e+06
-2.1225e+06,1.1279e+06
-2.1225e+06,1.128e+06
-2.1224e+06,1.128e+06
-2.1224e+06,1.1281e+06
-2.1224e+06,1.1281e+06
-2.1223e+06,1.1282e+06
-2.1223e+06,1.1282e+06
-2.1222e+06,1.1283e+06
-2.1222e+06,1.1283e+06
-2.1222e+06,1.1283e+06
-2.1221e+06,1.1284e+06
-2.1221e+06,1.1284e+06
-2.122e+06,1.1285e+06
-2.122e+06,1.1285e+06
-2.122e+06,1.1286e+06
-2.1219e+06,1.1286e+06
-2.1219e+06,1.1287e+06
-2.1218e+06,1.1287e+06
-2.1218e+06,1.1287e+06
-2.1218e+06,1.1288e+06
-2.1217e+06,1.1288e+06
-2.1217e+06,1.1289e+06
-2.1216e+06,1.1289e+06
-2.1216e+06,1.129e+06
-2.1215e+06,1.129e+06
-2.1215e+06,1.1291e+06
-2.1215e+06,1.1291e+06
-2.1214e+06,1.1292e+06
-2.1214e+06,1.1292e+06
-2.1213e+06,1.1292e+06
-2.1213e+06,1.1293e+06
-2.1213e+06,1.1293e+06
-2.1212e+06,1.1294e+06
-2.1212e+06,1.1294e+06
-2.1211e+06,1.1295e+06
-2.1211e+06,1.1295e+06
-2.1211e+06,1.1296e+06
-2.121e+06,1.1296e+06
-2.121e+06,1.1296e+06
-2.1209e+06,1.1297e+06
-2.1209e+06,1.1297e+06
-2.1209e+06,1.1298e+06
-2.1208e+06,1.1298e+06
-2.1208e+06,1.1299e+06
-2.1207e+06,1.1299e+06
-2.1207e+06,1.13e+06
-2.1207e+06,1.13e+06
-2.1206e+06,1.1301e+06
-2.1206e+06,1.1301e+06
-2.1205e+06,1.1301e+06
-2.1205e+06,1.1302e+06
-2.1205e+06,1.1302e+06
-2.1204e+06,1.1303e+06
-2.1204e+06,1.1303e+06
-2.1203e+06,1.1304e+06
-2.1203e+06,1.1304e+06
-2.1203e+06,1.1305e+06
-2.1202e+06,1.1305e+06
-2.1202e+06,1.1305e+06
-2.1201e+06,1.1306e+06
-2.1201e+06,1.1306e+06
-2.1201e+06,1.1307e+06
-2.12e+06,1.1307e+06
-2.12e+06,1.1308e+06
-2.1199e+06,1.1308e+06
-2.1199e+06,1.1309e+06
-2.1199e+06,1.1309e+06
-2.1198e+06,1.131e+06
-2.1198e+06,1.131e+06
-2.1197e+06,1.131e+06
-2.1197e+06,1.1311e+06
-2.1197e+06,1.1311e+06
-2.1196e+06,1.1312e+06
-2.1196e+06,1.1312e+06
-2.1195e+06,1.1313e+06
-2.1195e+06,1.1313e+06
-2.1195e+06,1.1314e+06
-2.1194e+06,1.1314e+06
-2.1194e+06,1.1314e+06
-2.1193e+06,1.1315e+06
-2.1193e+06,1.1315e+06
-2.1193e+06,1.1316e+06
-2.1192e+06,1.1316e+06
-2.1192e+06,1.1317e+06
-2.1191e+06,1.1317e+06
-2.1191e+06,1.1318e+06
-2.1191e+06,1.1318e+06
-2.119e+06,1.1319e+06
-2.119e+06,1.1319e+06
-2.1189e+06,1.1319e+06
-2.1189e+06,1.132e+06
-2.1189e+06,1.132e+06
-2.1188e+06,1.1321e+06
-2.1188e+06,1.1321e+06
-2.1187e+06,1.1322e+06
-2.1187e+06,1.1322e+06
-2.1187e+06,1.1323e+06
-2.1186e+06,1.1323e+06
-2.1186e+06,1.1323e+06
-2.1186e+06,1.1324e+06
-2.1185e+06,1.1324e+06
-2.1185e+06,1.1325e+06
-2.1184e+06,1.1325e+06
-2.1184e+06,1.1326e+06
-2.1184e+06,1.1326e+06
-2.1183e+06,1.1327e+06
-2.1183e+06,1.1327e+06
-2.1182e+06,1.1328e+06
-2.1182e+06,1.1328e+06
-2.1182e+06,1.1328e+06
-2.1181e+06,1.1329e+06
-2.1181e+06,1.1329e+06
-2.118e+06,1.133e+06
-2.118e+06,1.133e+06
-2.118e+06,1.1331e+06
-2.1179e+06,1.1331e+06
-2.1179e+06,1.1332e+06
-2.1178e+06,1.1332e+06
-2.1178e+06,1.1332e+06
-2.1178e+06,1.1333e+06
-2.1177e+06,1.1333e+06
-2.1177e+06,1.1334e+06
-2.1176e+06,1.1334e+06
-2.1176e+06,1.1335e+06
-2.1176e+06,1.1335e+06
-2.1175e+06,1.1336e+06
-2.1175e+06,1.1336e+06
-2.1174e+06,1.1337e+06
-2.1174e+06,1.1337e+06
-2.1174e+06,1.1337e+06
-2.1173e+06,1.1338e+06
-2.1173e+06,1.1338e+06
-2.1172e+06,1.1339e+06
-2.1172e+06,1.1339e+06
-2.1172e+06,1.134e+06
-2.1171e+06,1.134e+06
-2.1171e+06,1.1341e+06
-2.1171e+06,1.1341e+06
-2.117e+06,1.1341e+06
-2.117e+06,1.1342e+06
-2.1169e+06,1.1342e+06
-2.1169e+06,1.1343e+06
-2.1169e+06,1.1343e+06
-2.1168e+06,1.1344e+06
-2.1168e+06,1.1344e+06
-2.1167e+06,1.1345e+06
-2.1167e+06,1.1345e+06
-2.1167e+06,1.1346e+06
-2.1166e+06,1.1346e+06
-2.1166e+06,1.1346e+06
-2.1165e+06,1.1347e+06
-2.1165e+06,1.1347e+06
-2.1165e+06,1.1348e+06
-2.1164e+06,1.1348e+06
-2.1164e+06,1.1349e+06
-2.1163e+06,1.1349e+06
-2.1163e+06,1.135e+06
-2.1163e+06,1.135e+06
-2.1162e+06,1.135e+06
-2.1162e+06,1.1351e+06
-2.1161e+06,1.1351e+06
-2.1161e+06,1.1352e+06
-2.1161e+06,1.1352e+06
-2.116e+06,1.1353e+06
-2.116e+06,1.1353e+06
-2.1159e+06,1.1354e+06
-2.1159e+06,1.1354e+06
-2.1159e+06,1.1355e+06
-2.1158e+06,1.1355e+06
-2.1158e+06,1.1355e+06
-2.1157e+06,1.1356e+06
-2.1157e+06,1.1356e+06
-2.1157e+06,1.1357e+06
-2.1156e+06,1.1357e+06
-2.1156e+06,1.1358e+06
-2.1155e+06,1.1358e+06
-2.1155e+06,1.1359e+06
-2.1155e+06,1.1359e+06
-2.1154e+06,1.1359e+06
-2.1154e+06,1.136e+06
-2.1153e+06,1.136e+06
-2.1153e+06,1.1361e+06
-2.1153e+06,1.1361e+06
-2.1152e+06,1.1362e+06
-2.1152e+06,1.1362e+06
-2.1151e+06,1.1363e+06
-2.1151e+06,1.1363e+06
-2.1151e+06,1.1364e+06
-2.115e+06,1.1364e+06
-2.115e+06,1.1364e+06
-2.1149e+06,1.1365e+06
-2.1149e+06,1.1365e+06
-2.1149e+06,1.1366e+06
-2.1148e+06,1.1366e+06
-2.1148e+06,1.1367e+06
-2.1147e+06,1.1367e+06
-2.1147e+06,1.1368e+06
-2.1147e+06,1.1368e+06
-2.1146e+06,1.1368e+06
-2.1146e+06,1.1369e+06
-2.1145e+06,1.1369e+06
-2.1145e+06,1.137e+06
-2.1144e+06,1.137e+06
-2.1144e+06,1.1371e+06
-2.1144e+06,1.1371e+06
-2.1143e+06,1.1372e+06
-2.1143e+06,1.1372e+06
-2.1142e+06,1.1373e+06
-2.1142e+06,1.1373e+06
-2.1142e+06,1.1373e+06
-2.1141e+06,1.1374e+06
-2.1141e+06,1.1374e+06
-2.114e+06,1.1375e+06
-2.114e+06,1.1375e+06
-2.114e+06,1.1376e+06
-2.1139e+06,1.1376e+06
-2.1139e+06,1.1377e+06
-2.1138e+06,1.1377e+06
-2.1138e+06,1.1377e+06
-2.1138e+06,1.1378e+06
-2.1137e+06,1.1378e+06
-2.1137e+06,1.1379e+06
-2.1136e+06,1.1379e+06
-2.1136e+06,1.138e+06
-2.1136e+06,1.138e+06
-2.1135e+06,1.1381e+06
-2.1135e+06,1.1381e+06
-2.1134e+06,1.1382e+06
-2.1134e+06,1.1382e+06
-2.1134e+06,1.1382e+06
-2.1133e+06,1.1383e+06
-2.1133e+06,1.1383e+06
-2.1132e+06,1.1384e+06
-2.1132e+06,1.1384e+06
-2.1131e+06,1.1385e+06
-2.1131e+06,1.1385e+06
-2.1131e+06,1.1386e+06
-2.113e+06,1.1386e+06
-2.113e+06,1.1386e+06
-2.1129e+06,1.1387e+06
-2.1129e+06,1.1387e+06
-2.1129e+06,1.1388e+06
-2.1128e+06,1.1388e+06
-2.1128e+06,1.1389e+06
-2.1127e+06,1.1389e+06
-2.1127e+06,1.139e+06
-2.1127e+06,1.139e+06
-2.1126e+06,1.1391e+06
-2.1126e+06,1.1391e+06
-2.1125e+06,1.1391e+06
-2.1125e+06,1.1392e+06
-2.1124e+06,1.1392e+06
-2.1124e+06,1.1393e+06
-2.1124e+06,1.1393e+06
-2.1123e+06,1.1394e+06
-2.1123e+06,1.1394e+06
-2.1122e+06,1.1395e+06
-2.1122e+06,1.1395e+06
-2.1122e+06,1.1395e+06
-2.1121e+06,1.1396e+06
-2.1121e+06,1.1396e+06
-2.112e+06,1.1397e+06
-2.112e+06,1.1397e+06
-2.112e+06,1.1398e+06
-2.1119e+06,1.1398e+06
-2.1119e+06,1.1399e+06
-2.1118e+06,1.1399e+06
-2.1118e+06,1.14e+06
-2.1117e+06,1.14e+06
-2.1117e+06,1.14e+06
-2.1117e+06,1.1401e+06
-2.1116e+06,1.1401e+06
-2.1116e+06,1.1402e+06
-2.1115e+06,1.1402e+06
-2.1115e+06,1.1403e+06
-2.1115e+06,1.1403e+06
-2.1114e+06,1.1404e+06
-2.1114e+06,1.1404e+06
-2.1113e+06,1.1404e+06
-2.1113e+06,1.1405e+06
-2.1113e+06,1.1405e+06
-2.1112e+06,1.1406e+06
-2.1112e+06,1.1406e+06
-2.1111e+06,1.1407e+06
-2.1111e+06,1.1407e+06
-2.1111e+06,1.1408e+06
-2.111e+06,1.1408e+06
-2.111e+06,1.1409e+06
-2.1109e+06,1.1409e+06
-2.1109e+06,1.1409e+06
-2.1108e+06,1.141e+06
-2.1108e+06,1.141e+06
-2.1108e+06,1.1411e+06
-2.1107e+06,1.1411e+06
-2.1107e+06,1.1412e+06
-2.1106e+06,1.1412e+06
-2.1106e+06,1.1413e+06
-2.1106e+06,1.1413e+06
-2.1105e+06,1.1413e+06
-2.1105e+06,1.1414e+06
-2.1104e+06,1.1414e+06
-2.1104e+06,1.1415e+06
-2.1104e+06,1.1415e+06
-2.1103e+06,1.1416e+06
-2.1103e+06,1.1416e+06
-2.1102e+06,1.1417e+06
-2.1102e+06,1.1417e+06
-2.1102e+06,1.1418e+06
-2.1101e+06,1.1418e+06
-2.1101e+06,1.1418e+06
-2.11e+06,1.1419e+06
-2.11e+06,1.1419e+06
-2.11e+06,1.142e+06
-2.1099e+06,1.142e+06
-2.1099e+06,1.1421e+06
-2.1098e+06,1.1421e+06
-2.1098e+06,1.1422e+06
-2.1098e+06,1.1422e+06
-2.1097e+06,1.1422e+06
-2.1097e+06,1.1423e+06
-2.1096e+06,1.1423e+06
-2.1096e+06,1.1424e+06
-2.1096e+06,1.1424e+06
-2.1095e+06,1.1425e+06
-2.1095e+06,1.1425e+06
-2.1094e+06,1.1426e+06
-2.1094e+06,1.1426e+06
-2.1094e+06,1.1427e+06
-2.1093e+06,1.1427e+06
-2.1093e+06,1.1427e+06
-2.1092e+06,1.1428e+06
-2.1092e+06,1.1428e+06
-2.1092e+06,1.1429e+06
-2.1091e+06,1.1429e+06
-2.1091e+06,1.143e+06
-2.109e+06,1.143e+06
-2.109e+06,1.1431e+06
-2.109e+06,1.1431e+06
-2.1089e+06,1.1431e+06
-2.1089e+06,1.1432e+06
-2.1088e+06,1.1432e+06
-2.1088e+06,1.1433e+06
-2.1088e+06,1.1433e+06
-2.1087e+06,1.1434e+06
-2.1087e+06,1.1434e+06
-2.1086e+06,1.1435e+06
-2.1086e+06,1.1435e+06
-2.1086e+06,1.1436e+06
-2.1085e+06,1.1436e+06
-2.1085e+06,1.1436e+06
-2.1084e+06,1.1437e+06
-2.1084e+06,1.1437e+06
-2.1084e+06,1.1438e+06
-2.1083e+06,1.1438e+06
-2.1083e+06,1.1439e+06
-2.1082e+06,1.1439e+06
-2.1082e+06,1.144e+06
-2.1082e+06,1.144e+06
-2.1081e+06,1.144e+06
-2.1081e+06,1.1441e+06
-2.108e+06,1.1441e+06
-2.108e+06,1.1442e+06
-2.108e+06,1.1442e+06
-2.1079e+06,1.1443e+06
-2.1079e+06,1.1443e+06
-2.1078e+06,1.1444e+06
-2.1078e+06,1.1444e+06
-2.1078e+06,1.1445e+06
-2.1077e+06,1.1445e+06
-2.1077e+06,1.1445e+06
-2.1077e+06,1.1446e+06
-2.1076e+06,1.1446e+06
-2.1076e+06,1.1447e+06
-2.1075e+06,1.1447e+06
-2.1075e+06,1.1448e+06
-2.1075e+06,1.1448e+06
-2.1074e+06,1.1449e+06
-2.1074e+06,1.1449e+06
-2.1073e+06,1.1449e+06
-2.1073e+06,1.145e+06
-2.1073e+06,1.145e+06
-2.1072e+06,1.1451e+06
-2.1072e+06,1.1451e+06
-2.1071e+06,1.1452e+06
-2.1071e+06,1.1452e+06
-2.1071e+06,1.1453e+06
-2.107e+06,1.1453e+06
-2.107e+06,1.1454e+06
-2.1069e+06,1.1454e+06
-2.1069e+06,1.1454e+06
-2.1069e+06,1.1455e+06
-2.1068e+06,1.1455e+06
-2.1068e+06,1.1456e+06
-2.1068e+06,1.1456e+06
-2.1067e+06,1.1457e+06
-2.1067e+06,1.1457e+06
-2.1066e+06,1.1458e+06
-2.1066e+06,1.1458e+06
-2.1066e+06,1.1458e+06
-2.1065e+06,1.1459e+06
-2.1065e+06,1.1459e+06
-2.1064e+06,1.146e+06
-2.1064e+06,1.146e+06
-2.1064e+06,1.1461e+06
-2.1063e+06,1.1461e+06
-2.1063e+06,1.1462e+06
-2.1063e+06,1.1462e+06
-2.1062e+06,1.1463e+06
-2.1062e+06,1.1463e+06
-2.1061e+06,1.1463e+06
-2.1061e+06,1.1464e+06
-2.1061e+06,1.1464e+06
-2.106e+06,1.1465e+06
-2.106e+06,1.1465e+06
-2.1059e+06,1.1466e+06
-2.1059e+06,1.1466e+06
-2.1059e+06,1.1467e+06
-2.1058e+06,1.1467e+06
-2.1058e+06,1.1467e+06
-2.1058e+06,1.1468e+06
-2.1057e+06,1.1468e+06
-2.1057e+06,1.1469e+06
-2.1056e+06,1.1469e+06
-2.1056e+06,1.147e+06
-2.1056e+06,1.147e+06
-2.1055e+06,1.1471e+06
-2.1055e+06,1.1471e+06
-2.1054e+06,1.1472e+06
-2.1054e+06,1.1472e+06
-2.1054e+06,1.1472e+06
-2.1053e+06,1.1473e+06
-2.1053e+06,1.1473e+06
-2.1053e+06,1.1474e+06
-2.1052e+06,1.1474e+06
-2.1052e+06,1.1475e+06
-2.1051e+06,1.1475e+06
-2.1051e+06,1.1476e+06
-2.1051e+06,1.1476e+06
-2.105e+06,1.1476e+06
-2.105e+06,1.1477e+06
-2.105e+06,1.1477e+06
-2.1049e+06,1.1478e+06
-2.1049e+06,1.1478e+06
-2.1048e+06,1.1479e+06
-2.1048e+06,1.1479e+06
-2.1048e+06,1.148e+06
-2.1047e+06,1.148e+06
-2.1047e+06,1.1481e+06
-2.1047e+06,1.1481e+06
-2.1046e+06,1.1481e+06
-2.1046e+06,1.1482e+06
-2.1045e+06,1.1482e+06
-2.1045e+06,1.1483e+06
-2.1045e+06,1.1483e+06
-2.1044e+06,1.1484e+06
-2.1044e+06,1.1484e+06
-2.1043e+06,1.1485e+06
-2.1043e+06,1.1485e+06
-2.1043e+06,1.1485e+06
-2.1042e+06,1.1486e+06
-2.1042e+06,1.1486e+06
-2.1042e+06,1.1487e+06
-2.1041e+06,1.1487e+06
-2.1041e+06,1.1488e+06
-2.104e+06,1.1488e+06
-2.104e+06,1.1489e+06
-2.104e+06,1.1489e+06
-2.1039e+06,1.149e+06
-2.1039e+06,1.149e+06
-2.1039e+06,1.149e+06
-2.1038e+06,1.1491e+06
-2.1038e+06,1.1491e+06
-2.1037e+06,1.1492e+06
-2.1037e+06,1.1492e+06
-2.1037e+06,1.1493e+06
-2.1036e+06,1.1493e+06
-2.1036e+06,1.1494e+06
-2.1036e+06,1.1494e+06
-2.1035e+06,1.1494e+06
-2.1035e+06,1.1495e+06
-2.1034e+06,1.1495e+06
-2.1034e+06,1.1496e+06
-2.1034e+06,1.1496e+06
-2.1033e+06,1.1497e+06
-2.1033e+06,1.1497e+06
-2.1032e+06,1.1498e+06
-2.1032e+06,1.1498e+06
-2.1032e+06,1.1499e+06
-2.1031e+06,1.1499e+06
-2.1031e+06,1.1499e+06
-2.1031e+06,1.15e+06
-2.103e+06,1.15e+06
-2.103e+06,1.1501e+06
-2.1029e+06,1.1501e+06
-2.1029e+06,1.1502e+06
-2.1029e+06,1.1502e+06
-2.1028e+06,1.1503e+06
-2.1028e+06,1.1503e+06
-2.1028e+06,1.1503e+06
-2.1027e+06,1.1504e+06
-2.1027e+06,1.1504e+06
-2.1026e+06,1.1505e+06
-2.1026e+06,1.1505e+06
-2.1026e+06,1.1506e+06
-2.1025e+06,1.1506e+06
-2.1025e+06,1.1507e+06
-2.1025e+06,1.1507e+06
-2.1024e+06,1.1508e+06
-2.1024e+06,1.1508e+06
-2.1023e+06,1.1508e+06
-2.1023e+06,1.1509e+06
-2.1023e+06,1.1509e+06
-2.1022e+06,1.151e+06
-2.1022e+06,1.151e+06
-2.1022e+06,1.1511e+06
-2.1021e+06,1.1511e+06
-2.1021e+06,1.1512e+06
-2.102e+06,1.1512e+06
-2.102e+06,1.1512e+06
-2.102e+06,1.1513e+06
-2.1019e+06,1.1513e+06
-2.1019e+06,1.1514e+06
-2.1019e+06,1.1514e+06
-2.1018e+06,1.1515e+06
-2.1018e+06,1.1515e+06
-2.1017e+06,1.1516e+06
-2.1017e+06,1.1516e+06
-2.1017e+06,1.1517e+06
-2.1016e+06,1.1517e+06
-2.1016e+06,1.1517e+06
-2.1016e+06,1.1518e+06
-2.1015e+06,1.1518e+06
-2.1015e+06,1.1519e+06
-2.1014e+06,1.1519e+06
-2.1014e+06,1.152e+06
-2.1014e+06,1.152e+06
-2.1013e+06,1.1521e+06
-2.1013e+06,1.1521e+06
-2.1013e+06,1.1521e+06
-2.1012e+06,1.1522e+06
-2.1012e+06,1.1522e+06
-2.1011e+06,1.1523e+06
-2.1011e+06,1.1523e+06
-2.1011e+06,1.1524e+06
-2.101e+06,1.1524e+06
-2.101e+06,1.1525e+06
-2.101e+06,1.1525e+06
-2.1009e+06,1.1526e+06
-2.1009e+06,1.1526e+06
-2.1008e+06,1.1526e+06
-2.1008e+06,1.1527e+06
-2.1008e+06,1.1527e+06
-2.1007e+06,1.1528e+06
-2.1007e+06,1.1528e+06
-2.1007e+06,1.1529e+06
-2.1006e+06,1.1529e+06
-2.1006e+06,1.153e+06
-2.1005e+06,1.153e+06
-2.1005e+06,1.153e+06
-2.1005e+06,1.1531e+06
-2.1004e+06,1.1531e+06
-2.1004e+06,1.1532e+06
-2.1004e+06,1.1532e+06
-2.1003e+06,1.1533e+06
-2.1003e+06,1.1533e+06
-2.1002e+06,1.1534e+06
-2.1002e+06,1.1534e+06
-2.1002e+06,1.1535e+06
-2.1001e+06,1.1535e+06
-2.1001e+06,1.1535e+06
-2.1001e+06,1.1536e+06
-2.1e+06,1.1536e+06
-2.1e+06,1.1537e+06
-2.0999e+06,1.1537e+06
-2.0999e+06,1.1538e+06
-2.0999e+06,1.1538e+06
-2.0998e+06,1.1539e+06
-2.0998e+06,1.1539e+06
-2.0998e+06,1.1539e+06
-2.0997e+06,1.154e+06
-2.0997e+06,1.154e+06
-2.0996e+06,1.1541e+06
-2.0996e+06,1.1541e+06
-2.0996e+06,1.1542e+06
-2.0995e+06,1.1542e+06
-2.0995e+06,1.1543e+06
-2.0995e+06,1.1543e+06
-2.0994e+06,1.1544e+06
-2.0994e+06,1.1544e+06
-2.0993e+06,1.1544e+06
-2.0993e+06,1.1545e+06
-2.0993e+06,1.1545e+06
-2.0992e+06,1.1546e+06
-2.0992e+06,1.1546e+06
-2.0992e+06,1.1547e+06
-2.0991e+06,1.1547e+06
-2.0991e+06,1.1548e+06
-2.099e+06,1.1548e+06
-2.099e+06,1.1548e+06
-2.099e+06,1.1549e+06
-2.0989e+06,1.1549e+06
-2.0989e+06,1.155e+06
-2.0989e+06,1.155e+06
-2.0988e+06,1.1551e+06
-2.0988e+06,1.1551e+06
-2.0987e+06,1.1552e+06
-2.0987e+06,1.1552e+06
-2.0987e+06,1.1553e+06
-2.0986e+06,1.1553e+06
-2.0986e+06,1.1553e+06
-2.0986e+06,1.1554e+06
-2.0985e+06,1.1554e+06
-2.0985e+06,1.1555e+06
-2.0984e+06,1.1555e+06
-2.0984e+06,1.1556e+06
-2.0984e+06,1.1556e+06
-2.0983e+06,1.1557e+06
-2.0983e+06,1.1557e+06
-2.0983e+06,1.1557e+06
-2.0982e+06,1.1558e+06
-2.0982e+06,1.1558e+06
-2.0982e+06,1.1559e+06
-2.0981e+06,1.1559e+06
-2.0981e+06,1.156e+06
-2.098e+06,1.156e+06
-2.098e+06,1.1561e+06
-2.098e+06,1.1561e+06
-2.0979e+06,1.1562e+06
-2.0979e+06,1.1562e+06
-2.0979e+06,1.1562e+06
-2.0978e+06,1.1563e+06
-2.0978e+06,1.1563e+06
-2.0977e+06,1.1564e+06
-2.0977e+06,1.1564e+06
-2.0977e+06,1.1565e+06
-2.0976e+06,1.1565e+06
-2.0976e+06,1.1566e+06
-2.0976e+06,1.1566e+06
-2.0975e+06,1.1566e+06
-2.0975e+06,1.1567e+06
-2.0974e+06,1.1567e+06
-2.0974e+06,1.1568e+06
-2.0974e+06,1.1568e+06
-2.0973e+06,1.1569e+06
-2.0973e+06,1.1569e+06
-2.0973e+06,1.157e+06
-2.0972e+06,1.157e+06
-2.0972e+06,1.1571e+06
-2.0971e+06,1.1571e+06
-2.0971e+06,1.1571e+06
-2.0971e+06,1.1572e+06
-2.097e+06,1.1572e+06
-2.097e+06,1.1573e+06
-2.097e+06,1.1573e+06
-2.0969e+06,1.1574e+06
-2.0969e+06,1.1574e+06
-2.0968e+06,1.1575e+06
-2.0968e+06,1.1575e+06
-2.0968e+06,1.1575e+06
-2.0967e+06,1.1576e+06
-2.0967e+06,1.1576e+06
-2.0967e+06,1.1577e+06
-2.0966e+06,1.1577e+06
-2.0966e+06,1.1578e+06
-2.0965e+06,1.1578e+06
-2.0965e+06,1.1579e+06
-2.0965e+06,1.1579e+06
-2.0964e+06,1.158e+06
-2.0964e+06,1.158e+06
-2.0964e+06,1.158e+06
-2.0963e+06,1.1581e+06
-2.0963e+06,1.1581e+06
-2.0963e+06,1.1582e+06
-2.0962e+06,1.1582e+06
-2.0962e+06,1.1583e+06
-2.0961e+06,1.1583e+06
-2.0961e+06,1.1584e+06
-2.0961e+06,1.1584e+06
-2.096e+06,1.1584e+06
-2.096e+06,1.1585e+06
-2.096e+06,1.1585e+06
-2.0959e+06,1.1586e+06
-2.0959e+06,1.1586e+06
-2.0958e+06,1.1587e+06
-2.0958e+06,1.1587e+06
-2.0958e+06,1.1588e+06
-2.0957e+06,1.1588e+06
-2.0957e+06,1.1589e+06
-2.0957e+06,1.1589e+06
-2.0956e+06,1.1589e+06
-2.0956e+06,1.159e+06
-2.0955e+06,1.159e+06
-2.0955e+06,1.1591e+06
-2.0955e+06,1.1591e+06
-2.0954e+06,1.1592e+06
-2.0954e+06,1.1592e+06
-2.0954e+06,1.1593e+06
-2.0953e+06,1.1593e+06
-2.0953e+06,1.1593e+06
-2.0953e+06,1.1594e+06
-2.0952e+06,1.1594e+06
-2.0952e+06,1.1595e+06
-2.0951e+06,1.1595e+06
-2.0951e+06,1.1596e+06
-2.0951e+06,1.1596e+06
-2.095e+06,1.1597e+06
-2.095e+06,1.1597e+06
-2.095e+06,1.1598e+06
-2.0949e+06,1.1598e+06
-2.0949e+06,1.1598e+06
-2.0948e+06,1.1599e+06
-2.0948e+06,1.1599e+06
-2.0948e+06,1.16e+06
-2.0947e+06,1.16e+06
-2.0947e+06,1.1601e+06
-2.0947e+06,1.1601e+06
-2.0946e+06,1.1602e+06
-2.0946e+06,1.1602e+06
-2.0946e+06,1.1602e+06
-2.0945e+06,1.1603e+06
-2.0945e+06,1.1603e+06
-2.0944e+06,1.1604e+06
-2.0944e+06,1.1604e+06
-2.0944e+06,1.1605e+06
-2.0943e+06,1.1605e+06
-2.0943e+06,1.1606e+06
-2.0943e+06,1.1606e+06
-2.0942e+06,1.1607e+06
-2.0942e+06,1.1607e+06
-2.0941e+06,1.1607e+06
-2.0941e+06,1.1608e+06
-2.0941e+06,1.1608e+06
-2.094e+06,1.1609e+06
-2.094e+06,1.1609e+06
-2.094e+06,1.161e+06
-2.0939e+06,1.161e+06
-2.0939e+06,1.1611e+06
-2.0938e+06,1.1611e+06
-2.0938e+06,1.1611e+06
-2.0938e+06,1.1612e+06
-2.0937e+06,1.1612e+06
-2.0937e+06,1.1613e+06
-2.0937e+06,1.1613e+06
-2.0936e+06,1.1614e+06
-2.0936e+06,1.1614e+06
-2.0935e+06,1.1615e+06
-2.0935e+06,1.1615e+06
-2.0935e+06,1.1616e+06
-2.0934e+06,1.1616e+06
-2.0934e+06,1.1616e+06
-2.0933e+06,1.1617e+06
-2.0933e+06,1.1617e+06
-2.0933e+06,1.1618e+06
-2.0932e+06,1.1618e+06
-2.0932e+06,1.1619e+06
-2.0932e+06,1.1619e+06
-2.0931e+06,1.162e+06
-2.0931e+06,1.162e+06
-2.093e+06,1.162e+06
-2.093e+06,1.1621e+06
-2.093e+06,1.1621e+06
-2.0929e+06,1.1622e+06
-2.0929e+06,1.1622e+06
-2.0929e+06,1.1623e+06
-2.0928e+06,1.1623e+06
-2.0928e+06,1.1624e+06
-2.0927e+06,1.1624e+06
-2.0927e+06,1.1625e+06
-2.0927e+06,1.1625e+06
-2.0926e+06,1.1625e+06
-2.0926e+06,1.1626e+06
-2.0926e+06,1.1626e+06
-2.0925e+06,1.1627e+06
-2.0925e+06,1.1627e+06
-2.0924e+06,1.1628e+06
-2.0924e+06,1.1628e+06
-2.0924e+06,1.1629e+06
-2.0923e+06,1.1629e+06
-2.0923e+06,1.1629e+06
-2.0923e+06,1.163e+06
-2.0922e+06,1.163e+06
-2.0922e+06,1.1631e+06
-2.0921e+06,1.1631e+06
-2.0921e+06,1.1632e+06
-2.0921e+06,1.1632e+06
-2.092e+06,1.1633e+06
-2.092e+06,1.1633e+06
-2.092e+06,1.1634e+06
-2.0919e+06,1.1634e+06
-2.0919e+06,1.1634e+06
-2.0918e+06,1.1635e+06
-2.0918e+06,1.1635e+06
-2.0918e+06,1.1636e+06
-2.0917e+06,1.1636e+06
-2.0917e+06,1.1637e+06
-2.0917e+06,1.1637e+06
-2.0916e+06,1.1638e+06
-2.0916e+06,1.1638e+06
-2.0915e+06,1.1638e+06
-2.0915e+06,1.1639e+06
-2.0915e+06,1.1639e+06
-2.0914e+06,1.164e+06
-2.0914e+06,1.164e+06
-2.0914e+06,1.1641e+06
-2.0913e+06,1.1641e+06
-2.0913e+06,1.1642e+06
-2.0912e+06,1.1642e+06
-2.0912e+06,1.1643e+06
-2.0912e+06,1.1643e+06
-2.0911e+06,1.1643e+06
-2.0911e+06,1.1644e+06
-2.0911e+06,1.1644e+06
-2.091e+06,1.1645e+06
-2.091e+06,1.1645e+06
-2.0909e+06,1.1646e+06
-2.0909e+06,1.1646e+06
-2.0909e+06,1.1647e+06
-2.0908e+06,1.1647e+06
-2.0908e+06,1.1647e+06
-2.0908e+06,1.1648e+06
-2.0907e+06,1.1648e+06
-2.0907e+06,1.1649e+06
-2.0906e+06,1.1649e+06
-2.0906e+06,1.165e+06
-2.0906e+06,1.165e+06
-2.0905e+06,1.1651e+06
-2.0905e+06,1.1651e+06
-2.0905e+06,1.1652e+06
-2.0904e+06,1.1652e+06
-2.0904e+06,1.1652e+06
-2.0903e+06,1.1653e+06
-2.0903e+06,1.1653e+06
-2.0903e+06,1.1654e+06
-2.0902e+06,1.1654e+06
-2.0902e+06,1.1655e+06
-2.0902e+06,1.1655e+06
-2.0901e+06,1.1656e+06
-2.0901e+06,1.1656e+06
-2.09e+06,1.1656e+06
-2.09e+06,1.1657e+06
-2.09e+06,1.1657e+06
-2.0899e+06,1.1658e+06
-2.0899e+06,1.1658e+06
-2.0899e+06,1.1659e+06
-2.0898e+06,1.1659e+06
-2.0898e+06,1.166e+06
-2.0897e+06,1.166e+06
-2.0897e+06,1.1661e+06
-2.0897e+06,1.1661e+06
-2.0896e+06,1.1661e+06
-2.0896e+06,1.1662e+06
-2.0896e+06,1.1662e+06
-2.0895e+06,1.1663e+06
-2.0895e+06,1.1663e+06
-2.0894e+06,1.1664e+06
-2.0894e+06,1.1664e+06
-2.0894e+06,1.1665e+06
-2.0893e+06,1.1665e+06
-2.0893e+06,1.1665e+06
-2.0893e+06,1.1666e+06
-2.0892e+06,1.1666e+06
-2.0892e+06,1.1667e+06
-2.0891e+06,1.1667e+06
-2.0891e+06,1.1668e+06
-2.0891e+06,1.1668e+06
-2.089e+06,1.1669e+06
-2.089e+06,1.1669e+06
-2.089e+06,1.167e+06
-2.0889e+06,1.167e+06
-2.0889e+06,1.167e+06
-2.0888e+06,1.1671e+06
-2.0888e+06,1.1671e+06
-2.0888e+06,1.1672e+06
-2.0887e+06,1.1672e+06
-2.0887e+06,1.1673e+06
-2.0887e+06,1.1673e+06
-2.0886e+06,1.1674e+06
-2.0886e+06,1.1674e+06
-2.0885e+06,1.1674e+06
-2.0885e+06,1.1675e+06
-2.0885e+06,1.1675e+06
-2.0884e+06,1.1676e+06
-2.0884e+06,1.1676e+06
-2.0884e+06,1.1677e+06
-2.0883e+06,1.1677e+06
-2.0883e+06,1.1678e+06
-2.0882e+06,1.1678e+06
-2.0882e+06,1.1679e+06
-2.0882e+06,1.1679e+06
-2.0881e+06,1.1679e+06
-2.0881e+06,1.168e+06
-2.0881e+06,1.168e+06
-2.088e+06,1.1681e+06
-2.088e+06,1.1681e+06
-2.0879e+06,1.1682e+06
-2.0879e+06,1.1682e+06
-2.0879e+06,1.1683e+06
-2.0878e+06,1.1683e+06
-2.0878e+06,1.1683e+06
-2.0878e+06,1.1684e+06
-2.0877e+06,1.1684e+06
-2.0877e+06,1.1685e+06
-2.0877e+06,1.1685e+06
-2.0876e+06,1.1686e+06
-2.0876e+06,1.1686e+06
-2.0875e+06,1.1687e+06
-2.0875e+06,1.1687e+06
-2.0875e+06,1.1688e+06
-2.0874e+06,1.1688e+06
-2.0874e+06,1.1688e+06
-2.0874e+06,1.1689e+06
-2.0873e+06,1.1689e+06
-2.0873e+06,1.169e+06
-2.0872e+06,1.169e+06
-2.0872e+06,1.1691e+06
-2.0872e+06,1.1691e+06
-2.0871e+06,1.1692e+06
-2.0871e+06,1.1692e+06
-2.0871e+06,1.1692e+06
-2.087e+06,1.1693e+06
-2.087e+06,1.1693e+06
-2.0869e+06,1.1694e+06
-2.0869e+06,1.1694e+06
-2.0869e+06,1.1695e+06
-2.0868e+06,1.1695e+06
-2.0868e+06,1.1696e+06
-2.0868e+06,1.1696e+06
-2.0867e+06,1.1697e+06
-2.0867e+06,1.1697e+06
-2.0866e+06,1.1697e+06
-2.0866e+06,1.1698e+06
-2.0866e+06,1.1698e+06
-2.0865e+06,1.1699e+06
-2.0865e+06,1.1699e+06
-2.0865e+06,1.17e+06
-2.0864e+06,1.17e+06
-2.0864e+06,1.1701e+06
-2.0863e+06,1.1701e+06
-2.0863e+06,1.1701e+06
-2.0863e+06,1.1702e+06
-2.0862e+06,1.1702e+06
-2.0862e+06,1.1703e+06
-2.0862e+06,1.1703e+06
-2.0861e+06,1.1704e+06
-2.0861e+06,1.1704e+06
-2.086e+06,1.1705e+06
-2.086e+06,1.1705e+06
-2.086e+06,1.1706e+06
-2.0859e+06,1.1706e+06
-2.0859e+06,1.1706e+06
-2.0859e+06,1.1707e+06
-2.0858e+06,1.1707e+06
-2.0858e+06,1.1708e+06
-2.0857e+06,1.1708e+06
-2.0857e+06,1.1709e+06
-2.0857e+06,1.1709e+06
-2.0856e+06,1.171e+06
-2.0856e+06,1.171e+06
-2.0856e+06,1.171e+06
-2.0855e+06,1.1711e+06
-2.0855e+06,1.1711e+06
-2.0854e+06,1.1712e+06
-2.0854e+06,1.1712e+06
-2.0854e+06,1.1713e+06
-2.0853e+06,1.1713e+06
-2.0853e+06,1.1714e+06
-2.0852e+06,1.1714e+06
-2.0852e+06,1.1715e+06
-2.0852e+06,1.1715e+06
-2.0851e+06,1.1715e+06
-2.0851e+06,1.1716e+06
-2.085e+06,1.1716e+06
-2.085e+06,1.1717e+06
-2.085e+06,1.1717e+06
-2.0849e+06,1.1718e+06
-2.0849e+06,1.1718e+06
-2.0849e+06,1.1719e+06
-2.0848e+06,1.1719e+06
-2.0848e+06,1.1719e+06
-2.0847e+06,1.172e+06
-2.0847e+06,1.172e+06
-2.0847e+06,1.1721e+06
-2.0846e+06,1.1721e+06
-2.0846e+06,1.1722e+06
-2.0845e+06,1.1722e+06
-2.0845e+06,1.1723e+06
-2.0845e+06,1.1723e+06
-2.0844e+06,1.1724e+06
-2.0844e+06,1.1724e+06
-2.0844e+06,1.1724e+06
-2.0843e+06,1.1725e+06
-2.0843e+06,1.1725e+06
-2.0842e+06,1.1726e+06
-2.0842e+06,1.1726e+06
-2.0842e+06,1.1727e+06
-2.0841e+06,1.1727e+06
-2.0841e+06,1.1728e+06
-2.0841e+06,1.1728e+06
-2.084e+06,1.1728e+06
-2.084e+06,1.1729e+06
-2.0839e+06,1.1729e+06
-2.0839e+06,1.173e+06
-2.0839e+06,1.173e+06
-2.0838e+06,1.1731e+06
-2.0838e+06,1.1731e+06
-2.0838e+06,1.1732e+06
-2.0837e+06,1.1732e+06
-2.0837e+06,1.1733e+06
