-1.5471e+06,-4.3599e+05
-1.5472e+06,-4.3602e+05
-1.5472e+06,-4.3605e+05
-1.5473e+06,-4.3608e+05
-1.5473e+06,-4.3611e+05
-1.5473e+06,-4.3614e+05
-1.5474e+06,-4.3616e+05
-1.5474e+06,-4.3619e+05
-1.5475e+06,-4.3622e+05
-1.5475e+06,-4.3625e+05
-1.5476e+06,-4.3628e+05
-1.5476e+06,-4.3631e+05
-1.5477e+06,-4.3634e+05
-1.5477e+06,-4.3637e+05
-1.5477e+06,-4.364e+05
-1.5478e+06,-4.3643e+05
-1.5478e+06,-4.3646e+05
-1.5479e+06,-4.3649e+05
-1.5479e+06,-4.3652e+05
-1.548e+06,-4.3655e+05
-1.548e+06,-4.3657e+05
-1.5481e+06,-4.366e+05
-1.5481e+06,-4.3663e+05
-1.5482e+06,-4.3666e+05
-1.5482e+06,-4.3669e+05
-1.5482e+06,-4.3672e+05
-1.5483e+06,-4.3674e+05
-1.5483e+06,-4.3677e+05
-1.5484e+06,-4.368e+05
-1.5484e+06,-4.3683e+05
-1.5485e+06,-4.3685e+05
-1.5485e+06,-4.3688e+05
-1.5486e+06,-4.3691e+05
-1.5486e+06,-4.3694e+05
-1.5486e+06,-4.3696e+05
-1.5487e+06,-4.3699e+05
-1.5487e+06,-4.3702e+05
-1.5488e+06,-4.3704e+05
-1.5488e+06,-4.3707e+05
-1.5489e+06,-4.371e+05
-1.5489e+06,-4.3712e+05
-1.549e+06,-4.3715e+05
-1.549e+06,-4.3718e+05
-1.5491e+06,-4.372e+05
-1.5491e+06,-4.3723e+05
-1.5491e+06,-4.3726e+05
-1.5492e+06,-4.3728e+05
-1.5492e+06,-4.3731e+05
-1.5493e+06,-4.3733e+05
-1.5493e+06,-4.3736e+05
-1.5494e+06,-4.3739e+05
-1.5494e+06,-4.3741e+05
-1.5495e+06,-4.3744e+05
-1.5495e+06,-4.3746e+05
-1.5495e+06,-4.3749e+05
-1.5496e+06,-4.3751e+05
-1.5496e+06,-4.3754e+05
-1.5497e+06,-4.3756e+05
-1.5497e+06,-4.3759e+05
-1.5498e+06,-4.3761e+05
-1.5498e+06,-4.3764e+05
-1.5499e+06,-4.3766e+05
-1.5499e+06,-4.3769e+05
-1.55e+06,-4.3771e+05
-1.55e+06,-4.3774e+05
-1.55e+06,-4.3776e+05
-1.5501e+06,-4.3779e+05
-1.5501e+06,-4.3781e+05
-1.5502e+06,-4.3783e+05
-1.5502e+06,-4.3786e+05
-1.5503e+06,-4.3788e+05
-1.5503e+06,-4.3791e+05
-1.5504e+06,-4.3793e+05
-1.5504e+06,-4.3795e+05
-1.5504e+06,-4.3798e+05
-1.5505e+06,-4.38e+05
-1.5505e+06,-4.3802e+05
-1.5506e+06,-4.3805e+05
-1.5506e+06,-4.3807e+05
-1.5507e+06,-4.3809e+05
-1.5507e+06,-4.3812e+05
-1.5508e+06,-4.3814e+05
-1.5508e+06,-4.3816e+05
-1.5509e+06,-4.3819e+05
-1.5509e+06,-4.3821e+05
-1.5509e+06,-4.3823e+05
-1.551e+06,-4.3826e+05
-1.551e+06,-4.3828e+05
-1.5511e+06,-4.383e+05
-1.5511e+06,-4.3833e+05
-1.5512e+06,-4.3835e+05
-1.5512e+06,-4.3837e+05
-1.5513e+06,-4.3839e+05
-1.5513e+06,-4.3842e+05
-1.5513e+06,-4.3844e+05
-1.5514e+06,-4.3846e+05
-1.5514e+06,-4.3849e+05
-1.5515e+06,-4.3851e+05
-1.5515e+06,-4.3853e+05
-1.5516e+06,-4.3855e+05
-1.5516e+06,-4.3858e+05
-1.5517e+06,-4.386e+05
-1.5517e+06,-4.3862e+05
-1.5518e+06,-4.3864e+05
-1.5518e+06,-4.3867e+05
-1.5518e+06,-4.3869e+05
-1.5519e+06,-4.3871e+05
-1.5519e+06,-4.3873e+05
-1.552e+06,-4.3876e+05
-1.552e+06,-4.3878e+05
-1.5521e+06,-4.388e+05
-1.5521e+06,-4.3882e+05
-1.5522e+06,-4.3885e+05
-1.5522e+06,-4.3887e+05
-1.5522e+06,-4.3889e+05
-1.5523e+06,-4.3891e+05
-1.5523e+06,-4.3893e+05
-1.5524e+06,-4.3896e+05
-1.5524e+06,-4.3898e+05
-1.5525e+06,-4.39e+05
-1.5525e+06,-4.3902e+05
-1.5526e+06,-4.3904e+05
-1.5526e+06,-4.3906e+05
-1.5527e+06,-4.3909e+05
-1.5527e+06,-4.3911e+05
-1.5527e+06,-4.3913e+05
-1.5528e+06,-4.3915e+05
-1.5528e+06,-4.3917e+05
-1.5529e+06,-4.3919e+05
-1.5529e+06,-4.3921e+05
-1.553e+06,-4.3923e+05
-1.553e+06,-4.3925e+05
-1.5531e+06,-4.3927e+05
-1.5531e+06,-4.3929e+05
-1.5531e+06,-4.3932e+05
-1.5532e+06,-4.3934e+05
-1.5532e+06,-4.3936e+05
-1.5533e+06,-4.3938e+05
-1.5533e+06,-4.394e+05
-1.5534e+06,-4.3942e+05
-1.5534e+06,-4.3944e+05
-1.5535e+06,-4.3946e+05
-1.5535e+06,-4.3948e+05
-1.5536e+06,-4.395e+05
-1.5536e+06,-4.3952e+05
-1.5536e+06,-4.3954e+05
-1.5537e+06,-4.3956e+05
-1.5537e+06,-4.3958e+05
-1.5538e+06,-4.396e+05
-1.5538e+06,-4.3962e+05
-1.5539e+06,-4.3964e+05
-1.5539e+06,-4.3966e+05
-1.554e+06,-4.3968e+05
-1.554e+06,-4.397e+05
-1.554e+06,-4.3972e+05
-1.5541e+06,-4.3974e+05
-1.5541e+06,-4.3976e+05
-1.5542e+06,-4.3979e+05
-1.5542e+06,-4.3981e+05
-1.5543e+06,-4.3983e+05
-1.5543e+06,-4.3985e+05
-1.5544e+06,-4.3987e+05
-1.5544e+06,-4.3989e+05
-1.5545e+06,-4.3991e+05
-1.5545e+06,-4.3993e+05
-1.5545e+06,-4.3995e+05
-1.5546e+06,-4.3997e+05
-1.5546e+06,-4.3999e+05
-1.5547e+06,-4.4001e+05
-1.5547e+06,-4.4002e+05
-1.5548e+06,-4.4004e+05
-1.5548e+06,-4.4006e+05
-1.5549e+06,-4.4008e+05
-1.5549e+06,-4.401e+05
-1.5549e+06,-4.4012e+05
-1.555e+06,-4.4014e+05
-1.555e+06,-4.4016e+05
-1.5551e+06,-4.4018e+05
-1.5551e+06,-4.4019e+05
-1.5552e+06,-4.4021e+05
-1.5552e+06,-4.4023e+05
-1.5553e+06,-4.4025e+05
-1.5553e+06,-4.4027e+05
-1.5554e+06,-4.4029e+05
-1.5554e+06,-4.4031e+05
-1.5554e+06,-4.4032e+05
-1.5555e+06,-4.4034e+05
-1.5555e+06,-4.4036e+05
-1.5556e+06,-4.4038e+05
-1.5556e+06,-4.404e+05
-1.5557e+06,-4.4042e+05
-1.5557e+06,-4.4043e+05
-1.5558e+06,-4.4045e+05
-1.5558e+06,-4.4047e+05
-1.5558e+06,-4.4049e+05
-1.5559e+06,-4.4051e+05
-1.5559e+06,-4.4052e+05
-1.556e+06,-4.4054e+05
-1.556e+06,-4.4056e+05
-1.5561e+06,-4.4058e+05
-1.5561e+06,-4.406e+05
-1.5562e+06,-4.4061e+05
-1.5562e+06,-4.4063e+05
-1.5563e+06,-4.4065e+05
-1.5563e+06,-4.4067e+05
-1.5563e+06,-4.4069e+05
-1.5564e+06,-4.407e+05
-1.5564e+06,-4.4072e+05
-1.5565e+06,-4.4074e+05
-1.5565e+06,-4.4076e+05
-1.5566e+06,-4.4078e+05
-1.5566e+06,-4.4079e+05
-1.5567e+06,-4.4081e+05
-1.5567e+06,-4.4083e+05
-1.5567e+06,-4.4085e+05
-1.5568e+06,-4.4087e+05
-1.5568e+06,-4.4088e+05
-1.5569e+06,-4.409e+05
-1.5569e+06,-4.4092e+05
-1.557e+06,-4.4094e+05
-1.557e+06,-4.4096e+05
-1.5571e+06,-4.4098e+05
-1.5571e+06,-4.4099e+05
-1.5572e+06,-4.4101e+05
-1.5572e+06,-4.4103e+05
-1.5572e+06,-4.4105e+05
-1.5573e+06,-4.4107e+05
-1.5573e+06,-4.4109e+05
-1.5574e+06,-4.411e+05
-1.5574e+06,-4.4112e+05
-1.5575e+06,-4.4114e+05
-1.5575e+06,-4.4116e+05
-1.5576e+06,-4.4118e+05
-1.5576e+06,-4.412e+05
-1.5576e+06,-4.4121e+05
-1.5577e+06,-4.4123e+05
-1.5577e+06,-4.4125e+05
-1.5578e+06,-4.4127e+05
-1.5578e+06,-4.4129e+05
-1.5579e+06,-4.4131e+05
-1.5579e+06,-4.4133e+05
-1.558e+06,-4.4134e+05
-1.558e+06,-4.4136e+05
-1.5581e+06,-4.4138e+05
-1.5581e+06,-4.414e+05
-1.5581e+06,-4.4142e+05
-1.5582e+06,-4.4144e+05
-1.5582e+06,-4.4146e+05
-1.5583e+06,-4.4148e+05
-1.5583e+06,-4.415e+05
-1.5584e+06,-4.4151e+05
-1.5584e+06,-4.4153e+05
-1.5585e+06,-4.4155e+05
-1.5585e+06,-4.4157e+05
-1.5585e+06,-4.4159e+05
-1.5586e+06,-4.4161e+05
-1.5586e+06,-4.4163e+05
-1.5587e+06,-4.4165e+05
-1.5587e+06,-4.4167e+05
-1.5588e+06,-4.4169e+05
-1.5588e+06,-4.4171e+05
-1.5589e+06,-4.4173e+05
-1.5589e+06,-4.4175e+05
-1.559e+06,-4.4177e+05
-1.559e+06,-4.4179e+05
-1.559e+06,-4.4181e+05
-1.5591e+06,-4.4183e+05
-1.5591e+06,-4.4185e+05
-1.5592e+06,-4.4187e+05
-1.5592e+06,-4.4189e+05
-1.5593e+06,-4.4191e+05
-1.5593e+06,-4.4194e+05
-1.5594e+06,-4.4196e+05
-1.5594e+06,-4.4198e+05
-1.5594e+06,-4.42e+05
-1.5595e+06,-4.4202e+05
-1.5595e+06,-4.4204e+05
-1.5596e+06,-4.4206e+05
-1.5596e+06,-4.4208e+05
-1.5597e+06,-4.421e+05
-1.5597e+06,-4.4212e+05
-1.5598e+06,-4.4215e+05
-1.5598e+06,-4.4217e+05
-1.5599e+06,-4.4219e+05
-1.5599e+06,-4.4221e+05
-1.5599e+06,-4.4223e+05
-1.56e+06,-4.4225e+05
-1.56e+06,-4.4227e+05
-1.5601e+06,-4.4229e+05
-1.5601e+06,-4.4231e+05
-1.5602e+06,-4.4234e+05
-1.5602e+06,-4.4236e+05
-1.5603e+06,-4.4238e+05
-1.5603e+06,-4.424e+05
-1.5603e+06,-4.4242e+05
-1.5604e+06,-4.4244e+05
-1.5604e+06,-4.4246e+05
-1.5605e+06,-4.4248e+05
-1.5605e+06,-4.425e+05
-1.5606e+06,-4.4252e+05
-1.5606e+06,-4.4255e+05
-1.5607e+06,-4.4257e+05
-1.5607e+06,-4.4259e+05
-1.5608e+06,-4.4261e+05
-1.5608e+06,-4.4263e+05
-1.5608e+06,-4.4265e+05
-1.5609e+06,-4.4267e+05
-1.5609e+06,-4.4269e+05
-1.561e+06,-4.4271e+05
-1.561e+06,-4.4273e+05
-1.5611e+06,-4.4275e+05
-1.5611e+06,-4.4277e+05
-1.5612e+06,-4.4279e+05
-1.5612e+06,-4.4281e+05
-1.5612e+06,-4.4284e+05
-1.5613e+06,-4.4286e+05
-1.5613e+06,-4.4288e+05
-1.5614e+06,-4.429e+05
-1.5614e+06,-4.4292e+05
-1.5615e+06,-4.4294e+05
-1.5615e+06,-4.4296e+05
-1.5616e+06,-4.4298e+05
-1.5616e+06,-4.43e+05
-1.5617e+06,-4.4302e+05
-1.5617e+06,-4.4304e+05
-1.5617e+06,-4.4306e+05
-1.5618e+06,-4.4309e+05
-1.5618e+06,-4.4311e+05
-1.5619e+06,-4.4313e+05
-1.5619e+06,-4.4315e+05
-1.562e+06,-4.4317e+05
-1.562e+06,-4.4319e+05
-1.5621e+06,-4.4321e+05
-1.5621e+06,-4.4323e+05
-1.5621e+06,-4.4325e+05
-1.5622e+06,-4.4328e+05
-1.5622e+06,-4.433e+05
-1.5623e+06,-4.4332e+05
-1.5623e+06,-4.4334e+05
-1.5624e+06,-4.4336e+05
-1.5624e+06,-4.4338e+05
-1.5625e+06,-4.434e+05
-1.5625e+06,-4.4342e+05
-1.5626e+06,-4.4344e+05
-1.5626e+06,-4.4346e+05
-1.5626e+06,-4.4349e+05
-1.5627e+06,-4.4351e+05
-1.5627e+06,-4.4353e+05
-1.5628e+06,-4.4355e+05
-1.5628e+06,-4.4357e+05
-1.5629e+06,-4.4359e+05
-1.5629e+06,-4.4361e+05
-1.563e+06,-4.4363e+05
-1.563e+06,-4.4365e+05
-1.563e+06,-4.4367e+05
-1.5631e+06,-4.4369e+05
-1.5631e+06,-4.4371e+05
-1.5632e+06,-4.4373e+05
-1.5632e+06,-4.4375e+05
-1.5633e+06,-4.4377e+05
-1.5633e+06,-4.4379e+05
-1.5634e+06,-4.4382e+05
-1.5634e+06,-4.4384e+05
-1.5635e+06,-4.4386e+05
-1.5635e+06,-4.4388e+05
-1.5635e+06,-4.439e+05
-1.5636e+06,-4.4392e+05
-1.5636e+06,-4.4394e+05
-1.5637e+06,-4.4396e+05
-1.5637e+06,-4.4397e+05
-1.5638e+06,-4.4399e+05
-1.5638e+06,-4.4401e+05
-1.5639e+06,-4.4403e+05
-1.5639e+06,-4.4405e+05
-1.5639e+06,-4.4407e+05
-1.564e+06,-4.4409e+05
-1.564e+06,-4.4411e+05
-1.5641e+06,-4.4413e+05
-1.5641e+06,-4.4415e+05
-1.5642e+06,-4.4417e+05
-1.5642e+06,-4.4419e+05
-1.5643e+06,-4.4421e+05
-1.5643e+06,-4.4423e+05
-1.5644e+06,-4.4425e+05
-1.5644e+06,-4.4427e+05
-1.5644e+06,-4.4429e+05
-1.5645e+06,-4.443e+05
-1.5645e+06,-4.4432e+05
-1.5646e+06,-4.4434e+05
-1.5646e+06,-4.4436e+05
-1.5647e+06,-4.4438e+05
-1.5647e+06,-4.444e+05
-1.5648e+06,-4.4442e+05
-1.5648e+06,-4.4444e+05
-1.5648e+06,-4.4445e+05
-1.5649e+06,-4.4447e+05
-1.5649e+06,-4.4449e+05
-1.565e+06,-4.4451e+05
-1.565e+06,-4.4453e+05
-1.5651e+06,-4.4455e+05
-1.5651e+06,-4.4456e+05
-1.5652e+06,-4.4458e+05
-1.5652e+06,-4.446e+05
-1.5653e+06,-4.4462e+05
-1.5653e+06,-4.4463e+05
-1.5653e+06,-4.4465e+05
-1.5654e+06,-4.4467e+05
-1.5654e+06,-4.4469e+05
-1.5655e+06,-4.447e+05
-1.5655e+06,-4.4472e+05
-1.5656e+06,-4.4474e+05
-1.5656e+06,-4.4476e+05
-1.5657e+06,-4.4477e+05
-1.5657e+06,-4.4479e+05
-1.5657e+06,-4.4481e+05
-1.5658e+06,-4.4483e+05
-1.5658e+06,-4.4484e+05
-1.5659e+06,-4.4486e+05
-1.5659e+06,-4.4488e+05
-1.566e+06,-4.4489e+05
-1.566e+06,-4.4491e+05
-1.5661e+06,-4.4493e+05
-1.5661e+06,-4.4495e+05
-1.5662e+06,-4.4496e+05
-1.5662e+06,-4.4498e+05
-1.5662e+06,-4.45e+05
-1.5663e+06,-4.4501e+05
-1.5663e+06,-4.4503e+05
-1.5664e+06,-4.4505e+05
-1.5664e+06,-4.4506e+05
-1.5665e+06,-4.4508e+05
-1.5665e+06,-4.451e+05
-1.5666e+06,-4.4511e+05
-1.5666e+06,-4.4513e+05
-1.5666e+06,-4.4515e+05
-1.5667e+06,-4.4516e+05
-1.5667e+06,-4.4518e+05
-1.5668e+06,-4.452e+05
-1.5668e+06,-4.4521e+05
-1.5669e+06,-4.4523e+05
-1.5669e+06,-4.4525e+05
-1.567e+06,-4.4526e+05
-1.567e+06,-4.4528e+05
-1.5671e+06,-4.453e+05
-1.5671e+06,-4.4531e+05
-1.5671e+06,-4.4533e+05
-1.5672e+06,-4.4535e+05
-1.5672e+06,-4.4536e+05
-1.5673e+06,-4.4538e+05
-1.5673e+06,-4.4539e+05
-1.5674e+06,-4.4541e+05
-1.5674e+06,-4.4543e+05
-1.5675e+06,-4.4544e+05
-1.5675e+06,-4.4546e+05
-1.5675e+06,-4.4547e+05
-1.5676e+06,-4.4549e+05
-1.5676e+06,-4.455e+05
-1.5677e+06,-4.4552e+05
-1.5677e+06,-4.4553e+05
-1.5678e+06,-4.4555e+05
-1.5678e+06,-4.4556e+05
-1.5679e+06,-4.4558e+05
-1.5679e+06,-4.4559e+05
-1.568e+06,-4.4561e+05
-1.568e+06,-4.4562e+05
-1.568e+06,-4.4564e+05
-1.5681e+06,-4.4565e+05
-1.5681e+06,-4.4567e+05
-1.5682e+06,-4.4568e+05
-1.5682e+06,-4.457e+05
-1.5683e+06,-4.4571e+05
-1.5683e+06,-4.4573e+05
-1.5684e+06,-4.4574e+05
-1.5684e+06,-4.4576e+05
-1.5684e+06,-4.4577e+05
-1.5685e+06,-4.4578e+05
-1.5685e+06,-4.458e+05
-1.5686e+06,-4.4581e+05
-1.5686e+06,-4.4582e+05
-1.5687e+06,-4.4584e+05
-1.5687e+06,-4.4585e+05
-1.5688e+06,-4.4586e+05
-1.5688e+06,-4.4588e+05
-1.5689e+06,-4.4589e+05
-1.5689e+06,-4.459e+05
-1.5689e+06,-4.4591e+05
-1.569e+06,-4.4593e+05
-1.569e+06,-4.4594e+05
-1.5691e+06,-4.4595e+05
-1.5691e+06,-4.4597e+05
-1.5692e+06,-4.4598e+05
-1.5692e+06,-4.4599e+05
-1.5693e+06,-4.4601e+05
-1.5693e+06,-4.4602e+05
-1.5693e+06,-4.4603e+05
-1.5694e+06,-4.4605e+05
-1.5694e+06,-4.4606e+05
-1.5695e+06,-4.4607e+05
-1.5695e+06,-4.4609e+05
-1.5696e+06,-4.461e+05
-1.5696e+06,-4.4611e+05
-1.5697e+06,-4.4613e+05
-1.5697e+06,-4.4614e+05
-1.5698e+06,-4.4615e+05
-1.5698e+06,-4.4617e+05
-1.5698e+06,-4.4618e+05
-1.5699e+06,-4.462e+05
-1.5699e+06,-4.4621e+05
-1.57e+06,-4.4622e+05
-1.57e+06,-4.4624e+05
-1.5701e+06,-4.4625e+05
-1.5701e+06,-4.4627e+05
-1.5702e+06,-4.4628e+05
-1.5702e+06,-4.4629e+05
-1.5702e+06,-4.4631e+05
-1.5703e+06,-4.4632e+05
-1.5703e+06,-4.4633e+05
-1.5704e+06,-4.4635e+05
-1.5704e+06,-4.4636e+05
-1.5705e+06,-4.4637e+05
-1.5705e+06,-4.4638e+05
-1.5706e+06,-4.464e+05
-1.5706e+06,-4.4641e+05
-1.5707e+06,-4.4642e+05
-1.5707e+06,-4.4643e+05
-1.5707e+06,-4.4644e+05
-1.5708e+06,-4.4645e+05
-1.5708e+06,-4.4646e+05
-1.5709e+06,-4.4648e+05
-1.5709e+06,-4.4649e+05
-1.571e+06,-4.465e+05
-1.571e+06,-4.4651e+05
-1.5711e+06,-4.4652e+05
-1.5711e+06,-4.4653e+05
-1.5711e+06,-4.4654e+05
-1.5712e+06,-4.4655e+05
-1.5712e+06,-4.4656e+05
-1.5713e+06,-4.4657e+05
-1.5713e+06,-4.4658e+05
-1.5714e+06,-4.4659e+05
-1.5714e+06,-4.466e+05
-1.5715e+06,-4.4661e+05
-1.5715e+06,-4.4662e+05
-1.5716e+06,-4.4663e+05
-1.5716e+06,-4.4664e+05
-1.5716e+06,-4.4665e+05
-1.5717e+06,-4.4666e+05
-1.5717e+06,-4.4667e+05
-1.5718e+06,-4.4668e+05
-1.5718e+06,-4.4669e+05
-1.5719e+06,-4.467e+05
-1.5719e+06,-4.4671e+05
-1.572e+06,-4.4672e+05
-1.572e+06,-4.4673e+05
-1.572e+06,-4.4674e+05
-1.5721e+06,-4.4675e+05
-1.5721e+06,-4.4676e+05
-1.5722e+06,-4.4677e+05
-1.5722e+06,-4.4678e+05
-1.5723e+06,-4.4679e+05
-1.5723e+06,-4.468e+05
-1.5724e+06,-4.4681e+05
-1.5724e+06,-4.4682e+05
-1.5725e+06,-4.4683e+05
-1.5725e+06,-4.4684e+05
-1.5725e+06,-4.4685e+05
-1.5726e+06,-4.4686e+05
-1.5726e+06,-4.4687e+05
-1.5727e+06,-4.4688e+05
-1.5727e+06,-4.4689e+05
-1.5728e+06,-4.469e+05
-1.5728e+06,-4.4691e+05
-1.5729e+06,-4.4692e+05
-1.5729e+06,-4.4693e+05
-1.5729e+06,-4.4694e+05
-1.573e+06,-4.4695e+05
-1.573e+06,-4.4696e+05
-1.5731e+06,-4.4697e+05
-1.5731e+06,-4.4698e+05
-1.5732e+06,-4.4699e+05
-1.5732e+06,-4.47e+05
-1.5733e+06,-4.4701e+05
-1.5733e+06,-4.4702e+05
-1.5734e+06,-4.4703e+05
-1.5734e+06,-4.4704e+05
-1.5734e+06,-4.4705e+05
-1.5735e+06,-4.4706e+05
-1.5735e+06,-4.4707e+05
-1.5736e+06,-4.4708e+05
-1.5736e+06,-4.4708e+05
-1.5737e+06,-4.4709e+05
-1.5737e+06,-4.471e+05
-1.5738e+06,-4.4711e+05
-1.5738e+06,-4.4712e+05
-1.5738e+06,-4.4713e+05
-1.5739e+06,-4.4714e+05
-1.5739e+06,-4.4715e+05
-1.574e+06,-4.4716e+05
-1.574e+06,-4.4717e+05
-1.5741e+06,-4.4718e+05
-1.5741e+06,-4.4719e+05
-1.5742e+06,-4.472e+05
-1.5742e+06,-4.472e+05
-1.5743e+06,-4.4721e+05
-1.5743e+06,-4.4722e+05
-1.5743e+06,-4.4723e+05
-1.5744e+06,-4.4724e+05
-1.5744e+06,-4.4725e+05
-1.5745e+06,-4.4726e+05
-1.5745e+06,-4.4727e+05
-1.5746e+06,-4.4728e+05
-1.5746e+06,-4.4729e+05
-1.5747e+06,-4.473e+05
-1.5747e+06,-4.473e+05
-1.5747e+06,-4.4731e+05
-1.5748e+06,-4.4732e+05
-1.5748e+06,-4.4733e+05
-1.5749e+06,-4.4734e+05
-1.5749e+06,-4.4735e+05
-1.575e+06,-4.4736e+05
-1.575e+06,-4.4737e+05
-1.5751e+06,-4.4738e+05
-1.5751e+06,-4.4738e+05
-1.5752e+06,-4.4739e+05
-1.5752e+06,-4.474e+05
-1.5752e+06,-4.4741e+05
-1.5753e+06,-4.4742e+05
-1.5753e+06,-4.4743e+05
-1.5754e+06,-4.4744e+05
-1.5754e+06,-4.4744e+05
-1.5755e+06,-4.4745e+05
-1.5755e+06,-4.4746e+05
-1.5756e+06,-4.4747e+05
-1.5756e+06,-4.4748e+05
-1.5756e+06,-4.4749e+05
-1.5757e+06,-4.475e+05
-1.5757e+06,-4.475e+05
-1.5758e+06,-4.4751e+05
-1.5758e+06,-4.4752e+05
-1.5759e+06,-4.4753e+05
-1.5759e+06,-4.4754e+05
-1.576e+06,-4.4755e+05
-1.576e+06,-4.4756e+05
-1.5761e+06,-4.4757e+05
-1.5761e+06,-4.4757e+05
-1.5761e+06,-4.4758e+05
-1.5762e+06,-4.4759e+05
-1.5762e+06,-4.476e+05
-1.5763e+06,-4.4761e+05
-1.5763e+06,-4.4762e+05
-1.5764e+06,-4.4763e+05
-1.5764e+06,-4.4764e+05
-1.5765e+06,-4.4765e+05
-1.5765e+06,-4.4765e+05
-1.5765e+06,-4.4766e+05
-1.5766e+06,-4.4767e+05
-1.5766e+06,-4.4768e+05
-1.5767e+06,-4.4769e+05
-1.5767e+06,-4.477e+05
-1.5768e+06,-4.4771e+05
-1.5768e+06,-4.4772e+05
-1.5769e+06,-4.4773e+05
-1.5769e+06,-4.4774e+05
-1.577e+06,-4.4775e+05
-1.577e+06,-4.4776e+05
-1.577e+06,-4.4777e+05
-1.5771e+06,-4.4778e+05
-1.5771e+06,-4.4779e+05
-1.5772e+06,-4.478e+05
-1.5772e+06,-4.4781e+05
-1.5773e+06,-4.4782e+05
-1.5773e+06,-4.4783e+05
-1.5774e+06,-4.4784e+05
-1.5774e+06,-4.4785e+05
-1.5774e+06,-4.4786e+05
-1.5775e+06,-4.4787e+05
-1.5775e+06,-4.4788e+05
-1.5776e+06,-4.4789e+05
-1.5776e+06,-4.479e+05
-1.5777e+06,-4.4791e+05
-1.5777e+06,-4.4792e+05
-1.5778e+06,-4.4794e+05
-1.5778e+06,-4.4795e+05
-1.5779e+06,-4.4796e+05
-1.5779e+06,-4.4797e+05
-1.5779e+06,-4.4798e+05
-1.578e+06,-4.4799e+05
-1.578e+06,-4.4801e+05
-1.5781e+06,-4.4802e+05
-1.5781e+06,-4.4803e+05
-1.5782e+06,-4.4804e+05
-1.5782e+06,-4.4806e+05
-1.5783e+06,-4.4807e+05
-1.5783e+06,-4.4808e+05
-1.5783e+06,-4.481e+05
-1.5784e+06,-4.4811e+05
-1.5784e+06,-4.4813e+05
-1.5785e+06,-4.4814e+05
-1.5785e+06,-4.4816e+05
-1.5786e+06,-4.4817e+05
-1.5786e+06,-4.4819e+05
-1.5787e+06,-4.482e+05
-1.5787e+06,-4.4822e+05
-1.5788e+06,-4.4823e+05
-1.5788e+06,-4.4825e+05
-1.5788e+06,-4.4826e+05
-1.5789e+06,-4.4828e+05
-1.5789e+06,-4.4829e+05
-1.579e+06,-4.4831e+05
-1.579e+06,-4.4832e+05
-1.5791e+06,-4.4834e+05
-1.5791e+06,-4.4835e+05
-1.5792e+06,-4.4837e+05
-1.5792e+06,-4.4838e+05
-1.5792e+06,-4.484e+05
-1.5793e+06,-4.4842e+05
-1.5793e+06,-4.4843e+05
-1.5794e+06,-4.4845e+05
-1.5794e+06,-4.4847e+05
-1.5795e+06,-4.4848e+05
-1.5795e+06,-4.485e+05
-1.5796e+06,-4.4851e+05
-1.5796e+06,-4.4853e+05
-1.5797e+06,-4.4855e+05
-1.5797e+06,-4.4857e+05
-1.5797e+06,-4.4858e+05
-1.5798e+06,-4.486e+05
-1.5798e+06,-4.4862e+05
-1.5799e+06,-4.4864e+05
-1.5799e+06,-4.4866e+05
-1.58e+06,-4.4867e+05
-1.58e+06,-4.4869e+05
-1.5801e+06,-4.4871e+05
-1.5801e+06,-4.4873e+05
-1.5801e+06,-4.4875e+05
-1.5802e+06,-4.4877e+05
-1.5802e+06,-4.4879e+05
-1.5803e+06,-4.4881e+05
-1.5803e+06,-4.4883e+05
-1.5804e+06,-4.4886e+05
-1.5804e+06,-4.4888e+05
-1.5805e+06,-4.489e+05
-1.5805e+06,-4.4892e+05
-1.5806e+06,-4.4894e+05
-1.5806e+06,-4.4896e+05
-1.5806e+06,-4.4899e+05
-1.5807e+06,-4.4901e+05
-1.5807e+06,-4.4903e+05
-1.5808e+06,-4.4905e+05
-1.5808e+06,-4.4908e+05
-1.5809e+06,-4.491e+05
-1.5809e+06,-4.4912e+05
-1.581e+06,-4.4914e+05
-1.581e+06,-4.4917e+05
-1.581e+06,-4.4919e+05
-1.5811e+06,-4.4921e+05
-1.5811e+06,-4.4923e+05
-1.5812e+06,-4.4926e+05
-1.5812e+06,-4.4928e+05
-1.5813e+06,-4.493e+05
-1.5813e+06,-4.4932e+05
-1.5814e+06,-4.4935e+05
-1.5814e+06,-4.4937e+05
-1.5815e+06,-4.4939e+05
-1.5815e+06,-4.4942e+05
-1.5815e+06,-4.4944e+05
-1.5816e+06,-4.4946e+05
-1.5816e+06,-4.4948e+05
-1.5817e+06,-4.4951e+05
-1.5817e+06,-4.4953e+05
-1.5818e+06,-4.4956e+05
-1.5818e+06,-4.4958e+05
-1.5819e+06,-4.496e+05
-1.5819e+06,-4.4963e+05
-1.5819e+06,-4.4965e+05
-1.582e+06,-4.4968e+05
-1.582e+06,-4.497e+05
-1.5821e+06,-4.4973e+05
-1.5821e+06,-4.4975e+05
-1.5822e+06,-4.4978e+05
-1.5822e+06,-4.4981e+05
-1.5823e+06,-4.4984e+05
-1.5823e+06,-4.4986e+05
-1.5824e+06,-4.4989e+05
-1.5824e+06,-4.4992e+05
-1.5824e+06,-4.4995e+05
-1.5825e+06,-4.4998e+05
-1.5825e+06,-4.5002e+05
-1.5826e+06,-4.5005e+05
-1.5826e+06,-4.5009e+05
-1.5827e+06,-4.5012e+05
-1.5827e+06,-4.5016e+05
-1.5828e+06,-4.502e+05
-1.5828e+06,-4.5024e+05
-1.5828e+06,-4.5029e+05
-1.5829e+06,-4.5033e+05
-1.5829e+06,-4.5038e+05
-1.583e+06,-4.5042e+05
-1.583e+06,-4.5047e+05
-1.583e+06,-4.5051e+05
-1.5831e+06,-4.5056e+05
-1.5831e+06,-4.506e+05
-1.5832e+06,-4.5065e+05
-1.5832e+06,-4.5069e+05
-1.5832e+06,-4.5074e+05
-1.5833e+06,-4.5078e+05
-1.5833e+06,-4.5083e+05
-1.5833e+06,-4.5087e+05
-1.5834e+06,-4.5092e+05
-1.5834e+06,-4.5096e+05
-1.5834e+06,-4.5101e+05
-1.5835e+06,-4.5105e+05
-1.5835e+06,-4.511e+05
-1.5835e+06,-4.5114e+05
-1.5836e+06,-4.5119e+05
-1.5836e+06,-4.5123e+05
-1.5836e+06,-4.5128e+05
-1.5837e+06,-4.5132e+05
-1.5837e+06,-4.5137e+05
-1.5837e+06,-4.5141e+05
-1.5838e+06,-4.5146e+05
-1.5838e+06,-4.515e+05
-1.5838e+06,-4.5155e+05
-1.5839e+06,-4.5159e+05
-1.5839e+06,-4.5164e+05
-1.5839e+06,-4.5168e+05
-1.584e+06,-4.5173e+05
-1.584e+06,-4.5177e+05
-1.584e+06,-4.5182e+05
-1.5841e+06,-4.5186e+05
-1.5841e+06,-4.5191e+05
-1.5841e+06,-4.5195e+05
-1.5842e+06,-4.52e+05
-1.5842e+06,-4.5204e+05
-1.5842e+06,-4.5209e+05
-1.5843e+06,-4.5213e+05
-1.5843e+06,-4.5218e+05
-1.5843e+06,-4.5222e+05
-1.5844e+06,-4.5227e+05
-1.5844e+06,-4.5231e+05
-1.5844e+06,-4.5236e+05
-1.5845e+06,-4.524e+05
-1.5845e+06,-4.5245e+05
-1.5845e+06,-4.5249e+05
-1.5846e+06,-4.5254e+05
-1.5846e+06,-4.5258e+05
-1.5847e+06,-4.5263e+05
-1.5847e+06,-4.5267e+05
-1.5847e+06,-4.5272e+05
-1.5848e+06,-4.5276e+05
-1.5848e+06,-4.5281e+05
-1.5849e+06,-4.5285e+05
-1.5849e+06,-4.529e+05
-1.5849e+06,-4.5294e+05
-1.585e+06,-4.5299e+05
-1.585e+06,-4.5303e+05
-1.5851e+06,-4.5308e+05
-1.5851e+06,-4.5312e+05
-1.5851e+06,-4.5317e+05
-1.5852e+06,-4.5321e+05
-1.5852e+06,-4.5326e+05
-1.5853e+06,-4.533e+05
-1.5853e+06,-4.5335e+05
-1.5854e+06,-4.5339e+05
-1.5854e+06,-4.5344e+05
-1.5854e+06,-4.5348e+05
-1.5855e+06,-4.5353e+05
-1.5855e+06,-4.5357e+05
-1.5856e+06,-4.5362e+05
-1.5856e+06,-4.5366e+05
-1.5856e+06,-4.5371e+05
-1.5857e+06,-4.5375e+05
-1.5857e+06,-4.538e+05
-1.5857e+06,-4.5384e+05
-1.5858e+06,-4.5389e+05
-1.5858e+06,-4.5393e+05
-1.5858e+06,-4.5398e+05
-1.5859e+06,-4.5402e+05
-1.5859e+06,-4.5407e+05
-1.5859e+06,-4.5411e+05
-1.586e+06,-4.5416e+05
-1.586e+06,-4.542e+05
-1.586e+06,-4.5425e+05
-1.5861e+06,-4.5429e+05
-1.5861e+06,-4.5434e+05
-1.5861e+06,-4.5438e+05
-1.5861e+06,-4.5443e+05
-1.5862e+06,-4.5447e+05
-1.5862e+06,-4.5452e+05
-1.5862e+06,-4.5456e+05
-1.5863e+06,-4.5461e+05
-1.5863e+06,-4.5465e+05
-1.5863e+06,-4.547e+05
-1.5863e+06,-4.5474e+05
-1.5864e+06,-4.5479e+05
-1.5864e+06,-4.5483e+05
-1.5864e+06,-4.5488e+05
-1.5864e+06,-4.5492e+05
-1.5865e+06,-4.5497e+05
-1.5865e+06,-4.5501e+05
-1.5865e+06,-4.5506e+05
-1.5865e+06,-4.551e+05
-1.5865e+06,-4.5515e+05
-1.5866e+06,-4.5519e+05
-1.5866e+06,-4.5524e+05
-1.5866e+06,-4.5528e+05
-1.5866e+06,-4.5533e+05
-1.5866e+06,-4.5537e+05
-1.5867e+06,-4.5542e+05
-1.5867e+06,-4.5546e+05
-1.5867e+06,-4.5551e+05
-1.5867e+06,-4.5555e+05
-1.5867e+06,-4.556e+05
-1.5868e+06,-4.5564e+05
-1.5868e+06,-4.5569e+05
-1.5868e+06,-4.5573e+05
-1.5868e+06,-4.5578e+05
-1.5868e+06,-4.5582e+05
-1.5868e+06,-4.5587e+05
-1.5869e+06,-4.5591e+05
-1.5869e+06,-4.5596e+05
-1.5869e+06,-4.56e+05
-1.5869e+06,-4.5605e+05
-1.5869e+06,-4.5609e+05
-1.5869e+06,-4.5614e+05
-1.587e+06,-4.5618e+05
-1.587e+06,-4.5623e+05
-1.587e+06,-4.5627e+05
-1.587e+06,-4.5632e+05
-1.587e+06,-4.5636e+05
-1.5871e+06,-4.5641e+05
-1.5871e+06,-4.5645e+05
-1.5871e+06,-4.565e+05
-1.5871e+06,-4.5654e+05
-1.5871e+06,-4.5659e+05
-1.5872e+06,-4.5663e+05
-1.5872e+06,-4.5668e+05
-1.5872e+06,-4.5672e+05
-1.5872e+06,-4.5677e+05
-1.5872e+06,-4.5681e+05
-1.5873e+06,-4.5686e+05
-1.5873e+06,-4.569e+05
-1.5873e+06,-4.5695e+05
-1.5873e+06,-4.5699e+05
-1.5874e+06,-4.5704e+05
-1.5874e+06,-4.5708e+05
-1.5874e+06,-4.5713e+05
-1.5874e+06,-4.5717e+05
-1.5875e+06,-4.5722e+05
-1.5875e+06,-4.5726e+05
-1.5875e+06,-4.5731e+05
-1.5875e+06,-4.5735e+05
-1.5876e+06,-4.574e+05
-1.5876e+06,-4.5744e+05
-1.5876e+06,-4.5749e+05
-1.5877e+06,-4.5753e+05
-1.5877e+06,-4.5758e+05
-1.5877e+06,-4.5762e+05
-1.5878e+06,-4.5767e+05
-1.5878e+06,-4.5771e+05
-1.5879e+06,-4.5776e+05
-1.5879e+06,-4.578e+05
-1.5879e+06,-4.5785e+05
-1.588e+06,-4.5789e+05
-1.588e+06,-4.5793e+05
-1.5881e+06,-4.5797e+05
-1.5881e+06,-4.5801e+05
-1.5882e+06,-4.5805e+05
-1.5882e+06,-4.5808e+05
-1.5883e+06,-4.5812e+05
-1.5883e+06,-4.5815e+05
-1.5883e+06,-4.5818e+05
-1.5884e+06,-4.5821e+05
-1.5884e+06,-4.5823e+05
-1.5885e+06,-4.5826e+05
-1.5885e+06,-4.5829e+05
-1.5886e+06,-4.5831e+05
-1.5886e+06,-4.5833e+05
-1.5887e+06,-4.5835e+05
-1.5887e+06,-4.5837e+05
-1.5887e+06,-4.5839e+05
-1.5888e+06,-4.5841e+05
-1.5888e+06,-4.5843e+05
-1.5889e+06,-4.5845e+05
-1.5889e+06,-4.5846e+05
-1.589e+06,-4.5848e+05
-1.589e+06,-4.5849e+05
-1.5891e+06,-4.5851e+05
-1.5891e+06,-4.5852e+05
-1.5892e+06,-4.5853e+05
-1.5892e+06,-4.5855e+05
-1.5892e+06,-4.5856e+05
-1.5893e+06,-4.5857e+05
-1.5893e+06,-4.5858e+05
-1.5894e+06,-4.5859e+05
-1.5894e+06,-4.586e+05
-1.5895e+06,-4.5861e+05
-1.5895e+06,-4.5862e+05
-1.5896e+06,-4.5863e+05
-1.5896e+06,-4.5864e+05
-1.5896e+06,-4.5865e+05
-1.5897e+06,-4.5866e+05
-1.5897e+06,-4.5867e+05
-1.5898e+06,-4.5868e+05
-1.5898e+06,-4.5868e+05
-1.5899e+06,-4.5869e+05
-1.5899e+06,-4.587e+05
-1.59e+06,-4.5871e+05
-1.59e+06,-4.5872e+05
-1.5901e+06,-4.5872e+05
-1.5901e+06,-4.5873e+05
-1.5901e+06,-4.5874e+05
-1.5902e+06,-4.5875e+05
-1.5902e+06,-4.5876e+05
-1.5903e+06,-4.5877e+05
-1.5903e+06,-4.5878e+05
-1.5904e+06,-4.5879e+05
-1.5904e+06,-4.588e+05
-1.5905e+06,-4.5881e+05
-1.5905e+06,-4.5883e+05
-1.5905e+06,-4.5884e+05
-1.5906e+06,-4.5886e+05
-1.5906e+06,-4.5889e+05
-1.5907e+06,-4.5891e+05
