-1.4879e+06,-6.674e+05
-1.4879e+06,-6.6742e+05
-1.488e+06,-6.6744e+05
-1.488e+06,-6.6746e+05
-1.4881e+06,-6.6748e+05
-1.4881e+06,-6.6751e+05
-1.4882e+06,-6.6753e+05
-1.4882e+06,-6.6755e+05
-1.4883e+06,-6.6757e+05
-1.4883e+06,-6.6759e+05
-1.4884e+06,-6.6761e+05
-1.4884e+06,-6.6764e+05
-1.4884e+06,-6.6766e+05
-1.4885e+06,-6.6768e+05
-1.4885e+06,-6.677e+05
-1.4886e+06,-6.6772e+05
-1.4886e+06,-6.6774e+05
-1.4887e+06,-6.6776e+05
-1.4887e+06,-6.6779e+05
-1.4888e+06,-6.6781e+05
-1.4888e+06,-6.6783e+05
-1.4888e+06,-6.6785e+05
-1.4889e+06,-6.6787e+05
-1.4889e+06,-6.6789e+05
-1.489e+06,-6.6791e+05
-1.489e+06,-6.6793e+05
-1.4891e+06,-6.6795e+05
-1.4891e+06,-6.6797e+05
-1.4892e+06,-6.6799e+05
-1.4892e+06,-6.6801e+05
-1.4893e+06,-6.6803e+05
-1.4893e+06,-6.6805e+05
-1.4893e+06,-6.6807e+05
-1.4894e+06,-6.6809e+05
-1.4894e+06,-6.6811e+05
-1.4895e+06,-6.6813e+05
-1.4895e+06,-6.6815e+05
-1.4896e+06,-6.6817e+05
-1.4896e+06,-6.6819e+05
-1.4897e+06,-6.6821e+05
-1.4897e+06,-6.6823e+05
-1.4897e+06,-6.6825e+05
-1.4898e+06,-6.6826e+05
-1.4898e+06,-6.6828e+05
-1.4899e+06,-6.683e+05
-1.4899e+06,-6.6832e+05
-1.49e+06,-6.6834e+05
-1.49e+06,-6.6835e+05
-1.4901e+06,-6.6837e+05
-1.4901e+06,-6.6839e+05
-1.4902e+06,-6.6841e+05
-1.4902e+06,-6.6842e+05
-1.4902e+06,-6.6844e+05
-1.4903e+06,-6.6846e+05
-1.4903e+06,-6.6848e+05
-1.4904e+06,-6.6849e+05
-1.4904e+06,-6.6851e+05
-1.4905e+06,-6.6853e+05
-1.4905e+06,-6.6854e+05
-1.4906e+06,-6.6856e+05
-1.4906e+06,-6.6857e+05
-1.4906e+06,-6.6859e+05
-1.4907e+06,-6.6861e+05
-1.4907e+06,-6.6862e+05
-1.4908e+06,-6.6864e+05
-1.4908e+06,-6.6865e+05
-1.4909e+06,-6.6867e+05
-1.4909e+06,-6.6868e+05
-1.491e+06,-6.6869e+05
-1.491e+06,-6.6871e+05
-1.4911e+06,-6.6872e+05
-1.4911e+06,-6.6874e+05
-1.4911e+06,-6.6875e+05
-1.4912e+06,-6.6876e+05
-1.4912e+06,-6.6878e+05
-1.4913e+06,-6.6879e+05
-1.4913e+06,-6.688e+05
-1.4914e+06,-6.6882e+05
-1.4914e+06,-6.6883e+05
-1.4915e+06,-6.6884e+05
-1.4915e+06,-6.6885e+05
-1.4915e+06,-6.6887e+05
-1.4916e+06,-6.6888e+05
-1.4916e+06,-6.6889e+05
-1.4917e+06,-6.689e+05
-1.4917e+06,-6.6891e+05
-1.4918e+06,-6.6892e+05
-1.4918e+06,-6.6893e+05
-1.4919e+06,-6.6895e+05
-1.4919e+06,-6.6896e+05
-1.492e+06,-6.6897e+05
-1.492e+06,-6.6898e+05
-1.492e+06,-6.6899e+05
-1.4921e+06,-6.69e+05
-1.4921e+06,-6.6901e+05
-1.4922e+06,-6.6901e+05
-1.4922e+06,-6.6902e+05
-1.4923e+06,-6.6903e+05
-1.4923e+06,-6.6904e+05
-1.4924e+06,-6.6905e+05
-1.4924e+06,-6.6906e+05
-1.4924e+06,-6.6907e+05
-1.4925e+06,-6.6907e+05
-1.4925e+06,-6.6908e+05
-1.4926e+06,-6.6909e+05
-1.4926e+06,-6.691e+05
-1.4927e+06,-6.691e+05
-1.4927e+06,-6.6911e+05
-1.4928e+06,-6.6912e+05
-1.4928e+06,-6.6913e+05
-1.4929e+06,-6.6913e+05
-1.4929e+06,-6.6914e+05
-1.4929e+06,-6.6914e+05
-1.493e+06,-6.6915e+05
-1.493e+06,-6.6916e+05
-1.4931e+06,-6.6916e+05
-1.4931e+06,-6.6917e+05
-1.4932e+06,-6.6917e+05
-1.4932e+06,-6.6918e+05
-1.4933e+06,-6.6918e+05
-1.4933e+06,-6.6919e+05
-1.4933e+06,-6.6919e+05
-1.4934e+06,-6.692e+05
-1.4934e+06,-6.692e+05
-1.4935e+06,-6.692e+05
-1.4935e+06,-6.6921e+05
-1.4936e+06,-6.6921e+05
-1.4936e+06,-6.6922e+05
-1.4937e+06,-6.6922e+05
-1.4937e+06,-6.6922e+05
-1.4938e+06,-6.6923e+05
-1.4938e+06,-6.6923e+05
-1.4938e+06,-6.6923e+05
-1.4939e+06,-6.6923e+05
-1.4939e+06,-6.6924e+05
-1.494e+06,-6.6924e+05
-1.494e+06,-6.6924e+05
-1.4941e+06,-6.6924e+05
-1.4941e+06,-6.6925e+05
-1.4942e+06,-6.6925e+05
-1.4942e+06,-6.6925e+05
-1.4942e+06,-6.6925e+05
-1.4943e+06,-6.6925e+05
-1.4943e+06,-6.6925e+05
-1.4944e+06,-6.6925e+05
-1.4944e+06,-6.6926e+05
-1.4945e+06,-6.6926e+05
-1.4945e+06,-6.6926e+05
-1.4946e+06,-6.6926e+05
-1.4946e+06,-6.6926e+05
-1.4947e+06,-6.6926e+05
-1.4947e+06,-6.6926e+05
-1.4947e+06,-6.6926e+05
-1.4948e+06,-6.6926e+05
-1.4948e+06,-6.6926e+05
-1.4949e+06,-6.6926e+05
-1.4949e+06,-6.6926e+05
-1.495e+06,-6.6926e+05
-1.495e+06,-6.6926e+05
-1.4951e+06,-6.6926e+05
-1.4951e+06,-6.6926e+05
-1.4951e+06,-6.6926e+05
-1.4952e+06,-6.6925e+05
-1.4952e+06,-6.6925e+05
-1.4953e+06,-6.6925e+05
-1.4953e+06,-6.6925e+05
-1.4954e+06,-6.6925e+05
-1.4954e+06,-6.6925e+05
-1.4955e+06,-6.6924e+05
-1.4955e+06,-6.6924e+05
-1.4956e+06,-6.6924e+05
-1.4956e+06,-6.6924e+05
-1.4956e+06,-6.6924e+05
-1.4957e+06,-6.6923e+05
-1.4957e+06,-6.6923e+05
-1.4958e+06,-6.6923e+05
-1.4958e+06,-6.6923e+05
-1.4959e+06,-6.6922e+05
-1.4959e+06,-6.6922e+05
-1.496e+06,-6.6922e+05
-1.496e+06,-6.6921e+05
-1.496e+06,-6.6921e+05
-1.4961e+06,-6.6921e+05
-1.4961e+06,-6.692e+05
-1.4962e+06,-6.692e+05
-1.4962e+06,-6.692e+05
-1.4963e+06,-6.6919e+05
-1.4963e+06,-6.6919e+05
-1.4964e+06,-6.6918e+05
-1.4964e+06,-6.6918e+05
-1.4965e+06,-6.6918e+05
-1.4965e+06,-6.6917e+05
-1.4965e+06,-6.6917e+05
-1.4966e+06,-6.6916e+05
-1.4966e+06,-6.6916e+05
-1.4967e+06,-6.6915e+05
-1.4967e+06,-6.6915e+05
-1.4968e+06,-6.6914e+05
-1.4968e+06,-6.6914e+05
-1.4969e+06,-6.6913e+05
-1.4969e+06,-6.6913e+05
-1.4969e+06,-6.6912e+05
-1.497e+06,-6.6912e+05
-1.497e+06,-6.6911e+05
-1.4971e+06,-6.6911e+05
-1.4971e+06,-6.691e+05
-1.4972e+06,-6.6909e+05
-1.4972e+06,-6.6909e+05
-1.4973e+06,-6.6908e+05
-1.4973e+06,-6.6908e+05
-1.4974e+06,-6.6907e+05
-1.4974e+06,-6.6906e+05
-1.4974e+06,-6.6906e+05
-1.4975e+06,-6.6905e+05
-1.4975e+06,-6.6904e+05
-1.4976e+06,-6.6904e+05
-1.4976e+06,-6.6903e+05
-1.4977e+06,-6.6902e+05
-1.4977e+06,-6.6902e+05
-1.4978e+06,-6.6901e+05
-1.4978e+06,-6.69e+05
-1.4978e+06,-6.6899e+05
-1.4979e+06,-6.6899e+05
-1.4979e+06,-6.6898e+05
-1.498e+06,-6.6897e+05
-1.498e+06,-6.6897e+05
-1.4981e+06,-6.6896e+05
-1.4981e+06,-6.6895e+05
-1.4982e+06,-6.6894e+05
-1.4982e+06,-6.6893e+05
-1.4983e+06,-6.6893e+05
-1.4983e+06,-6.6892e+05
-1.4983e+06,-6.6891e+05
-1.4984e+06,-6.689e+05
-1.4984e+06,-6.6889e+05
-1.4985e+06,-6.6888e+05
-1.4985e+06,-6.6888e+05
-1.4986e+06,-6.6887e+05
-1.4986e+06,-6.6886e+05
-1.4987e+06,-6.6885e+05
-1.4987e+06,-6.6884e+05
-1.4987e+06,-6.6883e+05
-1.4988e+06,-6.6882e+05
-1.4988e+06,-6.6881e+05
-1.4989e+06,-6.688e+05
-1.4989e+06,-6.688e+05
-1.499e+06,-6.6879e+05
-1.499e+06,-6.6878e+05
-1.4991e+06,-6.6877e+05
-1.4991e+06,-6.6876e+05
-1.4992e+06,-6.6875e+05
-1.4992e+06,-6.6874e+05
-1.4992e+06,-6.6873e+05
-1.4993e+06,-6.6872e+05
-1.4993e+06,-6.6871e+05
-1.4994e+06,-6.687e+05
-1.4994e+06,-6.6869e+05
-1.4995e+06,-6.6868e+05
-1.4995e+06,-6.6867e+05
-1.4996e+06,-6.6866e+05
-1.4996e+06,-6.6865e+05
-1.4996e+06,-6.6863e+05
-1.4997e+06,-6.6862e+05
-1.4997e+06,-6.6861e+05
-1.4998e+06,-6.686e+05
-1.4998e+06,-6.6859e+05
-1.4999e+06,-6.6858e+05
-1.4999e+06,-6.6857e+05
-1.5e+06,-6.6856e+05
-1.5e+06,-6.6855e+05
-1.5001e+06,-6.6853e+05
-1.5001e+06,-6.6852e+05
-1.5001e+06,-6.6851e+05
-1.5002e+06,-6.685e+05
-1.5002e+06,-6.6849e+05
-1.5003e+06,-6.6848e+05
-1.5003e+06,-6.6846e+05
-1.5004e+06,-6.6845e+05
-1.5004e+06,-6.6844e+05
-1.5005e+06,-6.6843e+05
-1.5005e+06,-6.6842e+05
-1.5005e+06,-6.684e+05
-1.5006e+06,-6.6839e+05
-1.5006e+06,-6.6838e+05
-1.5007e+06,-6.6837e+05
-1.5007e+06,-6.6835e+05
-1.5008e+06,-6.6834e+05
-1.5008e+06,-6.6833e+05
-1.5009e+06,-6.6831e+05
-1.5009e+06,-6.683e+05
-1.501e+06,-6.6829e+05
-1.501e+06,-6.6827e+05
-1.501e+06,-6.6826e+05
-1.5011e+06,-6.6825e+05
-1.5011e+06,-6.6823e+05
-1.5012e+06,-6.6822e+05
-1.5012e+06,-6.6821e+05
-1.5013e+06,-6.6819e+05
-1.5013e+06,-6.6818e+05
-1.5014e+06,-6.6816e+05
-1.5014e+06,-6.6815e+05
-1.5014e+06,-6.6814e+05
-1.5015e+06,-6.6812e+05
-1.5015e+06,-6.6811e+05
-1.5016e+06,-6.6809e+05
-1.5016e+06,-6.6808e+05
-1.5017e+06,-6.6806e+05
-1.5017e+06,-6.6805e+05
-1.5018e+06,-6.6803e+05
-1.5018e+06,-6.6802e+05
-1.5019e+06,-6.68e+05
-1.5019e+06,-6.6799e+05
-1.5019e+06,-6.6797e+05
-1.502e+06,-6.6796e+05
-1.502e+06,-6.6794e+05
-1.5021e+06,-6.6793e+05
-1.5021e+06,-6.6791e+05
-1.5022e+06,-6.679e+05
-1.5022e+06,-6.6788e+05
-1.5023e+06,-6.6786e+05
-1.5023e+06,-6.6785e+05
-1.5023e+06,-6.6783e+05
-1.5024e+06,-6.6782e+05
-1.5024e+06,-6.678e+05
-1.5025e+06,-6.6778e+05
-1.5025e+06,-6.6777e+05
-1.5026e+06,-6.6775e+05
-1.5026e+06,-6.6773e+05
-1.5027e+06,-6.6772e+05
-1.5027e+06,-6.677e+05
-1.5028e+06,-6.6768e+05
-1.5028e+06,-6.6767e+05
-1.5028e+06,-6.6765e+05
-1.5029e+06,-6.6763e+05
-1.5029e+06,-6.6762e+05
-1.503e+06,-6.676e+05
-1.503e+06,-6.6758e+05
-1.5031e+06,-6.6756e+05
-1.5031e+06,-6.6755e+05
-1.5032e+06,-6.6753e+05
-1.5032e+06,-6.6751e+05
-1.5032e+06,-6.6749e+05
-1.5033e+06,-6.6747e+05
-1.5033e+06,-6.6746e+05
-1.5034e+06,-6.6744e+05
-1.5034e+06,-6.6742e+05
-1.5035e+06,-6.674e+05
-1.5035e+06,-6.6738e+05
-1.5036e+06,-6.6737e+05
-1.5036e+06,-6.6735e+05
-1.5037e+06,-6.6733e+05
-1.5037e+06,-6.6731e+05
-1.5037e+06,-6.6729e+05
-1.5038e+06,-6.6727e+05
-1.5038e+06,-6.6725e+05
-1.5039e+06,-6.6723e+05
-1.5039e+06,-6.6721e+05
-1.504e+06,-6.6719e+05
-1.504e+06,-6.6717e+05
-1.5041e+06,-6.6716e+05
-1.5041e+06,-6.6714e+05
-1.5041e+06,-6.6712e+05
-1.5042e+06,-6.671e+05
-1.5042e+06,-6.6708e+05
-1.5043e+06,-6.6706e+05
-1.5043e+06,-6.6704e+05
-1.5044e+06,-6.6702e+05
-1.5044e+06,-6.67e+05
-1.5045e+06,-6.6697e+05
-1.5045e+06,-6.6695e+05
-1.5046e+06,-6.6693e+05
-1.5046e+06,-6.6691e+05
-1.5046e+06,-6.6689e+05
-1.5047e+06,-6.6687e+05
-1.5047e+06,-6.6685e+05
-1.5048e+06,-6.6683e+05
-1.5048e+06,-6.6681e+05
-1.5049e+06,-6.6679e+05
-1.5049e+06,-6.6676e+05
-1.505e+06,-6.6674e+05
-1.505e+06,-6.6672e+05
-1.505e+06,-6.667e+05
-1.5051e+06,-6.6668e+05
-1.5051e+06,-6.6665e+05
-1.5052e+06,-6.6663e+05
-1.5052e+06,-6.6661e+05
-1.5053e+06,-6.6659e+05
-1.5053e+06,-6.6656e+05
-1.5054e+06,-6.6654e+05
-1.5054e+06,-6.6652e+05
-1.5055e+06,-6.665e+05
-1.5055e+06,-6.6647e+05
-1.5055e+06,-6.6645e+05
-1.5056e+06,-6.6643e+05
-1.5056e+06,-6.664e+05
-1.5057e+06,-6.6638e+05
-1.5057e+06,-6.6636e+05
-1.5058e+06,-6.6633e+05
-1.5058e+06,-6.6631e+05
-1.5059e+06,-6.6629e+05
-1.5059e+06,-6.6626e+05
-1.5059e+06,-6.6624e+05
-1.506e+06,-6.6621e+05
-1.506e+06,-6.6619e+05
-1.5061e+06,-6.6616e+05
-1.5061e+06,-6.6614e+05
-1.5062e+06,-6.6612e+05
-1.5062e+06,-6.6609e+05
-1.5063e+06,-6.6607e+05
-1.5063e+06,-6.6604e+05
-1.5064e+06,-6.6602e+05
-1.5064e+06,-6.6599e+05
-1.5064e+06,-6.6597e+05
-1.5065e+06,-6.6594e+05
-1.5065e+06,-6.6592e+05
-1.5066e+06,-6.6589e+05
-1.5066e+06,-6.6586e+05
-1.5067e+06,-6.6584e+05
-1.5067e+06,-6.6581e+05
-1.5068e+06,-6.6579e+05
-1.5068e+06,-6.6576e+05
-1.5068e+06,-6.6574e+05
-1.5069e+06,-6.6571e+05
-1.5069e+06,-6.6568e+05
-1.507e+06,-6.6566e+05
-1.507e+06,-6.6563e+05
-1.5071e+06,-6.656e+05
-1.5071e+06,-6.6558e+05
-1.5072e+06,-6.6555e+05
-1.5072e+06,-6.6553e+05
-1.5073e+06,-6.655e+05
-1.5073e+06,-6.6547e+05
-1.5073e+06,-6.6545e+05
-1.5074e+06,-6.6542e+05
-1.5074e+06,-6.6539e+05
-1.5075e+06,-6.6536e+05
-1.5075e+06,-6.6534e+05
-1.5076e+06,-6.6531e+05
-1.5076e+06,-6.6528e+05
-1.5077e+06,-6.6526e+05
-1.5077e+06,-6.6523e+05
-1.5077e+06,-6.652e+05
-1.5078e+06,-6.6518e+05
-1.5078e+06,-6.6515e+05
-1.5079e+06,-6.6512e+05
-1.5079e+06,-6.6509e+05
-1.508e+06,-6.6507e+05
-1.508e+06,-6.6504e+05
-1.5081e+06,-6.6501e+05
-1.5081e+06,-6.6498e+05
-1.5082e+06,-6.6496e+05
-1.5082e+06,-6.6493e+05
-1.5082e+06,-6.649e+05
-1.5083e+06,-6.6487e+05
-1.5083e+06,-6.6485e+05
-1.5084e+06,-6.6482e+05
-1.5084e+06,-6.6479e+05
-1.5085e+06,-6.6476e+05
-1.5085e+06,-6.6474e+05
-1.5086e+06,-6.6471e+05
-1.5086e+06,-6.6468e+05
-1.5086e+06,-6.6465e+05
-1.5087e+06,-6.6463e+05
-1.5087e+06,-6.646e+05
-1.5088e+06,-6.6457e+05
-1.5088e+06,-6.6454e+05
-1.5089e+06,-6.6452e+05
-1.5089e+06,-6.6449e+05
-1.509e+06,-6.6446e+05
-1.509e+06,-6.6443e+05
-1.5091e+06,-6.6441e+05
-1.5091e+06,-6.6438e+05
-1.5091e+06,-6.6435e+05
-1.5092e+06,-6.6432e+05
-1.5092e+06,-6.643e+05
-1.5093e+06,-6.6427e+05
-1.5093e+06,-6.6424e+05
-1.5094e+06,-6.6421e+05
-1.5094e+06,-6.6419e+05
-1.5095e+06,-6.6416e+05
-1.5095e+06,-6.6413e+05
-1.5095e+06,-6.641e+05
-1.5096e+06,-6.6408e+05
-1.5096e+06,-6.6405e+05
-1.5097e+06,-6.6402e+05
-1.5097e+06,-6.6399e+05
-1.5098e+06,-6.6397e+05
-1.5098e+06,-6.6394e+05
-1.5099e+06,-6.6391e+05
-1.5099e+06,-6.6388e+05
-1.51e+06,-6.6386e+05
-1.51e+06,-6.6383e+05
-1.51e+06,-6.638e+05
-1.5101e+06,-6.6377e+05
-1.5101e+06,-6.6374e+05
-1.5102e+06,-6.6372e+05
-1.5102e+06,-6.6369e+05
-1.5103e+06,-6.6366e+05
-1.5103e+06,-6.6363e+05
-1.5104e+06,-6.636e+05
-1.5104e+06,-6.6358e+05
-1.5104e+06,-6.6355e+05
-1.5105e+06,-6.6352e+05
-1.5105e+06,-6.6349e+05
-1.5106e+06,-6.6347e+05
-1.5106e+06,-6.6344e+05
-1.5107e+06,-6.6341e+05
-1.5107e+06,-6.6338e+05
-1.5108e+06,-6.6335e+05
-1.5108e+06,-6.6333e+05
-1.5109e+06,-6.633e+05
-1.5109e+06,-6.6327e+05
-1.5109e+06,-6.6324e+05
-1.511e+06,-6.6321e+05
-1.511e+06,-6.6319e+05
-1.5111e+06,-6.6316e+05
-1.5111e+06,-6.6313e+05
-1.5112e+06,-6.631e+05
-1.5112e+06,-6.6307e+05
-1.5113e+06,-6.6305e+05
-1.5113e+06,-6.6302e+05
-1.5113e+06,-6.6299e+05
-1.5114e+06,-6.6296e+05
-1.5114e+06,-6.6293e+05
-1.5115e+06,-6.6291e+05
-1.5115e+06,-6.6288e+05
-1.5116e+06,-6.6285e+05
-1.5116e+06,-6.6282e+05
-1.5117e+06,-6.6279e+05
-1.5117e+06,-6.6277e+05
-1.5118e+06,-6.6274e+05
-1.5118e+06,-6.6271e+05
-1.5118e+06,-6.6268e+05
-1.5119e+06,-6.6266e+05
-1.5119e+06,-6.6263e+05
-1.512e+06,-6.626e+05
-1.512e+06,-6.6257e+05
-1.5121e+06,-6.6254e+05
-1.5121e+06,-6.6252e+05
-1.5122e+06,-6.6249e+05
-1.5122e+06,-6.6246e+05
-1.5122e+06,-6.6243e+05
-1.5123e+06,-6.624e+05
-1.5123e+06,-6.6238e+05
-1.5124e+06,-6.6235e+05
-1.5124e+06,-6.6232e+05
-1.5125e+06,-6.6229e+05
-1.5125e+06,-6.6226e+05
-1.5126e+06,-6.6224e+05
-1.5126e+06,-6.6221e+05
-1.5127e+06,-6.6218e+05
-1.5127e+06,-6.6215e+05
-1.5127e+06,-6.6213e+05
-1.5128e+06,-6.621e+05
-1.5128e+06,-6.6207e+05
-1.5129e+06,-6.6204e+05
-1.5129e+06,-6.6202e+05
-1.513e+06,-6.6199e+05
-1.513e+06,-6.6196e+05
-1.5131e+06,-6.6193e+05
-1.5131e+06,-6.6191e+05
-1.5131e+06,-6.6188e+05
-1.5132e+06,-6.6185e+05
-1.5132e+06,-6.6182e+05
-1.5133e+06,-6.618e+05
-1.5133e+06,-6.6177e+05
-1.5134e+06,-6.6174e+05
-1.5134e+06,-6.6171e+05
-1.5135e+06,-6.6169e+05
-1.5135e+06,-6.6166e+05
-1.5136e+06,-6.6163e+05
-1.5136e+06,-6.6161e+05
-1.5136e+06,-6.6158e+05
-1.5137e+06,-6.6155e+05
-1.5137e+06,-6.6152e+05
-1.5138e+06,-6.615e+05
-1.5138e+06,-6.6147e+05
-1.5139e+06,-6.6144e+05
-1.5139e+06,-6.6141e+05
-1.514e+06,-6.6139e+05
-1.514e+06,-6.6136e+05
-1.514e+06,-6.6133e+05
-1.5141e+06,-6.613e+05
-1.5141e+06,-6.6128e+05
-1.5142e+06,-6.6125e+05
-1.5142e+06,-6.6122e+05
-1.5143e+06,-6.6119e+05
-1.5143e+06,-6.6117e+05
-1.5144e+06,-6.6114e+05
-1.5144e+06,-6.6111e+05
-1.5145e+06,-6.6108e+05
-1.5145e+06,-6.6106e+05
-1.5145e+06,-6.6103e+05
-1.5146e+06,-6.61e+05
-1.5146e+06,-6.6097e+05
-1.5147e+06,-6.6095e+05
-1.5147e+06,-6.6092e+05
-1.5148e+06,-6.6089e+05
-1.5148e+06,-6.6086e+05
-1.5149e+06,-6.6083e+05
-1.5149e+06,-6.6081e+05
-1.5149e+06,-6.6078e+05
-1.515e+06,-6.6075e+05
-1.515e+06,-6.6072e+05
-1.5151e+06,-6.6069e+05
-1.5151e+06,-6.6067e+05
-1.5152e+06,-6.6064e+05
-1.5152e+06,-6.6061e+05
-1.5153e+06,-6.6058e+05
-1.5153e+06,-6.6055e+05
-1.5154e+06,-6.6053e+05
-1.5154e+06,-6.605e+05
-1.5154e+06,-6.6047e+05
-1.5155e+06,-6.6044e+05
-1.5155e+06,-6.6041e+05
-1.5156e+06,-6.6038e+05
-1.5156e+06,-6.6036e+05
-1.5157e+06,-6.6033e+05
-1.5157e+06,-6.603e+05
-1.5158e+06,-6.6027e+05
-1.5158e+06,-6.6024e+05
-1.5158e+06,-6.6021e+05
-1.5159e+06,-6.6018e+05
-1.5159e+06,-6.6016e+05
-1.516e+06,-6.6013e+05
-1.516e+06,-6.601e+05
-1.5161e+06,-6.6007e+05
-1.5161e+06,-6.6004e+05
-1.5162e+06,-6.6001e+05
-1.5162e+06,-6.5998e+05
-1.5163e+06,-6.5995e+05
-1.5163e+06,-6.5993e+05
-1.5163e+06,-6.599e+05
-1.5164e+06,-6.5987e+05
-1.5164e+06,-6.5984e+05
-1.5165e+06,-6.5981e+05
-1.5165e+06,-6.5978e+05
-1.5166e+06,-6.5975e+05
-1.5166e+06,-6.5972e+05
-1.5167e+06,-6.5969e+05
-1.5167e+06,-6.5966e+05
-1.5167e+06,-6.5963e+05
-1.5168e+06,-6.596e+05
-1.5168e+06,-6.5958e+05
-1.5169e+06,-6.5955e+05
-1.5169e+06,-6.5952e+05
-1.517e+06,-6.5949e+05
-1.517e+06,-6.5946e+05
-1.5171e+06,-6.5943e+05
-1.5171e+06,-6.594e+05
-1.5172e+06,-6.5937e+05
-1.5172e+06,-6.5934e+05
-1.5172e+06,-6.5931e+05
-1.5173e+06,-6.5928e+05
-1.5173e+06,-6.5925e+05
-1.5174e+06,-6.5922e+05
-1.5174e+06,-6.5919e+05
-1.5175e+06,-6.5916e+05
-1.5175e+06,-6.5913e+05
-1.5176e+06,-6.591e+05
-1.5176e+06,-6.5907e+05
-1.5176e+06,-6.5904e+05
-1.5177e+06,-6.5901e+05
-1.5177e+06,-6.5898e+05
-1.5178e+06,-6.5895e+05
-1.5178e+06,-6.5892e+05
-1.5179e+06,-6.5889e+05
-1.5179e+06,-6.5886e+05
-1.518e+06,-6.5883e+05
-1.518e+06,-6.588e+05
-1.5181e+06,-6.5877e+05
-1.5181e+06,-6.5874e+05
-1.5181e+06,-6.5871e+05
-1.5182e+06,-6.5868e+05
-1.5182e+06,-6.5865e+05
-1.5183e+06,-6.5862e+05
-1.5183e+06,-6.5859e+05
-1.5184e+06,-6.5856e+05
-1.5184e+06,-6.5853e+05
-1.5185e+06,-6.585e+05
-1.5185e+06,-6.5847e+05
-1.5185e+06,-6.5844e+05
-1.5186e+06,-6.5841e+05
-1.5186e+06,-6.5838e+05
-1.5187e+06,-6.5835e+05
-1.5187e+06,-6.5832e+05
-1.5188e+06,-6.5829e+05
-1.5188e+06,-6.5826e+05
-1.5189e+06,-6.5823e+05
-1.5189e+06,-6.582e+05
-1.519e+06,-6.5817e+05
-1.519e+06,-6.5814e+05
-1.519e+06,-6.5811e+05
-1.5191e+06,-6.5808e+05
-1.5191e+06,-6.5805e+05
-1.5192e+06,-6.5802e+05
-1.5192e+06,-6.5799e+05
-1.5193e+06,-6.5796e+05
-1.5193e+06,-6.5793e+05
-1.5194e+06,-6.579e+05
-1.5194e+06,-6.5787e+05
-1.5194e+06,-6.5784e+05
-1.5195e+06,-6.5781e+05
-1.5195e+06,-6.5778e+05
-1.5196e+06,-6.5775e+05
-1.5196e+06,-6.5772e+05
-1.5197e+06,-6.5769e+05
-1.5197e+06,-6.5766e+05
-1.5198e+06,-6.5763e+05
-1.5198e+06,-6.576e+05
-1.5199e+06,-6.5757e+05
-1.5199e+06,-6.5754e+05
-1.5199e+06,-6.5751e+05
-1.52e+06,-6.5748e+05
-1.52e+06,-6.5745e+05
-1.5201e+06,-6.5742e+05
-1.5201e+06,-6.5739e+05
-1.5202e+06,-6.5736e+05
-1.5202e+06,-6.5733e+05
-1.5203e+06,-6.573e+05
-1.5203e+06,-6.5727e+05
-1.5203e+06,-6.5724e+05
-1.5204e+06,-6.5721e+05
-1.5204e+06,-6.5718e+05
-1.5205e+06,-6.5715e+05
-1.5205e+06,-6.5712e+05
-1.5206e+06,-6.5709e+05
-1.5206e+06,-6.5706e+05
-1.5207e+06,-6.5703e+05
-1.5207e+06,-6.57e+05
-1.5208e+06,-6.5697e+05
-1.5208e+06,-6.5694e+05
-1.5208e+06,-6.5691e+05
-1.5209e+06,-6.5688e+05
-1.5209e+06,-6.5685e+05
-1.521e+06,-6.5682e+05
-1.521e+06,-6.5679e+05
-1.5211e+06,-6.5676e+05
-1.5211e+06,-6.5673e+05
-1.5212e+06,-6.567e+05
-1.5212e+06,-6.5667e+05
-1.5212e+06,-6.5664e+05
-1.5213e+06,-6.5661e+05
-1.5213e+06,-6.5658e+05
-1.5214e+06,-6.5655e+05
-1.5214e+06,-6.5652e+05
-1.5215e+06,-6.5649e+05
-1.5215e+06,-6.5646e+05
-1.5216e+06,-6.5643e+05
-1.5216e+06,-6.564e+05
-1.5217e+06,-6.5637e+05
-1.5217e+06,-6.5634e+05
-1.5217e+06,-6.5631e+05
-1.5218e+06,-6.5628e+05
-1.5218e+06,-6.5626e+05
-1.5219e+06,-6.5623e+05
-1.5219e+06,-6.562e+05
-1.522e+06,-6.5617e+05
-1.522e+06,-6.5614e+05
-1.5221e+06,-6.5611e+05
-1.5221e+06,-6.5608e+05
-1.5221e+06,-6.5605e+05
-1.5222e+06,-6.5602e+05
-1.5222e+06,-6.56e+05
-1.5223e+06,-6.5597e+05
-1.5223e+06,-6.5594e+05
-1.5224e+06,-6.5591e+05
-1.5224e+06,-6.5588e+05
-1.5225e+06,-6.5585e+05
-1.5225e+06,-6.5582e+05
-1.5226e+06,-6.558e+05
-1.5226e+06,-6.5577e+05
-1.5226e+06,-6.5574e+05
-1.5227e+06,-6.5571e+05
-1.5227e+06,-6.5568e+05
-1.5228e+06,-6.5566e+05
-1.5228e+06,-6.5563e+05
-1.5229e+06,-6.556e+05
-1.5229e+06,-6.5557e+05
-1.523e+06,-6.5554e+05
-1.523e+06,-6.5552e+05
-1.523e+06,-6.5549e+05
-1.5231e+06,-6.5546e+05
-1.5231e+06,-6.5543e+05
-1.5232e+06,-6.554e+05
-1.5232e+06,-6.5538e+05
-1.5233e+06,-6.5535e+05
-1.5233e+06,-6.5532e+05
-1.5234e+06,-6.5529e+05
-1.5234e+06,-6.5527e+05
-1.5235e+06,-6.5524e+05
-1.5235e+06,-6.5521e+05
-1.5235e+06,-6.5518e+05
-1.5236e+06,-6.5516e+05
-1.5236e+06,-6.5513e+05
-1.5237e+06,-6.551e+05
-1.5237e+06,-6.5507e+05
-1.5238e+06,-6.5505e+05
-1.5238e+06,-6.5502e+05
-1.5239e+06,-6.5499e+05
-1.5239e+06,-6.5497e+05
-1.5239e+06,-6.5494e+05
-1.524e+06,-6.5491e+05
-1.524e+06,-6.5488e+05
-1.5241e+06,-6.5486e+05
-1.5241e+06,-6.5483e+05
-1.5242e+06,-6.548e+05
-1.5242e+06,-6.5478e+05
-1.5243e+06,-6.5475e+05
-1.5243e+06,-6.5472e+05
-1.5244e+06,-6.547e+05
-1.5244e+06,-6.5467e+05
-1.5244e+06,-6.5464e+05
-1.5245e+06,-6.5462e+05
-1.5245e+06,-6.5459e+05
-1.5246e+06,-6.5456e+05
-1.5246e+06,-6.5454e+05
-1.5247e+06,-6.5451e+05
-1.5247e+06,-6.5449e+05
-1.5248e+06,-6.5446e+05
-1.5248e+06,-6.5443e+05
-1.5248e+06,-6.5441e+05
-1.5249e+06,-6.5438e+05
-1.5249e+06,-6.5436e+05
-1.525e+06,-6.5433e+05
-1.525e+06,-6.543e+05
-1.5251e+06,-6.5428e+05
-1.5251e+06,-6.5425e+05
-1.5252e+06,-6.5423e+05
-1.5252e+06,-6.542e+05
-1.5253e+06,-6.5418e+05
-1.5253e+06,-6.5415e+05
-1.5253e+06,-6.5413e+05
-1.5254e+06,-6.541e+05
-1.5254e+06,-6.5407e+05
-1.5255e+06,-6.5405e+05
-1.5255e+06,-6.5402e+05
-1.5256e+06,-6.54e+05
-1.5256e+06,-6.5397e+05
-1.5257e+06,-6.5395e+05
-1.5257e+06,-6.5392e+05
-1.5257e+06,-6.539e+05
-1.5258e+06,-6.5387e+05
-1.5258e+06,-6.5385e+05
-1.5259e+06,-6.5382e+05
-1.5259e+06,-6.538e+05
-1.526e+06,-6.5377e+05
-1.526e+06,-6.5375e+05
-1.5261e+06,-6.5372e+05
-1.5261e+06,-6.537e+05
-1.5262e+06,-6.5368e+05
-1.5262e+06,-6.5365e+05
-1.5262e+06,-6.5363e+05
-1.5263e+06,-6.536e+05
-1.5263e+06,-6.5358e+05
-1.5264e+06,-6.5355e+05
-1.5264e+06,-6.5353e+05
-1.5265e+06,-6.535e+05
-1.5265e+06,-6.5348e+05
-1.5266e+06,-6.5346e+05
-1.5266e+06,-6.5343e+05
-1.5266e+06,-6.5341e+05
-1.5267e+06,-6.5338e+05
-1.5267e+06,-6.5336e+05
-1.5268e+06,-6.5334e+05
-1.5268e+06,-6.5331e+05
-1.5269e+06,-6.5329e+05
-1.5269e+06,-6.5326e+05
-1.527e+06,-6.5324e+05
-1.527e+06,-6.5322e+05
-1.5271e+06,-6.5319e+05
-1.5271e+06,-6.5317e+05
-1.5271e+06,-6.5315e+05
-1.5272e+06,-6.5312e+05
-1.5272e+06,-6.531e+05
-1.5273e+06,-6.5308e+05
-1.5273e+06,-6.5305e+05
-1.5274e+06,-6.5303e+05
-1.5274e+06,-6.5301e+05
-1.5275e+06,-6.5298e+05
-1.5275e+06,-6.5296e+05
-1.5275e+06,-6.5294e+05
-1.5276e+06,-6.5291e+05
-1.5276e+06,-6.5289e+05
-1.5277e+06,-6.5287e+05
-1.5277e+06,-6.5284e+05
-1.5278e+06,-6.5282e+05
-1.5278e+06,-6.528e+05
-1.5279e+06,-6.5278e+05
-1.5279e+06,-6.5275e+05
-1.528e+06,-6.5273e+05
-1.528e+06,-6.5271e+05
-1.528e+06,-6.5269e+05
-1.5281e+06,-6.5266e+05
-1.5281e+06,-6.5264e+05
-1.5282e+06,-6.5262e+05
-1.5282e+06,-6.526e+05
-1.5283e+06,-6.5258e+05
-1.5283e+06,-6.5255e+05
-1.5284e+06,-6.5253e+05
-1.5284e+06,-6.5251e+05
-1.5284e+06,-6.5249e+05
-1.5285e+06,-6.5247e+05
-1.5285e+06,-6.5245e+05
-1.5286e+06,-6.5242e+05
-1.5286e+06,-6.524e+05
-1.5287e+06,-6.5238e+05
-1.5287e+06,-6.5236e+05
-1.5288e+06,-6.5234e+05
-1.5288e+06,-6.5232e+05
-1.5289e+06,-6.523e+05
-1.5289e+06,-6.5228e+05
-1.5289e+06,-6.5226e+05
-1.529e+06,-6.5223e+05
-1.529e+06,-6.5221e+05
-1.5291e+06,-6.5219e+05
-1.5291e+06,-6.5217e+05
-1.5292e+06,-6.5215e+05
-1.5292e+06,-6.5213e+05
-1.5293e+06,-6.5211e+05
-1.5293e+06,-6.5209e+05
-1.5293e+06,-6.5207e+05
-1.5294e+06,-6.5205e+05
-1.5294e+06,-6.5203e+05
-1.5295e+06,-6.5201e+05
-1.5295e+06,-6.5199e+05
-1.5296e+06,-6.5197e+05
-1.5296e+06,-6.5195e+05
-1.5297e+06,-6.5193e+05
-1.5297e+06,-6.5191e+05
-1.5298e+06,-6.5189e+05
-1.5298e+06,-6.5187e+05
-1.5298e+06,-6.5185e+05
-1.5299e+06,-6.5183e+05
-1.5299e+06,-6.5181e+05
-1.53e+06,-6.5179e+05
-1.53e+06,-6.5177e+05
-1.5301e+06,-6.5175e+05
-1.5301e+06,-6.5174e+05
-1.5302e+06,-6.5172e+05
-1.5302e+06,-6.517e+05
-1.5302e+06,-6.5168e+05
-1.5303e+06,-6.5166e+05
-1.5303e+06,-6.5164e+05
-1.5304e+06,-6.5162e+05
-1.5304e+06,-6.516e+05
-1.5305e+06,-6.5159e+05
-1.5305e+06,-6.5157e+05
-1.5306e+06,-6.5155e+05
-1.5306e+06,-6.5153e+05
-1.5307e+06,-6.5151e+05
-1.5307e+06,-6.515e+05
-1.5307e+06,-6.5148e+05
-1.5308e+06,-6.5146e+05
-1.5308e+06,-6.5144e+05
-1.5309e+06,-6.5142e+05
-1.5309e+06,-6.5141e+05
-1.531e+06,-6.5139e+05
-1.531e+06,-6.5137e+05
-1.5311e+06,-6.5136e+05
-1.5311e+06,-6.5134e+05
-1.5311e+06,-6.5132e+05
-1.5312e+06,-6.513e+05
-1.5312e+06,-6.5129e+05
-1.5313e+06,-6.5127e+05
-1.5313e+06,-6.5125e+05
-1.5314e+06,-6.5124e+05
-1.5314e+06,-6.5122e+05
-1.5315e+06,-6.512e+05
-1.5315e+06,-6.5119e+05
-1.5316e+06,-6.5117e+05
-1.5316e+06,-6.5115e+05
-1.5316e+06,-6.5114e+05
-1.5317e+06,-6.5112e+05
-1.5317e+06,-6.5111e+05
-1.5318e+06,-6.5109e+05
-1.5318e+06,-6.5107e+05
-1.5319e+06,-6.5106e+05
-1.5319e+06,-6.5104e+05
-1.532e+06,-6.5103e+05
-1.532e+06,-6.5101e+05
-1.532e+06,-6.51e+05
-1.5321e+06,-6.5098e+05
-1.5321e+06,-6.5097e+05
-1.5322e+06,-6.5095e+05
-1.5322e+06,-6.5094e+05
-1.5323e+06,-6.5092e+05
-1.5323e+06,-6.5091e+05
-1.5324e+06,-6.5089e+05
-1.5324e+06,-6.5088e+05
-1.5325e+06,-6.5086e+05
-1.5325e+06,-6.5085e+05
-1.5325e+06,-6.5083e+05
-1.5326e+06,-6.5082e+05
-1.5326e+06,-6.5081e+05
-1.5327e+06,-6.5079e+05
-1.5327e+06,-6.5078e+05
-1.5328e+06,-6.5076e+05
-1.5328e+06,-6.5075e+05
-1.5329e+06,-6.5074e+05
-1.5329e+06,-6.5072e+05
-1.5329e+06,-6.5071e+05
-1.533e+06,-6.507e+05
-1.533e+06,-6.5068e+05
-1.5331e+06,-6.5067e+05
-1.5331e+06,-6.5066e+05
-1.5332e+06,-6.5064e+05
-1.5332e+06,-6.5063e+05
-1.5333e+06,-6.5062e+05
-1.5333e+06,-6.5061e+05
-1.5334e+06,-6.5059e+05
-1.5334e+06,-6.5058e+05
-1.5334e+06,-6.5057e+05
-1.5335e+06,-6.5056e+05
-1.5335e+06,-6.5055e+05
-1.5336e+06,-6.5054e+05
-1.5336e+06,-6.5052e+05
-1.5337e+06,-6.5051e+05
-1.5337e+06,-6.505e+05
-1.5338e+06,-6.5049e+05
-1.5338e+06,-6.5048e+05
-1.5338e+06,-6.5047e+05
-1.5339e+06,-6.5046e+05
-1.5339e+06,-6.5045e+05
-1.534e+06,-6.5043e+05
-1.534e+06,-6.5042e+05
-1.5341e+06,-6.5041e+05
-1.5341e+06,-6.504e+05
-1.5342e+06,-6.5039e+05
-1.5342e+06,-6.5038e+05
-1.5343e+06,-6.5037e+05
-1.5343e+06,-6.5036e+05
-1.5343e+06,-6.5035e+05
-1.5344e+06,-6.5034e+05
-1.5344e+06,-6.5033e+05
-1.5345e+06,-6.5032e+05
-1.5345e+06,-6.5031e+05
-1.5346e+06,-6.5031e+05
-1.5346e+06,-6.503e+05
-1.5347e+06,-6.5029e+05
-1.5347e+06,-6.5028e+05
-1.5347e+06,-6.5027e+05
-1.5348e+06,-6.5026e+05
-1.5348e+06,-6.5025e+05
-1.5349e+06,-6.5024e+05
-1.5349e+06,-6.5024e+05
-1.535e+06,-6.5023e+05
-1.535e+06,-6.5022e+05
-1.5351e+06,-6.5021e+05
-1.5351e+06,-6.502e+05
-1.5352e+06,-6.502e+05
-1.5352e+06,-6.5019e+05
-1.5352e+06,-6.5018e+05
-1.5353e+06,-6.5018e+05
-1.5353e+06,-6.5017e+05
-1.5354e+06,-6.5016e+05
-1.5354e+06,-6.5015e+05
-1.5355e+06,-6.5015e+05
-1.5355e+06,-6.5014e+05
-1.5356e+06,-6.5014e+05
-1.5356e+06,-6.5013e+05
-1.5356e+06,-6.5012e+05
-1.5357e+06,-6.5012e+05
-1.5357e+06,-6.5011e+05
-1.5358e+06,-6.5011e+05
-1.5358e+06,-6.501e+05
-1.5359e+06,-6.5009e+05
-1.5359e+06,-6.5009e+05
-1.536e+06,-6.5008e+05
-1.536e+06,-6.5008e+05
-1.5361e+06,-6.5007e+05
-1.5361e+06,-6.5007e+05
-1.5361e+06,-6.5006e+05
-1.5362e+06,-6.5006e+05
-1.5362e+06,-6.5005e+05
-1.5363e+06,-6.5005e+05
-1.5363e+06,-6.5005e+05
-1.5364e+06,-6.5004e+05
-1.5364e+06,-6.5004e+05
-1.5365e+06,-6.5003e+05
-1.5365e+06,-6.5003e+05
-1.5365e+06,-6.5003e+05
-1.5366e+06,-6.5002e+05
-1.5366e+06,-6.5002e+05
-1.5367e+06,-6.5001e+05
-1.5367e+06,-6.5001e+05
-1.5368e+06,-6.5001e+05
-1.5368e+06,-6.5001e+05
-1.5369e+06,-6.5e+05
-1.5369e+06,-6.5e+05
-1.537e+06,-6.5e+05
-1.537e+06,-6.4999e+05
-1.537e+06,-6.4999e+05
-1.5371e+06,-6.4999e+05
-1.5371e+06,-6.4999e+05
-1.5372e+06,-6.4998e+05
-1.5372e+06,-6.4998e+05
-1.5373e+06,-6.4998e+05
-1.5373e+06,-6.4998e+05
-1.5374e+06,-6.4998e+05
-1.5374e+06,-6.4997e+05
-1.5374e+06,-6.4997e+05
-1.5375e+06,-6.4997e+05
-1.5375e+06,-6.4997e+05
-1.5376e+06,-6.4997e+05
-1.5376e+06,-6.4997e+05
-1.5377e+06,-6.4996e+05
-1.5377e+06,-6.4996e+05
-1.5378e+06,-6.4996e+05
-1.5378e+06,-6.4996e+05
-1.5379e+06,-6.4996e+05
-1.5379e+06,-6.4996e+05
-1.5379e+06,-6.4996e+05
-1.538e+06,-6.4996e+05
-1.538e+06,-6.4996e+05
-1.5381e+06,-6.4996e+05
-1.5381e+06,-6.4996e+05
-1.5382e+06,-6.4996e+05
-1.5382e+06,-6.4996e+05
-1.5383e+06,-6.4996e+05
-1.5383e+06,-6.4996e+05
-1.5383e+06,-6.4996e+05
-1.5384e+06,-6.4996e+05
-1.5384e+06,-6.4996e+05
-1.5385e+06,-6.4996e+05
-1.5385e+06,-6.4996e+05
-1.5386e+06,-6.4996e+05
-1.5386e+06,-6.4996e+05
-1.5387e+06,-6.4996e+05
-1.5387e+06,-6.4996e+05
-1.5388e+06,-6.4996e+05
-1.5388e+06,-6.4997e+05
-1.5388e+06,-6.4997e+05
-1.5389e+06,-6.4997e+05
-1.5389e+06,-6.4997e+05
-1.539e+06,-6.4997e+05
-1.539e+06,-6.4997e+05
-1.5391e+06,-6.4997e+05
-1.5391e+06,-6.4998e+05
-1.5392e+06,-6.4998e+05
-1.5392e+06,-6.4998e+05
-1.5392e+06,-6.4998e+05
-1.5393e+06,-6.4998e+05
-1.5393e+06,-6.4999e+05
-1.5394e+06,-6.4999e+05
-1.5394e+06,-6.4999e+05
-1.5395e+06,-6.4999e+05
-1.5395e+06,-6.4999e+05
-1.5396e+06,-6.5e+05
-1.5396e+06,-6.5e+05
-1.5397e+06,-6.5e+05
-1.5397e+06,-6.5001e+05
-1.5397e+06,-6.5001e+05
-1.5398e+06,-6.5001e+05
-1.5398e+06,-6.5001e+05
-1.5399e+06,-6.5002e+05
-1.5399e+06,-6.5002e+05
-1.54e+06,-6.5002e+05
-1.54e+06,-6.5003e+05
-1.5401e+06,-6.5003e+05
-1.5401e+06,-6.5003e+05
-1.5401e+06,-6.5004e+05
-1.5402e+06,-6.5004e+05
-1.5402e+06,-6.5004e+05
-1.5403e+06,-6.5005e+05
-1.5403e+06,-6.5005e+05
-1.5404e+06,-6.5005e+05
-1.5404e+06,-6.5006e+05
-1.5405e+06,-6.5006e+05
-1.5405e+06,-6.5007e+05
-1.5406e+06,-6.5007e+05
-1.5406e+06,-6.5007e+05
-1.5406e+06,-6.5008e+05
-1.5407e+06,-6.5008e+05
-1.5407e+06,-6.5009e+05
-1.5408e+06,-6.5009e+05
-1.5408e+06,-6.501e+05
-1.5409e+06,-6.501e+05
-1.5409e+06,-6.501e+05
-1.541e+06,-6.5011e+05
-1.541e+06,-6.5011e+05
-1.541e+06,-6.5012e+05
-1.5411e+06,-6.5012e+05
-1.5411e+06,-6.5013e+05
-1.5412e+06,-6.5013e+05
-1.5412e+06,-6.5014e+05
-1.5413e+06,-6.5014e+05
-1.5413e+06,-6.5015e+05
-1.5414e+06,-6.5016e+05
-1.5414e+06,-6.5016e+05
-1.5415e+06,-6.5017e+05
-1.5415e+06,-6.5017e+05
-1.5415e+06,-6.5018e+05
-1.5416e+06,-6.5018e+05
-1.5416e+06,-6.5019e+05
-1.5417e+06,-6.5019e+05
-1.5417e+06,-6.502e+05
-1.5418e+06,-6.5021e+05
-1.5418e+06,-6.5021e+05
-1.5419e+06,-6.5022e+05
-1.5419e+06,-6.5023e+05
-1.5419e+06,-6.5023e+05
-1.542e+06,-6.5024e+05
-1.542e+06,-6.5024e+05
-1.5421e+06,-6.5025e+05
-1.5421e+06,-6.5026e+05
-1.5422e+06,-6.5026e+05
-1.5422e+06,-6.5027e+05
-1.5423e+06,-6.5028e+05
-1.5423e+06,-6.5028e+05
-1.5424e+06,-6.5029e+05
-1.5424e+06,-6.503e+05
-1.5424e+06,-6.503e+05
-1.5425e+06,-6.5031e+05
-1.5425e+06,-6.5032e+05
-1.5426e+06,-6.5033e+05
-1.5426e+06,-6.5033e+05
-1.5427e+06,-6.5034e+05
-1.5427e+06,-6.5035e+05
-1.5428e+06,-6.5035e+05
-1.5428e+06,-6.5036e+05
-1.5428e+06,-6.5037e+05
-1.5429e+06,-6.5038e+05
-1.5429e+06,-6.5039e+05
-1.543e+06,-6.5039e+05
-1.543e+06,-6.504e+05
-1.5431e+06,-6.5041e+05
-1.5431e+06,-6.5042e+05
-1.5432e+06,-6.5042e+05
-1.5432e+06,-6.5043e+05
-1.5433e+06,-6.5044e+05
-1.5433e+06,-6.5045e+05
-1.5433e+06,-6.5046e+05
-1.5434e+06,-6.5047e+05
-1.5434e+06,-6.5047e+05
-1.5435e+06,-6.5048e+05
-1.5435e+06,-6.5049e+05
-1.5436e+06,-6.505e+05
-1.5436e+06,-6.5051e+05
-1.5437e+06,-6.5052e+05
-1.5437e+06,-6.5053e+05
-1.5437e+06,-6.5054e+05
-1.5438e+06,-6.5054e+05
-1.5438e+06,-6.5055e+05
-1.5439e+06,-6.5056e+05
-1.5439e+06,-6.5057e+05
-1.544e+06,-6.5058e+05
-1.544e+06,-6.5059e+05
-1.5441e+06,-6.506e+05
-1.5441e+06,-6.5061e+05
-1.5442e+06,-6.5062e+05
-1.5442e+06,-6.5063e+05
-1.5442e+06,-6.5064e+05
-1.5443e+06,-6.5065e+05
-1.5443e+06,-6.5066e+05
-1.5444e+06,-6.5067e+05
-1.5444e+06,-6.5068e+05
-1.5445e+06,-6.5069e+05
-1.5445e+06,-6.507e+05
-1.5446e+06,-6.5071e+05
-1.5446e+06,-6.5072e+05
-1.5446e+06,-6.5073e+05
-1.5447e+06,-6.5074e+05
-1.5447e+06,-6.5075e+05
-1.5448e+06,-6.5076e+05
-1.5448e+06,-6.5077e+05
-1.5449e+06,-6.5078e+05
-1.5449e+06,-6.5079e+05
-1.545e+06,-6.508e+05
-1.545e+06,-6.5081e+05
-1.5451e+06,-6.5082e+05
-1.5451e+06,-6.5083e+05
-1.5451e+06,-6.5085e+05
-1.5452e+06,-6.5086e+05
-1.5452e+06,-6.5087e+05
-1.5453e+06,-6.5088e+05
-1.5453e+06,-6.5089e+05
-1.5454e+06,-6.509e+05
-1.5454e+06,-6.5091e+05
-1.5455e+06,-6.5092e+05
-1.5455e+06,-6.5093e+05
-1.5455e+06,-6.5095e+05
-1.5456e+06,-6.5096e+05
-1.5456e+06,-6.5097e+05
-1.5457e+06,-6.5098e+05
-1.5457e+06,-6.5099e+05
-1.5458e+06,-6.51e+05
-1.5458e+06,-6.5101e+05
-1.5459e+06,-6.5103e+05
-1.5459e+06,-6.5104e+05
-1.546e+06,-6.5105e+05
-1.546e+06,-6.5106e+05
-1.546e+06,-6.5107e+05
-1.5461e+06,-6.5109e+05
-1.5461e+06,-6.511e+05
-1.5462e+06,-6.5111e+05
-1.5462e+06,-6.5112e+05
-1.5463e+06,-6.5113e+05
-1.5463e+06,-6.5114e+05
-1.5464e+06,-6.5116e+05
-1.5464e+06,-6.5117e+05
-1.5464e+06,-6.5118e+05
-1.5465e+06,-6.5119e+05
-1.5465e+06,-6.512e+05
-1.5466e+06,-6.5122e+05
-1.5466e+06,-6.5123e+05
-1.5467e+06,-6.5124e+05
-1.5467e+06,-6.5125e+05
-1.5468e+06,-6.5126e+05
-1.5468e+06,-6.5128e+05
-1.5469e+06,-6.5129e+05
-1.5469e+06,-6.513e+05
-1.5469e+06,-6.5131e+05
-1.547e+06,-6.5133e+05
-1.547e+06,-6.5134e+05
-1.5471e+06,-6.5135e+05
-1.5471e+06,-6.5136e+05
-1.5472e+06,-6.5137e+05
-1.5472e+06,-6.5139e+05
-1.5473e+06,-6.514e+05
-1.5473e+06,-6.5141e+05
-1.5473e+06,-6.5142e+05
-1.5474e+06,-6.5144e+05
-1.5474e+06,-6.5145e+05
-1.5475e+06,-6.5146e+05
-1.5475e+06,-6.5147e+05
-1.5476e+06,-6.5149e+05
-1.5476e+06,-6.515e+05
-1.5477e+06,-6.5151e+05
-1.5477e+06,-6.5152e+05
-1.5478e+06,-6.5154e+05
-1.5478e+06,-6.5155e+05
-1.5478e+06,-6.5156e+05
-1.5479e+06,-6.5157e+05
-1.5479e+06,-6.5159e+05
-1.548e+06,-6.516e+05
-1.548e+06,-6.5161e+05
-1.5481e+06,-6.5162e+05
-1.5481e+06,-6.5164e+05
-1.5482e+06,-6.5165e+05
-1.5482e+06,-6.5166e+05
-1.5482e+06,-6.5168e+05
-1.5483e+06,-6.5169e+05
-1.5483e+06,-6.517e+05
-1.5484e+06,-6.5171e+05
-1.5484e+06,-6.5173e+05
-1.5485e+06,-6.5174e+05
-1.5485e+06,-6.5175e+05
-1.5486e+06,-6.5176e+05
-1.5486e+06,-6.5178e+05
-1.5487e+06,-6.5179e+05
-1.5487e+06,-6.518e+05
-1.5487e+06,-6.5182e+05
-1.5488e+06,-6.5183e+05
-1.5488e+06,-6.5184e+05
-1.5489e+06,-6.5185e+05
-1.5489e+06,-6.5187e+05
-1.549e+06,-6.5188e+05
-1.549e+06,-6.5189e+05
-1.5491e+06,-6.519e+05
-1.5491e+06,-6.5192e+05
-1.5491e+06,-6.5193e+05
-1.5492e+06,-6.5194e+05
-1.5492e+06,-6.5196e+05
-1.5493e+06,-6.5197e+05
-1.5493e+06,-6.5198e+05
-1.5494e+06,-6.5199e+05
-1.5494e+06,-6.5201e+05
-1.5495e+06,-6.5202e+05
-1.5495e+06,-6.5203e+05
-1.5496e+06,-6.5205e+05
-1.5496e+06,-6.5206e+05
-1.5496e+06,-6.5207e+05
-1.5497e+06,-6.5209e+05
-1.5497e+06,-6.521e+05
-1.5498e+06,-6.5211e+05
-1.5498e+06,-6.5212e+05
-1.5499e+06,-6.5214e+05
-1.5499e+06,-6.5215e+05
-1.55e+06,-6.5216e+05
-1.55e+06,-6.5218e+05
-1.55e+06,-6.5219e+05
-1.5501e+06,-6.522e+05
-1.5501e+06,-6.5221e+05
-1.5502e+06,-6.5223e+05
-1.5502e+06,-6.5224e+05
-1.5503e+06,-6.5225e+05
-1.5503e+06,-6.5227e+05
-1.5504e+06,-6.5228e+05
-1.5504e+06,-6.5229e+05
-1.5505e+06,-6.5231e+05
-1.5505e+06,-6.5232e+05
-1.5505e+06,-6.5233e+05
-1.5506e+06,-6.5234e+05
-1.5506e+06,-6.5236e+05
-1.5507e+06,-6.5237e+05
-1.5507e+06,-6.5238e+05
-1.5508e+06,-6.524e+05
-1.5508e+06,-6.5241e+05
-1.5509e+06,-6.5242e+05
-1.5509e+06,-6.5244e+05
-1.5509e+06,-6.5245e+05
-1.551e+06,-6.5246e+05
-1.551e+06,-6.5247e+05
-1.5511e+06,-6.5249e+05
-1.5511e+06,-6.525e+05
-1.5512e+06,-6.5251e+05
-1.5512e+06,-6.5253e+05
-1.5513e+06,-6.5254e+05
-1.5513e+06,-6.5255e+05
-1.5514e+06,-6.5257e+05
-1.5514e+06,-6.5258e+05
-1.5514e+06,-6.5259e+05
-1.5515e+06,-6.5261e+05
-1.5515e+06,-6.5262e+05
-1.5516e+06,-6.5263e+05
-1.5516e+06,-6.5265e+05
-1.5517e+06,-6.5266e+05
-1.5517e+06,-6.5267e+05
-1.5518e+06,-6.5268e+05
-1.5518e+06,-6.527e+05
-1.5518e+06,-6.5271e+05
-1.5519e+06,-6.5272e+05
-1.5519e+06,-6.5274e+05
-1.552e+06,-6.5275e+05
-1.552e+06,-6.5276e+05
-1.5521e+06,-6.5278e+05
-1.5521e+06,-6.5279e+05
-1.5522e+06,-6.528e+05
-1.5522e+06,-6.5282e+05
-1.5523e+06,-6.5283e+05
-1.5523e+06,-6.5284e+05
-1.5523e+06,-6.5286e+05
-1.5524e+06,-6.5287e+05
-1.5524e+06,-6.5288e+05
-1.5525e+06,-6.529e+05
-1.5525e+06,-6.5291e+05
-1.5526e+06,-6.5292e+05
-1.5526e+06,-6.5293e+05
-1.5527e+06,-6.5295e+05
-1.5527e+06,-6.5296e+05
-1.5527e+06,-6.5297e+05
-1.5528e+06,-6.5299e+05
-1.5528e+06,-6.53e+05
-1.5529e+06,-6.5301e+05
-1.5529e+06,-6.5303e+05
-1.553e+06,-6.5304e+05
-1.553e+06,-6.5305e+05
-1.5531e+06,-6.5307e+05
-1.5531e+06,-6.5308e+05
-1.5532e+06,-6.5309e+05
-1.5532e+06,-6.5311e+05
-1.5532e+06,-6.5312e+05
-1.5533e+06,-6.5313e+05
-1.5533e+06,-6.5315e+05
-1.5534e+06,-6.5316e+05
-1.5534e+06,-6.5317e+05
-1.5535e+06,-6.5319e+05
-1.5535e+06,-6.532e+05
-1.5536e+06,-6.5321e+05
-1.5536e+06,-6.5323e+05
-1.5536e+06,-6.5324e+05
-1.5537e+06,-6.5325e+05
-1.5537e+06,-6.5327e+05
-1.5538e+06,-6.5328e+05
-1.5538e+06,-6.5329e+05
-1.5539e+06,-6.5331e+05
-1.5539e+06,-6.5332e+05
-1.554e+06,-6.5333e+05
-1.554e+06,-6.5335e+05
-1.5541e+06,-6.5336e+05
-1.5541e+06,-6.5337e+05
-1.5541e+06,-6.5339e+05
-1.5542e+06,-6.534e+05
-1.5542e+06,-6.5341e+05
-1.5543e+06,-6.5343e+05
-1.5543e+06,-6.5344e+05
-1.5544e+06,-6.5345e+05
-1.5544e+06,-6.5347e+05
-1.5545e+06,-6.5348e+05
-1.5545e+06,-6.5349e+05
-1.5545e+06,-6.5351e+05
-1.5546e+06,-6.5352e+05
-1.5546e+06,-6.5353e+05
-1.5547e+06,-6.5355e+05
-1.5547e+06,-6.5356e+05
-1.5548e+06,-6.5357e+05
-1.5548e+06,-6.5359e+05
-1.5549e+06,-6.536e+05
-1.5549e+06,-6.5361e+05
-1.555e+06,-6.5363e+05
-1.555e+06,-6.5364e+05
-1.555e+06,-6.5366e+05
-1.5551e+06,-6.5367e+05
-1.5551e+06,-6.5368e+05
-1.5552e+06,-6.537e+05
-1.5552e+06,-6.5371e+05
-1.5553e+06,-6.5372e+05
-1.5553e+06,-6.5374e+05
-1.5554e+06,-6.5375e+05
-1.5554e+06,-6.5376e+05
-1.5554e+06,-6.5378e+05
-1.5555e+06,-6.5379e+05
-1.5555e+06,-6.538e+05
-1.5556e+06,-6.5382e+05
-1.5556e+06,-6.5383e+05
-1.5557e+06,-6.5384e+05
-1.5557e+06,-6.5386e+05
-1.5558e+06,-6.5387e+05
-1.5558e+06,-6.5388e+05
-1.5559e+06,-6.539e+05
-1.5559e+06,-6.5391e+05
-1.5559e+06,-6.5393e+05
-1.556e+06,-6.5394e+05
-1.556e+06,-6.5395e+05
-1.5561e+06,-6.5397e+05
-1.5561e+06,-6.5398e+05
-1.5562e+06,-6.5399e+05
-1.5562e+06,-6.5401e+05
-1.5563e+06,-6.5402e+05
-1.5563e+06,-6.5403e+05
-1.5563e+06,-6.5405e+05
-1.5564e+06,-6.5406e+05
-1.5564e+06,-6.5407e+05
-1.5565e+06,-6.5409e+05
-1.5565e+06,-6.541e+05
-1.5566e+06,-6.5412e+05
-1.5566e+06,-6.5413e+05
-1.5567e+06,-6.5414e+05
-1.5567e+06,-6.5416e+05
-1.5568e+06,-6.5417e+05
-1.5568e+06,-6.5418e+05
-1.5568e+06,-6.542e+05
-1.5569e+06,-6.5421e+05
-1.5569e+06,-6.5422e+05
-1.557e+06,-6.5424e+05
-1.557e+06,-6.5425e+05
-1.5571e+06,-6.5427e+05
-1.5571e+06,-6.5428e+05
-1.5572e+06,-6.5429e+05
-1.5572e+06,-6.5431e+05
-1.5572e+06,-6.5432e+05
-1.5573e+06,-6.5433e+05
-1.5573e+06,-6.5435e+05
-1.5574e+06,-6.5436e+05
-1.5574e+06,-6.5437e+05
-1.5575e+06,-6.5439e+05
-1.5575e+06,-6.544e+05
-1.5576e+06,-6.5441e+05
-1.5576e+06,-6.5443e+05
-1.5577e+06,-6.5444e+05
-1.5577e+06,-6.5446e+05
-1.5577e+06,-6.5447e+05
-1.5578e+06,-6.5448e+05
-1.5578e+06,-6.545e+05
-1.5579e+06,-6.5451e+05
-1.5579e+06,-6.5452e+05
-1.558e+06,-6.5454e+05
-1.558e+06,-6.5455e+05
-1.5581e+06,-6.5457e+05
-1.5581e+06,-6.5458e+05
-1.5581e+06,-6.5459e+05
-1.5582e+06,-6.5461e+05
-1.5582e+06,-6.5462e+05
-1.5583e+06,-6.5463e+05
-1.5583e+06,-6.5465e+05
-1.5584e+06,-6.5466e+05
-1.5584e+06,-6.5468e+05
-1.5585e+06,-6.5469e+05
-1.5585e+06,-6.547e+05
-1.5586e+06,-6.5472e+05
-1.5586e+06,-6.5473e+05
-1.5586e+06,-6.5474e+05
-1.5587e+06,-6.5476e+05
-1.5587e+06,-6.5477e+05
-1.5588e+06,-6.5479e+05
-1.5588e+06,-6.548e+05
-1.5589e+06,-6.5481e+05
-1.5589e+06,-6.5483e+05
-1.559e+06,-6.5484e+05
-1.559e+06,-6.5486e+05
-1.559e+06,-6.5487e+05
-1.5591e+06,-6.5488e+05
-1.5591e+06,-6.549e+05
-1.5592e+06,-6.5491e+05
-1.5592e+06,-6.5493e+05
-1.5593e+06,-6.5494e+05
-1.5593e+06,-6.5495e+05
-1.5594e+06,-6.5497e+05
-1.5594e+06,-6.5498e+05
-1.5595e+06,-6.55e+05
-1.5595e+06,-6.5501e+05
-1.5595e+06,-6.5502e+05
-1.5596e+06,-6.5504e+05
-1.5596e+06,-6.5505e+05
-1.5597e+06,-6.5507e+05
-1.5597e+06,-6.5508e+05
-1.5598e+06,-6.5509e+05
-1.5598e+06,-6.5511e+05
-1.5599e+06,-6.5512e+05
-1.5599e+06,-6.5514e+05
-1.5599e+06,-6.5515e+05
-1.56e+06,-6.5517e+05
-1.56e+06,-6.5518e+05
-1.5601e+06,-6.5519e+05
-1.5601e+06,-6.5521e+05
-1.5602e+06,-6.5522e+05
-1.5602e+06,-6.5524e+05
-1.5603e+06,-6.5525e+05
-1.5603e+06,-6.5527e+05
-1.5604e+06,-6.5528e+05
-1.5604e+06,-6.5529e+05
-1.5604e+06,-6.5531e+05
-1.5605e+06,-6.5532e+05
-1.5605e+06,-6.5534e+05
-1.5606e+06,-6.5535e+05
-1.5606e+06,-6.5537e+05
-1.5607e+06,-6.5538e+05
-1.5607e+06,-6.554e+05
-1.5608e+06,-6.5541e+05
-1.5608e+06,-6.5542e+05
-1.5608e+06,-6.5544e+05
-1.5609e+06,-6.5545e+05
-1.5609e+06,-6.5547e+05
-1.561e+06,-6.5548e+05
-1.561e+06,-6.555e+05
-1.5611e+06,-6.5551e+05
-1.5611e+06,-6.5553e+05
-1.5612e+06,-6.5554e+05
-1.5612e+06,-6.5555e+05
-1.5613e+06,-6.5557e+05
-1.5613e+06,-6.5558e+05
-1.5613e+06,-6.556e+05
-1.5614e+06,-6.5561e+05
-1.5614e+06,-6.5563e+05
-1.5615e+06,-6.5564e+05
-1.5615e+06,-6.5566e+05
-1.5616e+06,-6.5567e+05
-1.5616e+06,-6.5569e+05
-1.5617e+06,-6.557e+05
-1.5617e+06,-6.5572e+05
-1.5617e+06,-6.5573e+05
-1.5618e+06,-6.5575e+05
-1.5618e+06,-6.5576e+05
-1.5619e+06,-6.5577e+05
-1.5619e+06,-6.5579e+05
-1.562e+06,-6.558e+05
-1.562e+06,-6.5582e+05
-1.5621e+06,-6.5583e+05
-1.5621e+06,-6.5585e+05
-1.5622e+06,-6.5586e+05
-1.5622e+06,-6.5588e+05
-1.5622e+06,-6.5589e+05
-1.5623e+06,-6.5591e+05
-1.5623e+06,-6.5592e+05
-1.5624e+06,-6.5594e+05
-1.5624e+06,-6.5595e+05
-1.5625e+06,-6.5597e+05
-1.5625e+06,-6.5598e+05
-1.5626e+06,-6.56e+05
-1.5626e+06,-6.5601e+05
-1.5626e+06,-6.5603e+05
-1.5627e+06,-6.5604e+05
-1.5627e+06,-6.5606e+05
-1.5628e+06,-6.5607e+05
-1.5628e+06,-6.5609e+05
-1.5629e+06,-6.561e+05
-1.5629e+06,-6.5612e+05
-1.563e+06,-6.5613e+05
-1.563e+06,-6.5615e+05
-1.5631e+06,-6.5616e+05
-1.5631e+06,-6.5618e+05
-1.5631e+06,-6.5619e+05
-1.5632e+06,-6.5621e+05
-1.5632e+06,-6.5622e+05
-1.5633e+06,-6.5624e+05
-1.5633e+06,-6.5625e+05
-1.5634e+06,-6.5627e+05
-1.5634e+06,-6.5628e+05
-1.5635e+06,-6.563e+05
-1.5635e+06,-6.5631e+05
-1.5635e+06,-6.5633e+05
-1.5636e+06,-6.5634e+05
-1.5636e+06,-6.5636e+05
-1.5637e+06,-6.5637e+05
-1.5637e+06,-6.5639e+05
-1.5638e+06,-6.564e+05
-1.5638e+06,-6.5642e+05
-1.5639e+06,-6.5643e+05
-1.5639e+06,-6.5645e+05
-1.564e+06,-6.5646e+05
-1.564e+06,-6.5648e+05
-1.564e+06,-6.5649e+05
-1.5641e+06,-6.5651e+05
-1.5641e+06,-6.5652e+05
-1.5642e+06,-6.5654e+05
-1.5642e+06,-6.5656e+05
-1.5643e+06,-6.5657e+05
-1.5643e+06,-6.5659e+05
-1.5644e+06,-6.566e+05
-1.5644e+06,-6.5662e+05
-1.5644e+06,-6.5663e+05
-1.5645e+06,-6.5665e+05
-1.5645e+06,-6.5666e+05
-1.5646e+06,-6.5668e+05
-1.5646e+06,-6.5669e+05
-1.5647e+06,-6.5671e+05
-1.5647e+06,-6.5673e+05
-1.5648e+06,-6.5674e+05
-1.5648e+06,-6.5676e+05
-1.5649e+06,-6.5677e+05
-1.5649e+06,-6.5679e+05
-1.5649e+06,-6.568e+05
-1.565e+06,-6.5682e+05
-1.565e+06,-6.5683e+05
-1.5651e+06,-6.5685e+05
-1.5651e+06,-6.5687e+05
-1.5652e+06,-6.5688e+05
-1.5652e+06,-6.569e+05
-1.5653e+06,-6.5691e+05
-1.5653e+06,-6.5693e+05
-1.5653e+06,-6.5694e+05
-1.5654e+06,-6.5696e+05
-1.5654e+06,-6.5698e+05
-1.5655e+06,-6.5699e+05
-1.5655e+06,-6.5701e+05
-1.5656e+06,-6.5702e+05
-1.5656e+06,-6.5704e+05
-1.5657e+06,-6.5705e+05
-1.5657e+06,-6.5707e+05
-1.5658e+06,-6.5709e+05
-1.5658e+06,-6.571e+05
-1.5658e+06,-6.5712e+05
-1.5659e+06,-6.5713e+05
-1.5659e+06,-6.5715e+05
-1.566e+06,-6.5717e+05
-1.566e+06,-6.5718e+05
-1.5661e+06,-6.572e+05
-1.5661e+06,-6.5721e+05
-1.5662e+06,-6.5723e+05
-1.5662e+06,-6.5725e+05
-1.5662e+06,-6.5726e+05
-1.5663e+06,-6.5728e+05
-1.5663e+06,-6.5729e+05
-1.5664e+06,-6.5731e+05
-1.5664e+06,-6.5733e+05
-1.5665e+06,-6.5734e+05
-1.5665e+06,-6.5736e+05
-1.5666e+06,-6.5737e+05
-1.5666e+06,-6.5739e+05
-1.5667e+06,-6.5741e+05
-1.5667e+06,-6.5742e+05
-1.5667e+06,-6.5744e+05
-1.5668e+06,-6.5745e+05
-1.5668e+06,-6.5747e+05
-1.5669e+06,-6.5749e+05
-1.5669e+06,-6.575e+05
-1.567e+06,-6.5752e+05
-1.567e+06,-6.5753e+05
-1.5671e+06,-6.5755e+05
-1.5671e+06,-6.5757e+05
-1.5671e+06,-6.5758e+05
-1.5672e+06,-6.576e+05
-1.5672e+06,-6.5762e+05
-1.5673e+06,-6.5763e+05
-1.5673e+06,-6.5765e+05
-1.5674e+06,-6.5766e+05
-1.5674e+06,-6.5768e+05
-1.5675e+06,-6.577e+05
-1.5675e+06,-6.5771e+05
-1.5676e+06,-6.5773e+05
-1.5676e+06,-6.5775e+05
-1.5676e+06,-6.5776e+05
-1.5677e+06,-6.5778e+05
-1.5677e+06,-6.578e+05
-1.5678e+06,-6.5781e+05
-1.5678e+06,-6.5783e+05
-1.5679e+06,-6.5784e+05
-1.5679e+06,-6.5786e+05
-1.568e+06,-6.5788e+05
-1.568e+06,-6.5789e+05
-1.568e+06,-6.5791e+05
-1.5681e+06,-6.5793e+05
-1.5681e+06,-6.5794e+05
-1.5682e+06,-6.5796e+05
-1.5682e+06,-6.5798e+05
-1.5683e+06,-6.5799e+05
-1.5683e+06,-6.5801e+05
-1.5684e+06,-6.5803e+05
-1.5684e+06,-6.5804e+05
-1.5685e+06,-6.5806e+05
-1.5685e+06,-6.5808e+05
-1.5685e+06,-6.5809e+05
-1.5686e+06,-6.5811e+05
-1.5686e+06,-6.5813e+05
-1.5687e+06,-6.5814e+05
-1.5687e+06,-6.5816e+05
-1.5688e+06,-6.5818e+05
-1.5688e+06,-6.5819e+05
-1.5689e+06,-6.5821e+05
-1.5689e+06,-6.5823e+05
-1.5689e+06,-6.5824e+05
-1.569e+06,-6.5826e+05
-1.569e+06,-6.5828e+05
-1.5691e+06,-6.5829e+05
-1.5691e+06,-6.5831e+05
-1.5692e+06,-6.5833e+05
-1.5692e+06,-6.5834e+05
-1.5693e+06,-6.5836e+05
-1.5693e+06,-6.5838e+05
-1.5694e+06,-6.5839e+05
-1.5694e+06,-6.5841e+05
-1.5694e+06,-6.5843e+05
-1.5695e+06,-6.5844e+05
-1.5695e+06,-6.5846e+05
-1.5696e+06,-6.5848e+05
-1.5696e+06,-6.585e+05
-1.5697e+06,-6.5851e+05
-1.5697e+06,-6.5853e+05
-1.5698e+06,-6.5855e+05
-1.5698e+06,-6.5856e+05
-1.5698e+06,-6.5858e+05
-1.5699e+06,-6.586e+05
-1.5699e+06,-6.5862e+05
-1.57e+06,-6.5863e+05
-1.57e+06,-6.5865e+05
-1.5701e+06,-6.5867e+05
-1.5701e+06,-6.5868e+05
-1.5702e+06,-6.587e+05
-1.5702e+06,-6.5872e+05
-1.5703e+06,-6.5874e+05
-1.5703e+06,-6.5875e+05
-1.5703e+06,-6.5877e+05
-1.5704e+06,-6.5879e+05
-1.5704e+06,-6.5881e+05
-1.5705e+06,-6.5882e+05
-1.5705e+06,-6.5884e+05
-1.5706e+06,-6.5886e+05
-1.5706e+06,-6.5888e+05
-1.5707e+06,-6.5889e+05
-1.5707e+06,-6.5891e+05
-1.5707e+06,-6.5893e+05
-1.5708e+06,-6.5894e+05
-1.5708e+06,-6.5896e+05
-1.5709e+06,-6.5898e+05
-1.5709e+06,-6.59e+05
-1.571e+06,-6.5902e+05
-1.571e+06,-6.5903e+05
-1.5711e+06,-6.5905e+05
-1.5711e+06,-6.5907e+05
-1.5712e+06,-6.5909e+05
-1.5712e+06,-6.591e+05
-1.5712e+06,-6.5912e+05
-1.5713e+06,-6.5914e+05
-1.5713e+06,-6.5916e+05
-1.5714e+06,-6.5917e+05
-1.5714e+06,-6.5919e+05
-1.5715e+06,-6.5921e+05
-1.5715e+06,-6.5923e+05
-1.5716e+06,-6.5925e+05
-1.5716e+06,-6.5926e+05
-1.5716e+06,-6.5928e+05
-1.5717e+06,-6.593e+05
-1.5717e+06,-6.5932e+05
-1.5718e+06,-6.5933e+05
-1.5718e+06,-6.5935e+05
-1.5719e+06,-6.5937e+05
-1.5719e+06,-6.5939e+05
-1.572e+06,-6.5941e+05
-1.572e+06,-6.5942e+05
-1.5721e+06,-6.5944e+05
-1.5721e+06,-6.5946e+05
-1.5721e+06,-6.5948e+05
-1.5722e+06,-6.595e+05
-1.5722e+06,-6.5952e+05
-1.5723e+06,-6.5953e+05
-1.5723e+06,-6.5955e+05
-1.5724e+06,-6.5957e+05
-1.5724e+06,-6.5959e+05
-1.5725e+06,-6.5961e+05
-1.5725e+06,-6.5962e+05
-1.5725e+06,-6.5964e+05
-1.5726e+06,-6.5966e+05
-1.5726e+06,-6.5968e+05
-1.5727e+06,-6.597e+05
-1.5727e+06,-6.5972e+05
-1.5728e+06,-6.5973e+05
-1.5728e+06,-6.5975e+05
-1.5729e+06,-6.5977e+05
-1.5729e+06,-6.5979e+05
-1.573e+06,-6.5981e+05
-1.573e+06,-6.5983e+05
-1.573e+06,-6.5984e+05
-1.5731e+06,-6.5986e+05
-1.5731e+06,-6.5988e+05
-1.5732e+06,-6.599e+05
-1.5732e+06,-6.5992e+05
-1.5733e+06,-6.5994e+05
-1.5733e+06,-6.5996e+05
-1.5734e+06,-6.5997e+05
-1.5734e+06,-6.5999e+05
-1.5734e+06,-6.6001e+05
-1.5735e+06,-6.6003e+05
-1.5735e+06,-6.6005e+05
-1.5736e+06,-6.6007e+05
-1.5736e+06,-6.6009e+05
-1.5737e+06,-6.601e+05
-1.5737e+06,-6.6012e+05
-1.5738e+06,-6.6014e+05
-1.5738e+06,-6.6016e+05
-1.5739e+06,-6.6018e+05
-1.5739e+06,-6.602e+05
-1.5739e+06,-6.6022e+05
-1.574e+06,-6.6023e+05
-1.574e+06,-6.6025e+05
-1.5741e+06,-6.6027e+05
-1.5741e+06,-6.6029e+05
-1.5742e+06,-6.6031e+05
-1.5742e+06,-6.6033e+05
-1.5743e+06,-6.6035e+05
-1.5743e+06,-6.6037e+05
-1.5743e+06,-6.6038e+05
-1.5744e+06,-6.604e+05
-1.5744e+06,-6.6042e+05
-1.5745e+06,-6.6044e+05
-1.5745e+06,-6.6046e+05
-1.5746e+06,-6.6048e+05
-1.5746e+06,-6.605e+05
-1.5747e+06,-6.6052e+05
-1.5747e+06,-6.6053e+05
-1.5748e+06,-6.6055e+05
-1.5748e+06,-6.6057e+05
-1.5748e+06,-6.6059e+05
-1.5749e+06,-6.6061e+05
-1.5749e+06,-6.6063e+05
-1.575e+06,-6.6065e+05
-1.575e+06,-6.6067e+05
-1.5751e+06,-6.6068e+05
-1.5751e+06,-6.607e+05
-1.5752e+06,-6.6072e+05
-1.5752e+06,-6.6074e+05
-1.5752e+06,-6.6076e+05
-1.5753e+06,-6.6078e+05
-1.5753e+06,-6.608e+05
-1.5754e+06,-6.6082e+05
-1.5754e+06,-6.6084e+05
-1.5755e+06,-6.6085e+05
-1.5755e+06,-6.6087e+05
-1.5756e+06,-6.6089e+05
-1.5756e+06,-6.6091e+05
-1.5757e+06,-6.6093e+05
-1.5757e+06,-6.6095e+05
-1.5757e+06,-6.6097e+05
-1.5758e+06,-6.6099e+05
-1.5758e+06,-6.6101e+05
-1.5759e+06,-6.6103e+05
-1.5759e+06,-6.6105e+05
-1.576e+06,-6.6106e+05
-1.576e+06,-6.6108e+05
-1.5761e+06,-6.611e+05
-1.5761e+06,-6.6112e+05
-1.5761e+06,-6.6114e+05
-1.5762e+06,-6.6116e+05
-1.5762e+06,-6.6118e+05
-1.5763e+06,-6.612e+05
-1.5763e+06,-6.6122e+05
-1.5764e+06,-6.6124e+05
-1.5764e+06,-6.6126e+05
-1.5765e+06,-6.6128e+05
-1.5765e+06,-6.613e+05
-1.5766e+06,-6.6131e+05
-1.5766e+06,-6.6133e+05
-1.5766e+06,-6.6135e+05
-1.5767e+06,-6.6137e+05
-1.5767e+06,-6.6139e+05
-1.5768e+06,-6.6141e+05
-1.5768e+06,-6.6143e+05
-1.5769e+06,-6.6145e+05
-1.5769e+06,-6.6147e+05
-1.577e+06,-6.6149e+05
-1.577e+06,-6.6151e+05
-1.577e+06,-6.6153e+05
-1.5771e+06,-6.6155e+05
-1.5771e+06,-6.6157e+05
-1.5772e+06,-6.6158e+05
-1.5772e+06,-6.616e+05
-1.5773e+06,-6.6162e+05
-1.5773e+06,-6.6164e+05
-1.5774e+06,-6.6166e+05
-1.5774e+06,-6.6168e+05
-1.5775e+06,-6.617e+05
-1.5775e+06,-6.6172e+05
-1.5775e+06,-6.6174e+05
-1.5776e+06,-6.6176e+05
-1.5776e+06,-6.6178e+05
-1.5777e+06,-6.618e+05
-1.5777e+06,-6.6181e+05
-1.5778e+06,-6.6183e+05
-1.5778e+06,-6.6185e+05
-1.5779e+06,-6.6187e+05
-1.5779e+06,-6.6189e+05
-1.5779e+06,-6.6191e+05
-1.578e+06,-6.6193e+05
-1.578e+06,-6.6195e+05
-1.5781e+06,-6.6197e+05
-1.5781e+06,-6.6199e+05
-1.5782e+06,-6.6201e+05
-1.5782e+06,-6.6203e+05
-1.5783e+06,-6.6204e+05
-1.5783e+06,-6.6206e+05
-1.5784e+06,-6.6208e+05
-1.5784e+06,-6.621e+05
-1.5784e+06,-6.6212e+05
-1.5785e+06,-6.6214e+05
-1.5785e+06,-6.6216e+05
-1.5786e+06,-6.6218e+05
-1.5786e+06,-6.622e+05
-1.5787e+06,-6.6222e+05
-1.5787e+06,-6.6224e+05
-1.5788e+06,-6.6226e+05
-1.5788e+06,-6.6227e+05
-1.5788e+06,-6.6229e+05
-1.5789e+06,-6.6231e+05
-1.5789e+06,-6.6233e+05
-1.579e+06,-6.6235e+05
-1.579e+06,-6.6237e+05
-1.5791e+06,-6.6239e+05
-1.5791e+06,-6.6241e+05
-1.5792e+06,-6.6243e+05
-1.5792e+06,-6.6245e+05
-1.5793e+06,-6.6247e+05
-1.5793e+06,-6.6248e+05
-1.5793e+06,-6.625e+05
-1.5794e+06,-6.6252e+05
-1.5794e+06,-6.6254e+05
-1.5795e+06,-6.6256e+05
-1.5795e+06,-6.6258e+05
-1.5796e+06,-6.626e+05
-1.5796e+06,-6.6262e+05
-1.5797e+06,-6.6264e+05
-1.5797e+06,-6.6266e+05
-1.5797e+06,-6.6267e+05
-1.5798e+06,-6.6269e+05
-1.5798e+06,-6.6271e+05
-1.5799e+06,-6.6273e+05
-1.5799e+06,-6.6275e+05
-1.58e+06,-6.6277e+05
-1.58e+06,-6.6279e+05
-1.5801e+06,-6.6281e+05
-1.5801e+06,-6.6283e+05
-1.5802e+06,-6.6284e+05
-1.5802e+06,-6.6286e+05
-1.5802e+06,-6.6288e+05
-1.5803e+06,-6.629e+05
-1.5803e+06,-6.6292e+05
-1.5804e+06,-6.6294e+05
-1.5804e+06,-6.6296e+05
-1.5805e+06,-6.6298e+05
-1.5805e+06,-6.6299e+05
-1.5806e+06,-6.6301e+05
-1.5806e+06,-6.6303e+05
-1.5806e+06,-6.6305e+05
-1.5807e+06,-6.6307e+05
-1.5807e+06,-6.6309e+05
-1.5808e+06,-6.6311e+05
-1.5808e+06,-6.6313e+05
-1.5809e+06,-6.6314e+05
-1.5809e+06,-6.6316e+05
-1.581e+06,-6.6318e+05
-1.581e+06,-6.632e+05
-1.5811e+06,-6.6322e+05
-1.5811e+06,-6.6324e+05
-1.5811e+06,-6.6326e+05
-1.5812e+06,-6.6327e+05
-1.5812e+06,-6.6329e+05
-1.5813e+06,-6.6331e+05
-1.5813e+06,-6.6333e+05
-1.5814e+06,-6.6335e+05
-1.5814e+06,-6.6337e+05
-1.5815e+06,-6.6338e+05
-1.5815e+06,-6.634e+05
-1.5815e+06,-6.6342e+05
-1.5816e+06,-6.6344e+05
-1.5816e+06,-6.6346e+05
-1.5817e+06,-6.6348e+05
-1.5817e+06,-6.6349e+05
-1.5818e+06,-6.6351e+05
-1.5818e+06,-6.6353e+05
-1.5819e+06,-6.6355e+05
-1.5819e+06,-6.6357e+05
-1.582e+06,-6.6359e+05
-1.582e+06,-6.636e+05
-1.582e+06,-6.6362e+05
-1.5821e+06,-6.6364e+05
-1.5821e+06,-6.6366e+05
-1.5822e+06,-6.6368e+05
-1.5822e+06,-6.6369e+05
-1.5823e+06,-6.6371e+05
-1.5823e+06,-6.6373e+05
-1.5824e+06,-6.6375e+05
-1.5824e+06,-6.6377e+05
-1.5824e+06,-6.6378e+05
-1.5825e+06,-6.638e+05
-1.5825e+06,-6.6382e+05
-1.5826e+06,-6.6384e+05
-1.5826e+06,-6.6386e+05
-1.5827e+06,-6.6387e+05
-1.5827e+06,-6.6389e+05
-1.5828e+06,-6.6391e+05
-1.5828e+06,-6.6393e+05
-1.5829e+06,-6.6395e+05
-1.5829e+06,-6.6396e+05
-1.5829e+06,-6.6398e+05
-1.583e+06,-6.64e+05
-1.583e+06,-6.6402e+05
-1.5831e+06,-6.6404e+05
-1.5831e+06,-6.6405e+05
-1.5832e+06,-6.6407e+05
-1.5832e+06,-6.6409e+05
-1.5833e+06,-6.6411e+05
-1.5833e+06,-6.6412e+05
-1.5833e+06,-6.6414e+05
-1.5834e+06,-6.6416e+05
-1.5834e+06,-6.6418e+05
-1.5835e+06,-6.6419e+05
-1.5835e+06,-6.6421e+05
-1.5836e+06,-6.6423e+05
-1.5836e+06,-6.6425e+05
-1.5837e+06,-6.6426e+05
-1.5837e+06,-6.6428e+05
-1.5838e+06,-6.643e+05
-1.5838e+06,-6.6432e+05
-1.5838e+06,-6.6433e+05
-1.5839e+06,-6.6435e+05
-1.5839e+06,-6.6437e+05
-1.584e+06,-6.6439e+05
-1.584e+06,-6.644e+05
-1.5841e+06,-6.6442e+05
-1.5841e+06,-6.6444e+05
-1.5842e+06,-6.6445e+05
-1.5842e+06,-6.6447e+05
-1.5842e+06,-6.6449e+05
-1.5843e+06,-6.6451e+05
-1.5843e+06,-6.6452e+05
-1.5844e+06,-6.6454e+05
-1.5844e+06,-6.6456e+05
-1.5845e+06,-6.6458e+05
-1.5845e+06,-6.6459e+05
-1.5846e+06,-6.6461e+05
-1.5846e+06,-6.6463e+05
-1.5847e+06,-6.6464e+05
-1.5847e+06,-6.6466e+05
-1.5847e+06,-6.6468e+05
-1.5848e+06,-6.6469e+05
-1.5848e+06,-6.6471e+05
-1.5849e+06,-6.6473e+05
-1.5849e+06,-6.6475e+05
-1.585e+06,-6.6476e+05
-1.585e+06,-6.6478e+05
-1.5851e+06,-6.648e+05
-1.5851e+06,-6.6481e+05
-1.5851e+06,-6.6483e+05
-1.5852e+06,-6.6485e+05
-1.5852e+06,-6.6486e+05
-1.5853e+06,-6.6488e+05
-1.5853e+06,-6.649e+05
-1.5854e+06,-6.6491e+05
-1.5854e+06,-6.6493e+05
-1.5855e+06,-6.6495e+05
-1.5855e+06,-6.6497e+05
-1.5856e+06,-6.6498e+05
-1.5856e+06,-6.65e+05
-1.5856e+06,-6.6502e+05
-1.5857e+06,-6.6503e+05
-1.5857e+06,-6.6505e+05
-1.5858e+06,-6.6507e+05
-1.5858e+06,-6.6508e+05
-1.5859e+06,-6.651e+05
-1.5859e+06,-6.6512e+05
-1.586e+06,-6.6513e+05
-1.586e+06,-6.6515e+05
-1.586e+06,-6.6517e+05
-1.5861e+06,-6.6518e+05
-1.5861e+06,-6.652e+05
-1.5862e+06,-6.6522e+05
-1.5862e+06,-6.6523e+05
-1.5863e+06,-6.6525e+05
-1.5863e+06,-6.6527e+05
-1.5864e+06,-6.6528e+05
-1.5864e+06,-6.653e+05
-1.5865e+06,-6.6532e+05
-1.5865e+06,-6.6533e+05
-1.5865e+06,-6.6535e+05
-1.5866e+06,-6.6537e+05
-1.5866e+06,-6.6538e+05
-1.5867e+06,-6.654e+05
-1.5867e+06,-6.6542e+05
-1.5868e+06,-6.6544e+05
-1.5868e+06,-6.6545e+05
-1.5869e+06,-6.6547e+05
-1.5869e+06,-6.6549e+05
-1.5869e+06,-6.655e+05
-1.587e+06,-6.6552e+05
-1.587e+06,-6.6554e+05
-1.5871e+06,-6.6555e+05
-1.5871e+06,-6.6557e+05
-1.5872e+06,-6.6559e+05
-1.5872e+06,-6.656e+05
-1.5873e+06,-6.6562e+05
-1.5873e+06,-6.6564e+05
-1.5874e+06,-6.6565e+05
-1.5874e+06,-6.6567e+05
-1.5874e+06,-6.6569e+05
-1.5875e+06,-6.657e+05
-1.5875e+06,-6.6572e+05
-1.5876e+06,-6.6574e+05
-1.5876e+06,-6.6575e+05
-1.5877e+06,-6.6577e+05
-1.5877e+06,-6.6579e+05
-1.5878e+06,-6.658e+05
-1.5878e+06,-6.6582e+05
-1.5878e+06,-6.6584e+05
-1.5879e+06,-6.6585e+05
-1.5879e+06,-6.6587e+05
-1.588e+06,-6.6589e+05
-1.588e+06,-6.659e+05
-1.5881e+06,-6.6592e+05
-1.5881e+06,-6.6594e+05
-1.5882e+06,-6.6595e+05
-1.5882e+06,-6.6597e+05
-1.5883e+06,-6.6599e+05
-1.5883e+06,-6.66e+05
-1.5883e+06,-6.6602e+05
-1.5884e+06,-6.6604e+05
-1.5884e+06,-6.6605e+05
-1.5885e+06,-6.6607e+05
-1.5885e+06,-6.6609e+05
-1.5886e+06,-6.661e+05
-1.5886e+06,-6.6612e+05
-1.5887e+06,-6.6614e+05
-1.5887e+06,-6.6615e+05
-1.5887e+06,-6.6617e+05
-1.5888e+06,-6.6619e+05
-1.5888e+06,-6.662e+05
-1.5889e+06,-6.6622e+05
-1.5889e+06,-6.6624e+05
-1.589e+06,-6.6625e+05
-1.589e+06,-6.6627e+05
-1.5891e+06,-6.6629e+05
-1.5891e+06,-6.6631e+05
-1.5892e+06,-6.6632e+05
-1.5892e+06,-6.6634e+05
-1.5892e+06,-6.6636e+05
-1.5893e+06,-6.6637e+05
-1.5893e+06,-6.6639e+05
-1.5894e+06,-6.6641e+05
-1.5894e+06,-6.6642e+05
-1.5895e+06,-6.6644e+05
-1.5895e+06,-6.6646e+05
-1.5896e+06,-6.6647e+05
-1.5896e+06,-6.6649e+05
-1.5896e+06,-6.6651e+05
-1.5897e+06,-6.6652e+05
-1.5897e+06,-6.6654e+05
-1.5898e+06,-6.6656e+05
-1.5898e+06,-6.6657e+05
-1.5899e+06,-6.6659e+05
-1.5899e+06,-6.6661e+05
-1.59e+06,-6.6662e+05
