-1.8231e+06,-1.3164e+05
-1.8231e+06,-1.3166e+05
-1.8232e+06,-1.3167e+05
-1.8232e+06,-1.3169e+05
-1.8233e+06,-1.317e+05
-1.8233e+06,-1.3171e+05
-1.8234e+06,-1.3173e+05
-1.8234e+06,-1.3174e+05
-1.8235e+06,-1.3176e+05
-1.8235e+06,-1.3177e+05
-1.8236e+06,-1.3178e+05
-1.8236e+06,-1.318e+05
-1.8236e+06,-1.3181e+05
-1.8237e+06,-1.3182e+05
-1.8237e+06,-1.3184e+05
-1.8238e+06,-1.3185e+05
-1.8238e+06,-1.3186e+05
-1.8239e+06,-1.3187e+05
-1.8239e+06,-1.3189e+05
-1.824e+06,-1.319e+05
-1.824e+06,-1.3191e+05
-1.824e+06,-1.3192e+05
-1.8241e+06,-1.3194e+05
-1.8241e+06,-1.3195e+05
-1.8242e+06,-1.3196e+05
-1.8242e+06,-1.3197e+05
-1.8243e+06,-1.3198e+05
-1.8243e+06,-1.32e+05
-1.8244e+06,-1.3201e+05
-1.8244e+06,-1.3202e+05
-1.8245e+06,-1.3203e+05
-1.8245e+06,-1.3204e+05
-1.8245e+06,-1.3205e+05
-1.8246e+06,-1.3207e+05
-1.8246e+06,-1.3208e+05
-1.8247e+06,-1.3209e+05
-1.8247e+06,-1.321e+05
-1.8248e+06,-1.3211e+05
-1.8248e+06,-1.3212e+05
-1.8249e+06,-1.3213e+05
-1.8249e+06,-1.3215e+05
-1.8249e+06,-1.3216e+05
-1.825e+06,-1.3217e+05
-1.825e+06,-1.3218e+05
-1.8251e+06,-1.3219e+05
-1.8251e+06,-1.322e+05
-1.8252e+06,-1.3221e+05
-1.8252e+06,-1.3222e+05
-1.8253e+06,-1.3223e+05
-1.8253e+06,-1.3224e+05
-1.8254e+06,-1.3225e+05
-1.8254e+06,-1.3226e+05
-1.8254e+06,-1.3227e+05
-1.8255e+06,-1.3228e+05
-1.8255e+06,-1.3229e+05
-1.8256e+06,-1.323e+05
-1.8256e+06,-1.3231e+05
-1.8257e+06,-1.3232e+05
-1.8257e+06,-1.3233e+05
-1.8258e+06,-1.3234e+05
-1.8258e+06,-1.3235e+05
-1.8258e+06,-1.3236e+05
-1.8259e+06,-1.3237e+05
-1.8259e+06,-1.3238e+05
-1.826e+06,-1.3239e+05
-1.826e+06,-1.324e+05
-1.8261e+06,-1.3241e+05
-1.8261e+06,-1.3242e+05
-1.8262e+06,-1.3243e+05
-1.8262e+06,-1.3244e+05
-1.8263e+06,-1.3245e+05
-1.8263e+06,-1.3246e+05
-1.8263e+06,-1.3247e+05
-1.8264e+06,-1.3248e+05
-1.8264e+06,-1.3248e+05
-1.8265e+06,-1.3249e+05
-1.8265e+06,-1.325e+05
-1.8266e+06,-1.3251e+05
-1.8266e+06,-1.3252e+05
-1.8267e+06,-1.3253e+05
-1.8267e+06,-1.3254e+05
-1.8267e+06,-1.3255e+05
-1.8268e+06,-1.3256e+05
-1.8268e+06,-1.3256e+05
-1.8269e+06,-1.3257e+05
-1.8269e+06,-1.3258e+05
-1.827e+06,-1.3259e+05
-1.827e+06,-1.326e+05
-1.8271e+06,-1.3261e+05
-1.8271e+06,-1.3261e+05
-1.8272e+06,-1.3262e+05
-1.8272e+06,-1.3263e+05
-1.8272e+06,-1.3264e+05
-1.8273e+06,-1.3265e+05
-1.8273e+06,-1.3266e+05
-1.8274e+06,-1.3266e+05
-1.8274e+06,-1.3267e+05
-1.8275e+06,-1.3268e+05
-1.8275e+06,-1.3269e+05
-1.8276e+06,-1.327e+05
-1.8276e+06,-1.327e+05
-1.8276e+06,-1.3271e+05
-1.8277e+06,-1.3272e+05
-1.8277e+06,-1.3273e+05
-1.8278e+06,-1.3274e+05
-1.8278e+06,-1.3274e+05
-1.8279e+06,-1.3275e+05
-1.8279e+06,-1.3276e+05
-1.828e+06,-1.3277e+05
-1.828e+06,-1.3278e+05
-1.8281e+06,-1.3278e+05
-1.8281e+06,-1.3279e+05
-1.8281e+06,-1.328e+05
-1.8282e+06,-1.3281e+05
-1.8282e+06,-1.3282e+05
-1.8283e+06,-1.3282e+05
-1.8283e+06,-1.3283e+05
-1.8284e+06,-1.3284e+05
-1.8284e+06,-1.3285e+05
-1.8285e+06,-1.3286e+05
-1.8285e+06,-1.3286e+05
-1.8285e+06,-1.3287e+05
-1.8286e+06,-1.3288e+05
-1.8286e+06,-1.3289e+05
-1.8287e+06,-1.329e+05
-1.8287e+06,-1.329e+05
-1.8288e+06,-1.3291e+05
-1.8288e+06,-1.3292e+05
-1.8289e+06,-1.3293e+05
-1.8289e+06,-1.3294e+05
-1.829e+06,-1.3294e+05
-1.829e+06,-1.3295e+05
-1.829e+06,-1.3296e+05
-1.8291e+06,-1.3297e+05
-1.8291e+06,-1.3298e+05
-1.8292e+06,-1.3298e+05
-1.8292e+06,-1.3299e+05
-1.8293e+06,-1.33e+05
-1.8293e+06,-1.3301e+05
-1.8294e+06,-1.3302e+05
-1.8294e+06,-1.3303e+05
-1.8294e+06,-1.3303e+05
-1.8295e+06,-1.3304e+05
-1.8295e+06,-1.3305e+05
-1.8296e+06,-1.3306e+05
-1.8296e+06,-1.3307e+05
-1.8297e+06,-1.3307e+05
-1.8297e+06,-1.3308e+05
-1.8298e+06,-1.3309e+05
-1.8298e+06,-1.331e+05
-1.8299e+06,-1.3311e+05
-1.8299e+06,-1.3312e+05
-1.8299e+06,-1.3312e+05
-1.83e+06,-1.3313e+05
-1.83e+06,-1.3314e+05
-1.8301e+06,-1.3315e+05
-1.8301e+06,-1.3316e+05
-1.8302e+06,-1.3316e+05
-1.8302e+06,-1.3317e+05
-1.8303e+06,-1.3318e+05
-1.8303e+06,-1.3319e+05
-1.8303e+06,-1.332e+05
-1.8304e+06,-1.332e+05
-1.8304e+06,-1.3321e+05
-1.8305e+06,-1.3322e+05
-1.8305e+06,-1.3323e+05
-1.8306e+06,-1.3323e+05
-1.8306e+06,-1.3324e+05
-1.8307e+06,-1.3325e+05
-1.8307e+06,-1.3325e+05
-1.8308e+06,-1.3326e+05
-1.8308e+06,-1.3327e+05
-1.8308e+06,-1.3327e+05
-1.8309e+06,-1.3328e+05
-1.8309e+06,-1.3329e+05
-1.831e+06,-1.3329e+05
-1.831e+06,-1.333e+05
-1.8311e+06,-1.3331e+05
-1.8311e+06,-1.3332e+05
-1.8312e+06,-1.3332e+05
-1.8312e+06,-1.3333e+05
-1.8312e+06,-1.3334e+05
-1.8313e+06,-1.3334e+05
-1.8313e+06,-1.3335e+05
-1.8314e+06,-1.3336e+05
-1.8314e+06,-1.3336e+05
-1.8315e+06,-1.3337e+05
-1.8315e+06,-1.3338e+05
-1.8316e+06,-1.3338e+05
-1.8316e+06,-1.3339e+05
-1.8317e+06,-1.334e+05
-1.8317e+06,-1.3341e+05
-1.8317e+06,-1.3341e+05
-1.8318e+06,-1.3342e+05
-1.8318e+06,-1.3343e+05
-1.8319e+06,-1.3343e+05
-1.8319e+06,-1.3344e+05
-1.832e+06,-1.3345e+05
-1.832e+06,-1.3345e+05
-1.8321e+06,-1.3346e+05
-1.8321e+06,-1.3347e+05
-1.8321e+06,-1.3348e+05
-1.8322e+06,-1.3348e+05
-1.8322e+06,-1.3349e+05
-1.8323e+06,-1.335e+05
-1.8323e+06,-1.335e+05
-1.8324e+06,-1.3351e+05
-1.8324e+06,-1.3352e+05
-1.8325e+06,-1.3352e+05
-1.8325e+06,-1.3353e+05
-1.8326e+06,-1.3354e+05
-1.8326e+06,-1.3354e+05
-1.8326e+06,-1.3355e+05
-1.8327e+06,-1.3356e+05
-1.8327e+06,-1.3356e+05
-1.8328e+06,-1.3357e+05
-1.8328e+06,-1.3358e+05
-1.8329e+06,-1.3358e+05
-1.8329e+06,-1.3359e+05
-1.833e+06,-1.336e+05
-1.833e+06,-1.336e+05
-1.833e+06,-1.3361e+05
-1.8331e+06,-1.3362e+05
-1.8331e+06,-1.3362e+05
-1.8332e+06,-1.3363e+05
-1.8332e+06,-1.3363e+05
-1.8333e+06,-1.3364e+05
-1.8333e+06,-1.3365e+05
-1.8334e+06,-1.3365e+05
-1.8334e+06,-1.3366e+05
-1.8335e+06,-1.3367e+05
-1.8335e+06,-1.3367e+05
-1.8335e+06,-1.3368e+05
-1.8336e+06,-1.3369e+05
-1.8336e+06,-1.3369e+05
-1.8337e+06,-1.337e+05
-1.8337e+06,-1.337e+05
-1.8338e+06,-1.3371e+05
-1.8338e+06,-1.3372e+05
-1.8339e+06,-1.3372e+05
-1.8339e+06,-1.3373e+05
-1.8339e+06,-1.3374e+05
-1.834e+06,-1.3374e+05
-1.834e+06,-1.3375e+05
-1.8341e+06,-1.3376e+05
-1.8341e+06,-1.3376e+05
-1.8342e+06,-1.3377e+05
-1.8342e+06,-1.3378e+05
-1.8343e+06,-1.3378e+05
-1.8343e+06,-1.3379e+05
-1.8344e+06,-1.338e+05
-1.8344e+06,-1.338e+05
-1.8344e+06,-1.3381e+05
-1.8345e+06,-1.3382e+05
-1.8345e+06,-1.3382e+05
-1.8346e+06,-1.3383e+05
-1.8346e+06,-1.3384e+05
-1.8347e+06,-1.3385e+05
-1.8347e+06,-1.3385e+05
-1.8348e+06,-1.3386e+05
-1.8348e+06,-1.3387e+05
-1.8348e+06,-1.3388e+05
-1.8349e+06,-1.3388e+05
-1.8349e+06,-1.3389e+05
-1.835e+06,-1.339e+05
-1.835e+06,-1.3391e+05
-1.8351e+06,-1.3391e+05
-1.8351e+06,-1.3392e+05
-1.8352e+06,-1.3393e+05
-1.8352e+06,-1.3394e+05
-1.8353e+06,-1.3395e+05
-1.8353e+06,-1.3395e+05
-1.8353e+06,-1.3396e+05
-1.8354e+06,-1.3397e+05
-1.8354e+06,-1.3398e+05
-1.8355e+06,-1.3399e+05
-1.8355e+06,-1.34e+05
-1.8356e+06,-1.3401e+05
-1.8356e+06,-1.3401e+05
-1.8357e+06,-1.3402e+05
-1.8357e+06,-1.3403e+05
-1.8357e+06,-1.3404e+05
-1.8358e+06,-1.3405e+05
-1.8358e+06,-1.3406e+05
-1.8359e+06,-1.3407e+05
-1.8359e+06,-1.3408e+05
-1.836e+06,-1.3409e+05
-1.836e+06,-1.341e+05
-1.8361e+06,-1.3411e+05
-1.8361e+06,-1.3412e+05
-1.8362e+06,-1.3413e+05
-1.8362e+06,-1.3414e+05
-1.8362e+06,-1.3415e+05
-1.8363e+06,-1.3416e+05
-1.8363e+06,-1.3417e+05
-1.8364e+06,-1.3418e+05
-1.8364e+06,-1.3419e+05
-1.8365e+06,-1.342e+05
-1.8365e+06,-1.3421e+05
-1.8366e+06,-1.3422e+05
-1.8366e+06,-1.3424e+05
-1.8366e+06,-1.3425e+05
-1.8367e+06,-1.3426e+05
-1.8367e+06,-1.3427e+05
-1.8368e+06,-1.3428e+05
-1.8368e+06,-1.343e+05
-1.8369e+06,-1.3431e+05
-1.8369e+06,-1.3432e+05
-1.837e+06,-1.3433e+05
-1.837e+06,-1.3435e+05
-1.8371e+06,-1.3436e+05
-1.8371e+06,-1.3437e+05
-1.8371e+06,-1.3439e+05
-1.8372e+06,-1.344e+05
-1.8372e+06,-1.3441e+05
-1.8373e+06,-1.3443e+05
-1.8373e+06,-1.3444e+05
-1.8374e+06,-1.3446e+05
-1.8374e+06,-1.3447e+05
-1.8375e+06,-1.3449e+05
-1.8375e+06,-1.345e+05
-1.8375e+06,-1.3452e+05
-1.8376e+06,-1.3453e+05
-1.8376e+06,-1.3455e+05
-1.8377e+06,-1.3456e+05
-1.8377e+06,-1.3458e+05
-1.8378e+06,-1.3459e+05
-1.8378e+06,-1.3461e+05
-1.8379e+06,-1.3463e+05
-1.8379e+06,-1.3464e+05
-1.838e+06,-1.3466e+05
-1.838e+06,-1.3467e+05
-1.838e+06,-1.3469e+05
-1.8381e+06,-1.3471e+05
-1.8381e+06,-1.3473e+05
-1.8382e+06,-1.3474e+05
-1.8382e+06,-1.3476e+05
-1.8383e+06,-1.3478e+05
-1.8383e+06,-1.348e+05
-1.8384e+06,-1.3481e+05
-1.8384e+06,-1.3483e+05
-1.8384e+06,-1.3485e+05
-1.8385e+06,-1.3487e+05
-1.8385e+06,-1.3489e+05
-1.8386e+06,-1.3491e+05
-1.8386e+06,-1.3493e+05
-1.8387e+06,-1.3495e+05
-1.8387e+06,-1.3497e+05
-1.8388e+06,-1.3499e+05
-1.8388e+06,-1.3501e+05
-1.8389e+06,-1.3503e+05
-1.8389e+06,-1.3505e+05
-1.8389e+06,-1.3507e+05
-1.839e+06,-1.3509e+05
-1.839e+06,-1.3511e+05
-1.8391e+06,-1.3513e+05
-1.8391e+06,-1.3515e+05
-1.8392e+06,-1.3518e+05
-1.8392e+06,-1.352e+05
-1.8393e+06,-1.3522e+05
-1.8393e+06,-1.3524e+05
-1.8393e+06,-1.3527e+05
-1.8394e+06,-1.3529e+05
-1.8394e+06,-1.3531e+05
-1.8395e+06,-1.3534e+05
-1.8395e+06,-1.3536e+05
-1.8396e+06,-1.3538e+05
-1.8396e+06,-1.3541e+05
-1.8397e+06,-1.3543e+05
-1.8397e+06,-1.3546e+05
-1.8398e+06,-1.3548e+05
-1.8398e+06,-1.355e+05
-1.8398e+06,-1.3553e+05
-1.8399e+06,-1.3555e+05
-1.8399e+06,-1.3558e+05
-1.84e+06,-1.3561e+05
-1.84e+06,-1.3563e+05
-1.8401e+06,-1.3566e+05
-1.8401e+06,-1.3568e+05
-1.8402e+06,-1.3571e+05
-1.8402e+06,-1.3573e+05
-1.8402e+06,-1.3576e+05
-1.8403e+06,-1.3579e+05
-1.8403e+06,-1.3581e+05
-1.8404e+06,-1.3584e+05
-1.8404e+06,-1.3587e+05
-1.8405e+06,-1.3589e+05
-1.8405e+06,-1.3592e+05
-1.8406e+06,-1.3595e+05
-1.8406e+06,-1.3597e+05
-1.8407e+06,-1.36e+05
-1.8407e+06,-1.3603e+05
-1.8407e+06,-1.3605e+05
-1.8408e+06,-1.3608e+05
-1.8408e+06,-1.3611e+05
-1.8409e+06,-1.3614e+05
-1.8409e+06,-1.3616e+05
-1.841e+06,-1.3619e+05
-1.841e+06,-1.3622e+05
-1.8411e+06,-1.3625e+05
-1.8411e+06,-1.3628e+05
-1.8411e+06,-1.363e+05
-1.8412e+06,-1.3633e+05
-1.8412e+06,-1.3636e+05
-1.8413e+06,-1.3639e+05
-1.8413e+06,-1.3641e+05
-1.8414e+06,-1.3644e+05
-1.8414e+06,-1.3647e+05
-1.8415e+06,-1.365e+05
-1.8415e+06,-1.3653e+05
-1.8416e+06,-1.3655e+05
-1.8416e+06,-1.3658e+05
-1.8416e+06,-1.3661e+05
-1.8417e+06,-1.3664e+05
-1.8417e+06,-1.3666e+05
-1.8418e+06,-1.3669e+05
-1.8418e+06,-1.3672e+05
-1.8419e+06,-1.3675e+05
-1.8419e+06,-1.3677e+05
-1.842e+06,-1.368e+05
-1.842e+06,-1.3683e+05
-1.842e+06,-1.3686e+05
-1.8421e+06,-1.3688e+05
-1.8421e+06,-1.3691e+05
-1.8422e+06,-1.3694e+05
-1.8422e+06,-1.3696e+05
-1.8423e+06,-1.3699e+05
-1.8423e+06,-1.3702e+05
-1.8424e+06,-1.3704e+05
-1.8424e+06,-1.3707e+05
-1.8425e+06,-1.371e+05
-1.8425e+06,-1.3712e+05
-1.8425e+06,-1.3715e+05
-1.8426e+06,-1.3718e+05
-1.8426e+06,-1.372e+05
-1.8427e+06,-1.3723e+05
-1.8427e+06,-1.3726e+05
-1.8428e+06,-1.3728e+05
-1.8428e+06,-1.3731e+05
-1.8429e+06,-1.3734e+05
-1.8429e+06,-1.3736e+05
-1.8429e+06,-1.3739e+05
-1.843e+06,-1.3742e+05
-1.843e+06,-1.3744e+05
-1.8431e+06,-1.3747e+05
-1.8431e+06,-1.375e+05
-1.8432e+06,-1.3752e+05
-1.8432e+06,-1.3755e+05
-1.8433e+06,-1.3758e+05
-1.8433e+06,-1.376e+05
-1.8434e+06,-1.3763e+05
-1.8434e+06,-1.3766e+05
-1.8434e+06,-1.3768e+05
-1.8435e+06,-1.3771e+05
-1.8435e+06,-1.3774e+05
-1.8436e+06,-1.3776e+05
-1.8436e+06,-1.3779e+05
-1.8437e+06,-1.3782e+05
-1.8437e+06,-1.3784e+05
-1.8438e+06,-1.3787e+05
-1.8438e+06,-1.3789e+05
-1.8438e+06,-1.3792e+05
-1.8439e+06,-1.3795e+05
-1.8439e+06,-1.3797e+05
-1.844e+06,-1.38e+05
-1.844e+06,-1.3802e+05
-1.8441e+06,-1.3805e+05
-1.8441e+06,-1.3808e+05
-1.8442e+06,-1.381e+05
-1.8442e+06,-1.3813e+05
-1.8443e+06,-1.3815e+05
-1.8443e+06,-1.3818e+05
-1.8443e+06,-1.382e+05
-1.8444e+06,-1.3823e+05
-1.8444e+06,-1.3825e+05
-1.8445e+06,-1.3828e+05
-1.8445e+06,-1.3831e+05
-1.8446e+06,-1.3833e+05
-1.8446e+06,-1.3836e+05
-1.8447e+06,-1.3838e+05
-1.8447e+06,-1.3841e+05
-1.8447e+06,-1.3843e+05
-1.8448e+06,-1.3845e+05
-1.8448e+06,-1.3848e+05
-1.8449e+06,-1.385e+05
-1.8449e+06,-1.3853e+05
-1.845e+06,-1.3855e+05
-1.845e+06,-1.3858e+05
-1.8451e+06,-1.386e+05
-1.8451e+06,-1.3863e+05
-1.8452e+06,-1.3865e+05
-1.8452e+06,-1.3867e+05
-1.8452e+06,-1.387e+05
-1.8453e+06,-1.3872e+05
-1.8453e+06,-1.3874e+05
-1.8454e+06,-1.3877e+05
-1.8454e+06,-1.3879e+05
-1.8455e+06,-1.3881e+05
-1.8455e+06,-1.3884e+05
-1.8456e+06,-1.3886e+05
-1.8456e+06,-1.3888e+05
-1.8456e+06,-1.3891e+05
-1.8457e+06,-1.3893e+05
-1.8457e+06,-1.3895e+05
-1.8458e+06,-1.3898e+05
-1.8458e+06,-1.39e+05
-1.8459e+06,-1.3902e+05
-1.8459e+06,-1.3905e+05
-1.846e+06,-1.3907e+05
-1.846e+06,-1.3909e+05
-1.8461e+06,-1.3912e+05
-1.8461e+06,-1.3914e+05
-1.8461e+06,-1.3916e+05
-1.8462e+06,-1.3918e+05
-1.8462e+06,-1.3921e+05
-1.8463e+06,-1.3923e+05
-1.8463e+06,-1.3925e+05
-1.8464e+06,-1.3928e+05
-1.8464e+06,-1.393e+05
-1.8465e+06,-1.3932e+05
-1.8465e+06,-1.3934e+05
-1.8465e+06,-1.3936e+05
-1.8466e+06,-1.3939e+05
-1.8466e+06,-1.3941e+05
-1.8467e+06,-1.3943e+05
-1.8467e+06,-1.3945e+05
-1.8468e+06,-1.3947e+05
-1.8468e+06,-1.3949e+05
-1.8469e+06,-1.3952e+05
-1.8469e+06,-1.3954e+05
-1.847e+06,-1.3956e+05
-1.847e+06,-1.3958e+05
-1.847e+06,-1.396e+05
-1.8471e+06,-1.3962e+05
-1.8471e+06,-1.3964e+05
-1.8472e+06,-1.3966e+05
-1.8472e+06,-1.3968e+05
-1.8473e+06,-1.397e+05
-1.8473e+06,-1.3972e+05
-1.8474e+06,-1.3974e+05
-1.8474e+06,-1.3976e+05
-1.8474e+06,-1.3978e+05
-1.8475e+06,-1.398e+05
-1.8475e+06,-1.3982e+05
-1.8476e+06,-1.3984e+05
-1.8476e+06,-1.3986e+05
-1.8477e+06,-1.3988e+05
-1.8477e+06,-1.399e+05
-1.8478e+06,-1.3992e+05
-1.8478e+06,-1.3993e+05
-1.8479e+06,-1.3995e+05
-1.8479e+06,-1.3997e+05
-1.8479e+06,-1.3999e+05
-1.848e+06,-1.4001e+05
-1.848e+06,-1.4003e+05
-1.8481e+06,-1.4005e+05
-1.8481e+06,-1.4006e+05
-1.8482e+06,-1.4008e+05
-1.8482e+06,-1.401e+05
-1.8483e+06,-1.4012e+05
-1.8483e+06,-1.4014e+05
-1.8483e+06,-1.4015e+05
-1.8484e+06,-1.4017e+05
-1.8484e+06,-1.4019e+05
-1.8485e+06,-1.4021e+05
-1.8485e+06,-1.4023e+05
-1.8486e+06,-1.4024e+05
-1.8486e+06,-1.4026e+05
-1.8487e+06,-1.4028e+05
-1.8487e+06,-1.4029e+05
-1.8488e+06,-1.4031e+05
-1.8488e+06,-1.4033e+05
-1.8488e+06,-1.4035e+05
-1.8489e+06,-1.4036e+05
-1.8489e+06,-1.4038e+05
-1.849e+06,-1.404e+05
-1.849e+06,-1.4041e+05
-1.8491e+06,-1.4043e+05
-1.8491e+06,-1.4045e+05
-1.8492e+06,-1.4046e+05
-1.8492e+06,-1.4048e+05
-1.8492e+06,-1.405e+05
-1.8493e+06,-1.4051e+05
-1.8493e+06,-1.4053e+05
-1.8494e+06,-1.4054e+05
-1.8494e+06,-1.4056e+05
-1.8495e+06,-1.4058e+05
-1.8495e+06,-1.4059e+05
-1.8496e+06,-1.4061e+05
-1.8496e+06,-1.4062e+05
-1.8497e+06,-1.4064e+05
-1.8497e+06,-1.4065e+05
-1.8497e+06,-1.4067e+05
-1.8498e+06,-1.4068e+05
-1.8498e+06,-1.407e+05
-1.8499e+06,-1.4071e+05
-1.8499e+06,-1.4072e+05
-1.85e+06,-1.4074e+05
-1.85e+06,-1.4075e+05
-1.8501e+06,-1.4077e+05
-1.8501e+06,-1.4078e+05
-1.8501e+06,-1.4079e+05
-1.8502e+06,-1.4081e+05
-1.8502e+06,-1.4082e+05
-1.8503e+06,-1.4083e+05
-1.8503e+06,-1.4085e+05
-1.8504e+06,-1.4086e+05
-1.8504e+06,-1.4087e+05
-1.8505e+06,-1.4088e+05
-1.8505e+06,-1.409e+05
-1.8506e+06,-1.4091e+05
-1.8506e+06,-1.4092e+05
-1.8506e+06,-1.4093e+05
-1.8507e+06,-1.4094e+05
-1.8507e+06,-1.4096e+05
-1.8508e+06,-1.4097e+05
-1.8508e+06,-1.4098e+05
-1.8509e+06,-1.4099e+05
-1.8509e+06,-1.41e+05
-1.851e+06,-1.4102e+05
-1.851e+06,-1.4103e+05
-1.851e+06,-1.4104e+05
-1.8511e+06,-1.4105e+05
-1.8511e+06,-1.4106e+05
-1.8512e+06,-1.4108e+05
-1.8512e+06,-1.4109e+05
-1.8513e+06,-1.411e+05
-1.8513e+06,-1.4111e+05
-1.8514e+06,-1.4112e+05
-1.8514e+06,-1.4114e+05
-1.8515e+06,-1.4115e+05
-1.8515e+06,-1.4116e+05
-1.8515e+06,-1.4117e+05
-1.8516e+06,-1.4118e+05
-1.8516e+06,-1.412e+05
-1.8517e+06,-1.4121e+05
-1.8517e+06,-1.4122e+05
-1.8518e+06,-1.4123e+05
-1.8518e+06,-1.4125e+05
-1.8519e+06,-1.4126e+05
-1.8519e+06,-1.4127e+05
-1.8519e+06,-1.4128e+05
-1.852e+06,-1.4129e+05
-1.852e+06,-1.4131e+05
-1.8521e+06,-1.4132e+05
-1.8521e+06,-1.4133e+05
-1.8522e+06,-1.4134e+05
-1.8522e+06,-1.4135e+05
-1.8523e+06,-1.4136e+05
-1.8523e+06,-1.4137e+05
-1.8524e+06,-1.4139e+05
-1.8524e+06,-1.414e+05
-1.8524e+06,-1.4141e+05
-1.8525e+06,-1.4142e+05
-1.8525e+06,-1.4143e+05
-1.8526e+06,-1.4144e+05
-1.8526e+06,-1.4145e+05
-1.8527e+06,-1.4146e+05
-1.8527e+06,-1.4147e+05
-1.8528e+06,-1.4148e+05
-1.8528e+06,-1.4149e+05
-1.8528e+06,-1.415e+05
-1.8529e+06,-1.4151e+05
-1.8529e+06,-1.4151e+05
-1.853e+06,-1.4152e+05
-1.853e+06,-1.4153e+05
-1.8531e+06,-1.4154e+05
-1.8531e+06,-1.4155e+05
-1.8532e+06,-1.4156e+05
-1.8532e+06,-1.4156e+05
-1.8533e+06,-1.4157e+05
-1.8533e+06,-1.4158e+05
-1.8533e+06,-1.4159e+05
-1.8534e+06,-1.416e+05
-1.8534e+06,-1.416e+05
-1.8535e+06,-1.4161e+05
-1.8535e+06,-1.4162e+05
-1.8536e+06,-1.4163e+05
-1.8536e+06,-1.4163e+05
-1.8537e+06,-1.4164e+05
-1.8537e+06,-1.4165e+05
-1.8537e+06,-1.4166e+05
-1.8538e+06,-1.4166e+05
-1.8538e+06,-1.4167e+05
-1.8539e+06,-1.4168e+05
-1.8539e+06,-1.4169e+05
-1.854e+06,-1.4169e+05
-1.854e+06,-1.417e+05
-1.8541e+06,-1.4171e+05
-1.8541e+06,-1.4171e+05
-1.8542e+06,-1.4172e+05
-1.8542e+06,-1.4173e+05
-1.8542e+06,-1.4173e+05
-1.8543e+06,-1.4174e+05
-1.8543e+06,-1.4175e+05
-1.8544e+06,-1.4176e+05
-1.8544e+06,-1.4176e+05
-1.8545e+06,-1.4177e+05
-1.8545e+06,-1.4178e+05
-1.8546e+06,-1.4178e+05
-1.8546e+06,-1.4179e+05
-1.8546e+06,-1.418e+05
-1.8547e+06,-1.418e+05
-1.8547e+06,-1.4181e+05
-1.8548e+06,-1.4182e+05
-1.8548e+06,-1.4182e+05
-1.8549e+06,-1.4183e+05
-1.8549e+06,-1.4183e+05
-1.855e+06,-1.4184e+05
-1.855e+06,-1.4185e+05
-1.8551e+06,-1.4185e+05
-1.8551e+06,-1.4186e+05
-1.8551e+06,-1.4186e+05
-1.8552e+06,-1.4187e+05
-1.8552e+06,-1.4188e+05
-1.8553e+06,-1.4188e+05
-1.8553e+06,-1.4189e+05
-1.8554e+06,-1.4189e+05
-1.8554e+06,-1.419e+05
-1.8555e+06,-1.419e+05
-1.8555e+06,-1.4191e+05
-1.8555e+06,-1.4191e+05
-1.8556e+06,-1.4192e+05
-1.8556e+06,-1.4193e+05
-1.8557e+06,-1.4193e+05
-1.8557e+06,-1.4194e+05
-1.8558e+06,-1.4194e+05
-1.8558e+06,-1.4194e+05
-1.8559e+06,-1.4195e+05
-1.8559e+06,-1.4195e+05
-1.856e+06,-1.4196e+05
-1.856e+06,-1.4196e+05
-1.856e+06,-1.4197e+05
-1.8561e+06,-1.4197e+05
-1.8561e+06,-1.4198e+05
-1.8562e+06,-1.4198e+05
-1.8562e+06,-1.4198e+05
-1.8563e+06,-1.4199e+05
-1.8563e+06,-1.4199e+05
-1.8564e+06,-1.4199e+05
-1.8564e+06,-1.42e+05
-1.8564e+06,-1.42e+05
-1.8565e+06,-1.42e+05
-1.8565e+06,-1.4201e+05
-1.8566e+06,-1.4201e+05
-1.8566e+06,-1.4201e+05
-1.8567e+06,-1.4201e+05
-1.8567e+06,-1.4202e+05
-1.8568e+06,-1.4202e+05
-1.8568e+06,-1.4202e+05
-1.8569e+06,-1.4202e+05
-1.8569e+06,-1.4202e+05
-1.8569e+06,-1.4202e+05
-1.857e+06,-1.4202e+05
-1.857e+06,-1.4202e+05
-1.8571e+06,-1.4203e+05
-1.8571e+06,-1.4203e+05
-1.8572e+06,-1.4203e+05
-1.8572e+06,-1.4203e+05
-1.8573e+06,-1.4203e+05
-1.8573e+06,-1.4203e+05
-1.8573e+06,-1.4202e+05
-1.8574e+06,-1.4202e+05
-1.8574e+06,-1.4202e+05
-1.8575e+06,-1.4202e+05
-1.8575e+06,-1.4202e+05
-1.8576e+06,-1.4202e+05
-1.8576e+06,-1.4202e+05
-1.8577e+06,-1.4202e+05
-1.8577e+06,-1.4202e+05
-1.8578e+06,-1.4202e+05
-1.8578e+06,-1.4201e+05
-1.8578e+06,-1.4201e+05
-1.8579e+06,-1.4201e+05
-1.8579e+06,-1.4201e+05
-1.858e+06,-1.4201e+05
-1.858e+06,-1.42e+05
-1.8581e+06,-1.42e+05
-1.8581e+06,-1.42e+05
-1.8582e+06,-1.42e+05
-1.8582e+06,-1.42e+05
-1.8582e+06,-1.4199e+05
-1.8583e+06,-1.4199e+05
-1.8583e+06,-1.4199e+05
-1.8584e+06,-1.4199e+05
-1.8584e+06,-1.4199e+05
-1.8585e+06,-1.4198e+05
-1.8585e+06,-1.4198e+05
-1.8586e+06,-1.4198e+05
-1.8586e+06,-1.4198e+05
-1.8587e+06,-1.4197e+05
-1.8587e+06,-1.4197e+05
-1.8587e+06,-1.4197e+05
-1.8588e+06,-1.4197e+05
-1.8588e+06,-1.4196e+05
-1.8589e+06,-1.4196e+05
-1.8589e+06,-1.4196e+05
-1.859e+06,-1.4195e+05
-1.859e+06,-1.4195e+05
-1.8591e+06,-1.4195e+05
-1.8591e+06,-1.4195e+05
-1.8591e+06,-1.4194e+05
-1.8592e+06,-1.4194e+05
-1.8592e+06,-1.4194e+05
-1.8593e+06,-1.4193e+05
-1.8593e+06,-1.4193e+05
-1.8594e+06,-1.4193e+05
-1.8594e+06,-1.4192e+05
-1.8595e+06,-1.4192e+05
-1.8595e+06,-1.4192e+05
-1.8596e+06,-1.4191e+05
-1.8596e+06,-1.4191e+05
-1.8596e+06,-1.4191e+05
-1.8597e+06,-1.419e+05
-1.8597e+06,-1.419e+05
-1.8598e+06,-1.419e+05
-1.8598e+06,-1.4189e+05
-1.8599e+06,-1.4189e+05
-1.8599e+06,-1.4189e+05
-1.86e+06,-1.4188e+05
-1.86e+06,-1.4188e+05
-1.86e+06,-1.4188e+05
-1.8601e+06,-1.4187e+05
-1.8601e+06,-1.4187e+05
-1.8602e+06,-1.4187e+05
-1.8602e+06,-1.4186e+05
-1.8603e+06,-1.4186e+05
-1.8603e+06,-1.4186e+05
-1.8604e+06,-1.4185e+05
-1.8604e+06,-1.4185e+05
-1.8605e+06,-1.4184e+05
-1.8605e+06,-1.4184e+05
-1.8605e+06,-1.4184e+05
-1.8606e+06,-1.4183e+05
-1.8606e+06,-1.4183e+05
-1.8607e+06,-1.4182e+05
-1.8607e+06,-1.4182e+05
-1.8608e+06,-1.4181e+05
-1.8608e+06,-1.4181e+05
-1.8609e+06,-1.4181e+05
-1.8609e+06,-1.418e+05
-1.8609e+06,-1.418e+05
-1.861e+06,-1.4179e+05
-1.861e+06,-1.4179e+05
-1.8611e+06,-1.4178e+05
-1.8611e+06,-1.4178e+05
-1.8612e+06,-1.4177e+05
-1.8612e+06,-1.4176e+05
-1.8613e+06,-1.4176e+05
-1.8613e+06,-1.4175e+05
-1.8614e+06,-1.4175e+05
-1.8614e+06,-1.4174e+05
-1.8614e+06,-1.4173e+05
-1.8615e+06,-1.4173e+05
-1.8615e+06,-1.4172e+05
-1.8616e+06,-1.4171e+05
-1.8616e+06,-1.4171e+05
-1.8617e+06,-1.417e+05
-1.8617e+06,-1.4169e+05
-1.8618e+06,-1.4169e+05
-1.8618e+06,-1.4168e+05
-1.8618e+06,-1.4167e+05
-1.8619e+06,-1.4166e+05
-1.8619e+06,-1.4166e+05
-1.862e+06,-1.4165e+05
-1.862e+06,-1.4164e+05
-1.8621e+06,-1.4163e+05
-1.8621e+06,-1.4162e+05
-1.8622e+06,-1.4162e+05
-1.8622e+06,-1.4161e+05
-1.8623e+06,-1.416e+05
-1.8623e+06,-1.4159e+05
-1.8623e+06,-1.4158e+05
-1.8624e+06,-1.4157e+05
-1.8624e+06,-1.4156e+05
-1.8625e+06,-1.4155e+05
-1.8625e+06,-1.4155e+05
-1.8626e+06,-1.4154e+05
-1.8626e+06,-1.4153e+05
-1.8627e+06,-1.4152e+05
-1.8627e+06,-1.4151e+05
-1.8627e+06,-1.415e+05
-1.8628e+06,-1.4149e+05
-1.8628e+06,-1.4148e+05
-1.8629e+06,-1.4147e+05
-1.8629e+06,-1.4146e+05
-1.863e+06,-1.4145e+05
-1.863e+06,-1.4144e+05
-1.8631e+06,-1.4143e+05
-1.8631e+06,-1.4142e+05
-1.8632e+06,-1.4141e+05
-1.8632e+06,-1.414e+05
-1.8632e+06,-1.4139e+05
-1.8633e+06,-1.4138e+05
-1.8633e+06,-1.4137e+05
-1.8634e+06,-1.4136e+05
-1.8634e+06,-1.4135e+05
-1.8635e+06,-1.4134e+05
-1.8635e+06,-1.4134e+05
-1.8636e+06,-1.4133e+05
-1.8636e+06,-1.4132e+05
-1.8636e+06,-1.413e+05
-1.8637e+06,-1.4129e+05
-1.8637e+06,-1.4128e+05
-1.8638e+06,-1.4127e+05
-1.8638e+06,-1.4126e+05
-1.8639e+06,-1.4125e+05
-1.8639e+06,-1.4124e+05
-1.864e+06,-1.4123e+05
-1.864e+06,-1.4122e+05
-1.8641e+06,-1.4121e+05
-1.8641e+06,-1.412e+05
-1.8641e+06,-1.4119e+05
-1.8642e+06,-1.4118e+05
-1.8642e+06,-1.4117e+05
-1.8643e+06,-1.4116e+05
-1.8643e+06,-1.4115e+05
-1.8644e+06,-1.4114e+05
-1.8644e+06,-1.4113e+05
-1.8645e+06,-1.4111e+05
-1.8645e+06,-1.411e+05
-1.8645e+06,-1.4109e+05
-1.8646e+06,-1.4108e+05
-1.8646e+06,-1.4107e+05
-1.8647e+06,-1.4106e+05
-1.8647e+06,-1.4104e+05
-1.8648e+06,-1.4103e+05
-1.8648e+06,-1.4102e+05
-1.8649e+06,-1.4101e+05
-1.8649e+06,-1.41e+05
-1.865e+06,-1.4098e+05
-1.865e+06,-1.4097e+05
-1.865e+06,-1.4096e+05
-1.8651e+06,-1.4094e+05
-1.8651e+06,-1.4093e+05
-1.8652e+06,-1.4092e+05
-1.8652e+06,-1.409e+05
-1.8653e+06,-1.4089e+05
-1.8653e+06,-1.4088e+05
-1.8654e+06,-1.4086e+05
-1.8654e+06,-1.4085e+05
-1.8654e+06,-1.4083e+05
-1.8655e+06,-1.4082e+05
-1.8655e+06,-1.4081e+05
-1.8656e+06,-1.4079e+05
-1.8656e+06,-1.4078e+05
-1.8657e+06,-1.4076e+05
-1.8657e+06,-1.4075e+05
-1.8658e+06,-1.4073e+05
-1.8658e+06,-1.4072e+05
-1.8659e+06,-1.407e+05
-1.8659e+06,-1.4069e+05
-1.8659e+06,-1.4067e+05
-1.866e+06,-1.4066e+05
-1.866e+06,-1.4064e+05
-1.8661e+06,-1.4062e+05
-1.8661e+06,-1.4061e+05
-1.8662e+06,-1.4059e+05
-1.8662e+06,-1.4058e+05
-1.8663e+06,-1.4056e+05
-1.8663e+06,-1.4054e+05
-1.8663e+06,-1.4053e+05
-1.8664e+06,-1.4051e+05
-1.8664e+06,-1.4049e+05
-1.8665e+06,-1.4048e+05
-1.8665e+06,-1.4046e+05
-1.8666e+06,-1.4044e+05
-1.8666e+06,-1.4042e+05
-1.8667e+06,-1.4041e+05
-1.8667e+06,-1.4039e+05
-1.8668e+06,-1.4037e+05
-1.8668e+06,-1.4035e+05
-1.8668e+06,-1.4034e+05
-1.8669e+06,-1.4032e+05
-1.8669e+06,-1.403e+05
-1.867e+06,-1.4028e+05
-1.867e+06,-1.4026e+05
-1.8671e+06,-1.4025e+05
-1.8671e+06,-1.4023e+05
-1.8672e+06,-1.4021e+05
-1.8672e+06,-1.4019e+05
-1.8672e+06,-1.4017e+05
-1.8673e+06,-1.4015e+05
-1.8673e+06,-1.4013e+05
-1.8674e+06,-1.4011e+05
-1.8674e+06,-1.401e+05
-1.8675e+06,-1.4008e+05
-1.8675e+06,-1.4006e+05
-1.8676e+06,-1.4004e+05
-1.8676e+06,-1.4002e+05
-1.8677e+06,-1.4e+05
-1.8677e+06,-1.3998e+05
-1.8677e+06,-1.3996e+05
-1.8678e+06,-1.3994e+05
-1.8678e+06,-1.3992e+05
-1.8679e+06,-1.399e+05
-1.8679e+06,-1.3987e+05
-1.868e+06,-1.3985e+05
-1.868e+06,-1.3983e+05
-1.8681e+06,-1.3981e+05
-1.8681e+06,-1.3979e+05
-1.8681e+06,-1.3977e+05
-1.8682e+06,-1.3975e+05
-1.8682e+06,-1.3973e+05
-1.8683e+06,-1.397e+05
-1.8683e+06,-1.3968e+05
-1.8684e+06,-1.3966e+05
-1.8684e+06,-1.3964e+05
-1.8685e+06,-1.3961e+05
-1.8685e+06,-1.3959e+05
-1.8686e+06,-1.3957e+05
-1.8686e+06,-1.3955e+05
-1.8686e+06,-1.3952e+05
-1.8687e+06,-1.395e+05
-1.8687e+06,-1.3947e+05
-1.8688e+06,-1.3945e+05
-1.8688e+06,-1.3943e+05
-1.8689e+06,-1.394e+05
-1.8689e+06,-1.3938e+05
-1.869e+06,-1.3935e+05
-1.869e+06,-1.3933e+05
-1.869e+06,-1.393e+05
-1.8691e+06,-1.3927e+05
-1.8691e+06,-1.3925e+05
-1.8692e+06,-1.3922e+05
-1.8692e+06,-1.3919e+05
-1.8693e+06,-1.3917e+05
-1.8693e+06,-1.3914e+05
-1.8694e+06,-1.3911e+05
-1.8694e+06,-1.3908e+05
-1.8695e+06,-1.3905e+05
-1.8695e+06,-1.3903e+05
-1.8695e+06,-1.39e+05
-1.8696e+06,-1.3897e+05
-1.8696e+06,-1.3894e+05
-1.8697e+06,-1.3891e+05
-1.8697e+06,-1.3888e+05
-1.8698e+06,-1.3885e+05
-1.8698e+06,-1.3882e+05
-1.8699e+06,-1.3879e+05
-1.8699e+06,-1.3875e+05
-1.8699e+06,-1.3872e+05
-1.87e+06,-1.3869e+05
-1.87e+06,-1.3866e+05
-1.8701e+06,-1.3862e+05
-1.8701e+06,-1.3859e+05
-1.8702e+06,-1.3856e+05
-1.8702e+06,-1.3852e+05
-1.8703e+06,-1.3849e+05
-1.8703e+06,-1.3845e+05
-1.8704e+06,-1.3842e+05
-1.8704e+06,-1.3838e+05
-1.8704e+06,-1.3835e+05
-1.8705e+06,-1.3831e+05
-1.8705e+06,-1.3827e+05
-1.8706e+06,-1.3824e+05
-1.8706e+06,-1.382e+05
-1.8707e+06,-1.3816e+05
-1.8707e+06,-1.3812e+05
-1.8708e+06,-1.3808e+05
-1.8708e+06,-1.3804e+05
-1.8708e+06,-1.38e+05
-1.8709e+06,-1.3796e+05
-1.8709e+06,-1.3792e+05
-1.871e+06,-1.3788e+05
-1.871e+06,-1.3783e+05
-1.8711e+06,-1.3779e+05
-1.8711e+06,-1.3775e+05
-1.8712e+06,-1.377e+05
-1.8712e+06,-1.3766e+05
-1.8712e+06,-1.3761e+05
-1.8713e+06,-1.3757e+05
-1.8713e+06,-1.3752e+05
-1.8714e+06,-1.3748e+05
-1.8714e+06,-1.3743e+05
-1.8715e+06,-1.3739e+05
-1.8715e+06,-1.3734e+05
-1.8715e+06,-1.373e+05
-1.8716e+06,-1.3725e+05
-1.8716e+06,-1.3721e+05
-1.8716e+06,-1.3716e+05
-1.8717e+06,-1.3712e+05
-1.8717e+06,-1.3707e+05
-1.8718e+06,-1.3703e+05
-1.8718e+06,-1.3698e+05
-1.8718e+06,-1.3694e+05
-1.8719e+06,-1.3689e+05
-1.8719e+06,-1.3685e+05
-1.8719e+06,-1.368e+05
-1.872e+06,-1.3676e+05
-1.872e+06,-1.3671e+05
-1.872e+06,-1.3667e+05
-1.8721e+06,-1.3662e+05
-1.8721e+06,-1.3658e+05
-1.8721e+06,-1.3653e+05
-1.8722e+06,-1.3649e+05
-1.8722e+06,-1.3644e+05
-1.8722e+06,-1.364e+05
-1.8723e+06,-1.3635e+05
-1.8723e+06,-1.3631e+05
-1.8723e+06,-1.3626e+05
-1.8724e+06,-1.3622e+05
-1.8724e+06,-1.3617e+05
-1.8724e+06,-1.3613e+05
-1.8725e+06,-1.3608e+05
-1.8725e+06,-1.3604e+05
-1.8725e+06,-1.3599e+05
-1.8726e+06,-1.3595e+05
-1.8726e+06,-1.359e+05
-1.8726e+06,-1.3586e+05
-1.8727e+06,-1.3581e+05
-1.8727e+06,-1.3577e+05
-1.8727e+06,-1.3572e+05
-1.8728e+06,-1.3568e+05
-1.8728e+06,-1.3563e+05
-1.8728e+06,-1.3559e+05
-1.8729e+06,-1.3554e+05
-1.8729e+06,-1.355e+05
-1.8729e+06,-1.3545e+05
-1.8729e+06,-1.3541e+05
-1.873e+06,-1.3536e+05
-1.873e+06,-1.3532e+05
-1.873e+06,-1.3527e+05
-1.8731e+06,-1.3523e+05
-1.8731e+06,-1.3518e+05
-1.8731e+06,-1.3514e+05
-1.8732e+06,-1.3509e+05
-1.8732e+06,-1.3505e+05
-1.8732e+06,-1.35e+05
-1.8732e+06,-1.3496e+05
-1.8733e+06,-1.3491e+05
-1.8733e+06,-1.3487e+05
-1.8733e+06,-1.3482e+05
-1.8734e+06,-1.3478e+05
-1.8734e+06,-1.3473e+05
-1.8734e+06,-1.3469e+05
-1.8734e+06,-1.3464e+05
-1.8735e+06,-1.346e+05
-1.8735e+06,-1.3455e+05
-1.8735e+06,-1.3451e+05
-1.8735e+06,-1.3446e+05
-1.8736e+06,-1.3442e+05
-1.8736e+06,-1.3437e+05
-1.8736e+06,-1.3433e+05
-1.8736e+06,-1.3428e+05
-1.8737e+06,-1.3424e+05
-1.8737e+06,-1.3419e+05
-1.8737e+06,-1.3415e+05
-1.8737e+06,-1.341e+05
-1.8738e+06,-1.3406e+05
-1.8738e+06,-1.3401e+05
-1.8738e+06,-1.3397e+05
-1.8738e+06,-1.3392e+05
-1.8739e+06,-1.3388e+05
-1.8739e+06,-1.3383e+05
-1.8739e+06,-1.3379e+05
-1.8739e+06,-1.3374e+05
-1.8739e+06,-1.337e+05
-1.874e+06,-1.3365e+05
-1.874e+06,-1.3361e+05
-1.874e+06,-1.3356e+05
-1.874e+06,-1.3352e+05
-1.874e+06,-1.3347e+05
-1.8741e+06,-1.3343e+05
-1.8741e+06,-1.3338e+05
-1.8741e+06,-1.3334e+05
-1.8741e+06,-1.3329e+05
-1.8741e+06,-1.3325e+05
-1.8742e+06,-1.332e+05
-1.8742e+06,-1.3316e+05
-1.8742e+06,-1.3311e+05
-1.8742e+06,-1.3307e+05
-1.8742e+06,-1.3302e+05
-1.8743e+06,-1.3298e+05
-1.8743e+06,-1.3293e+05
-1.8743e+06,-1.3289e+05
-1.8743e+06,-1.3284e+05
-1.8743e+06,-1.328e+05
-1.8744e+06,-1.3275e+05
-1.8744e+06,-1.3271e+05
-1.8744e+06,-1.3266e+05
-1.8744e+06,-1.3262e+05
-1.8744e+06,-1.3257e+05
-1.8744e+06,-1.3253e+05
-1.8745e+06,-1.3248e+05
-1.8745e+06,-1.3244e+05
-1.8745e+06,-1.3239e+05
-1.8745e+06,-1.3235e+05
-1.8745e+06,-1.323e+05
-1.8746e+06,-1.3226e+05
-1.8746e+06,-1.3221e+05
-1.8746e+06,-1.3217e+05
-1.8746e+06,-1.3212e+05
-1.8746e+06,-1.3208e+05
-1.8746e+06,-1.3203e+05
-1.8747e+06,-1.3199e+05
-1.8747e+06,-1.3194e+05
-1.8747e+06,-1.319e+05
-1.8747e+06,-1.3185e+05
-1.8748e+06,-1.3181e+05
-1.8748e+06,-1.3176e+05
-1.8748e+06,-1.3172e+05
-1.8748e+06,-1.3167e+05
-1.8748e+06,-1.3163e+05
-1.8749e+06,-1.3158e+05
-1.8749e+06,-1.3154e+05
-1.8749e+06,-1.3149e+05
-1.8749e+06,-1.3145e+05
-1.875e+06,-1.314e+05
-1.875e+06,-1.3136e+05
-1.875e+06,-1.3131e+05
-1.875e+06,-1.3127e+05
-1.8751e+06,-1.3122e+05
-1.8751e+06,-1.3118e+05
-1.8751e+06,-1.3113e+05
-1.8752e+06,-1.3109e+05
-1.8752e+06,-1.3104e+05
-1.8752e+06,-1.31e+05
-1.8753e+06,-1.3095e+05
-1.8753e+06,-1.3091e+05
-1.8754e+06,-1.3086e+05
-1.8754e+06,-1.3082e+05
-1.8755e+06,-1.3077e+05
-1.8755e+06,-1.3073e+05
-1.8755e+06,-1.3068e+05
-1.8756e+06,-1.3064e+05
-1.8756e+06,-1.306e+05
-1.8757e+06,-1.3055e+05
-1.8757e+06,-1.3051e+05
-1.8758e+06,-1.3046e+05
-1.8758e+06,-1.3042e+05
-1.8759e+06,-1.3037e+05
-1.8759e+06,-1.3033e+05
-1.8759e+06,-1.3028e+05
-1.876e+06,-1.3024e+05
-1.876e+06,-1.3019e+05
-1.8761e+06,-1.3015e+05
-1.8761e+06,-1.301e+05
-1.8761e+06,-1.3006e+05
-1.8761e+06,-1.3001e+05
-1.8762e+06,-1.2997e+05
-1.8762e+06,-1.2992e+05
-1.8762e+06,-1.2988e+05
-1.8762e+06,-1.2983e+05
-1.8762e+06,-1.2979e+05
-1.8762e+06,-1.2974e+05
-1.8763e+06,-1.297e+05
-1.8763e+06,-1.2965e+05
-1.8763e+06,-1.2961e+05
-1.8763e+06,-1.2956e+05
-1.8763e+06,-1.2952e+05
-1.8763e+06,-1.2947e+05
-1.8763e+06,-1.2943e+05
-1.8763e+06,-1.2938e+05
-1.8763e+06,-1.2934e+05
-1.8763e+06,-1.2929e+05
-1.8763e+06,-1.2925e+05
-1.8763e+06,-1.292e+05
-1.8763e+06,-1.2916e+05
-1.8763e+06,-1.2911e+05
-1.8763e+06,-1.2907e+05
-1.8764e+06,-1.2902e+05
-1.8764e+06,-1.2898e+05
-1.8764e+06,-1.2893e+05
-1.8764e+06,-1.2889e+05
-1.8764e+06,-1.2884e+05
-1.8764e+06,-1.288e+05
-1.8764e+06,-1.2875e+05
-1.8764e+06,-1.2871e+05
-1.8764e+06,-1.2866e+05
-1.8764e+06,-1.2862e+05
-1.8764e+06,-1.2857e+05
-1.8764e+06,-1.2853e+05
-1.8764e+06,-1.2848e+05
-1.8765e+06,-1.2844e+05
-1.8765e+06,-1.2839e+05
-1.8765e+06,-1.2835e+05
-1.8765e+06,-1.283e+05
-1.8765e+06,-1.2826e+05
-1.8766e+06,-1.2821e+05
-1.8766e+06,-1.2817e+05
-1.8766e+06,-1.2812e+05
-1.8766e+06,-1.2808e+05
-1.8767e+06,-1.2803e+05
-1.8767e+06,-1.2799e+05
-1.8767e+06,-1.2794e+05
-1.8768e+06,-1.279e+05
-1.8768e+06,-1.2785e+05
-1.8768e+06,-1.2781e+05
-1.8769e+06,-1.2776e+05
-1.8769e+06,-1.2772e+05
-1.8769e+06,-1.2767e+05
-1.877e+06,-1.2763e+05
-1.877e+06,-1.2758e+05
-1.877e+06,-1.2754e+05
-1.8771e+06,-1.2749e+05
-1.8771e+06,-1.2745e+05
-1.8772e+06,-1.2741e+05
-1.8772e+06,-1.2737e+05
-1.8773e+06,-1.2734e+05
-1.8773e+06,-1.2732e+05
-1.8773e+06,-1.273e+05
-1.8774e+06,-1.2728e+05
-1.8774e+06,-1.2726e+05
-1.8775e+06,-1.2724e+05
-1.8775e+06,-1.2723e+05
-1.8776e+06,-1.2722e+05
-1.8776e+06,-1.2721e+05
-1.8777e+06,-1.2721e+05
-1.8777e+06,-1.2721e+05
-1.8778e+06,-1.2722e+05
-1.8778e+06,-1.2722e+05
-1.8778e+06,-1.2723e+05
-1.8779e+06,-1.2724e+05
-1.8779e+06,-1.2725e+05
-1.878e+06,-1.2726e+05
-1.878e+06,-1.2727e+05
-1.8781e+06,-1.2729e+05
-1.8781e+06,-1.273e+05
-1.8782e+06,-1.2732e+05
-1.8782e+06,-1.2734e+05
-1.8782e+06,-1.2736e+05
-1.8783e+06,-1.2738e+05
-1.8783e+06,-1.274e+05
-1.8784e+06,-1.2743e+05
-1.8784e+06,-1.2745e+05
-1.8785e+06,-1.2747e+05
-1.8785e+06,-1.275e+05
-1.8786e+06,-1.2752e+05
-1.8786e+06,-1.2755e+05
-1.8787e+06,-1.2757e+05
-1.8787e+06,-1.276e+05
-1.8787e+06,-1.2762e+05
-1.8788e+06,-1.2765e+05
-1.8788e+06,-1.2767e+05
-1.8789e+06,-1.277e+05
-1.8789e+06,-1.2773e+05
-1.879e+06,-1.2776e+05
-1.879e+06,-1.2778e+05
-1.8791e+06,-1.2781e+05
-1.8791e+06,-1.2784e+05
-1.8791e+06,-1.2786e+05
-1.8792e+06,-1.2789e+05
-1.8792e+06,-1.2792e+05
-1.8793e+06,-1.2794e+05
-1.8793e+06,-1.2797e+05
-1.8794e+06,-1.28e+05
-1.8794e+06,-1.2802e+05
-1.8795e+06,-1.2805e+05
-1.8795e+06,-1.2807e+05
-1.8796e+06,-1.281e+05
-1.8796e+06,-1.2813e+05
-1.8796e+06,-1.2815e+05
-1.8797e+06,-1.2818e+05
-1.8797e+06,-1.282e+05
-1.8798e+06,-1.2823e+05
-1.8798e+06,-1.2826e+05
-1.8799e+06,-1.2828e+05
-1.8799e+06,-1.283e+05
-1.88e+06,-1.2833e+05
-1.88e+06,-1.2835e+05
-1.88e+06,-1.2838e+05
-1.8801e+06,-1.284e+05
-1.8801e+06,-1.2842e+05
-1.8802e+06,-1.2844e+05
-1.8802e+06,-1.2847e+05
-1.8803e+06,-1.2849e+05
-1.8803e+06,-1.2851e+05
-1.8804e+06,-1.2853e+05
-1.8804e+06,-1.2855e+05
-1.8805e+06,-1.2857e+05
-1.8805e+06,-1.2859e+05
-1.8805e+06,-1.2861e+05
-1.8806e+06,-1.2863e+05
-1.8806e+06,-1.2865e+05
-1.8807e+06,-1.2867e+05
-1.8807e+06,-1.2869e+05
-1.8808e+06,-1.2871e+05
-1.8808e+06,-1.2872e+05
-1.8809e+06,-1.2874e+05
-1.8809e+06,-1.2876e+05
-1.8809e+06,-1.2877e+05
-1.881e+06,-1.2879e+05
-1.881e+06,-1.2881e+05
-1.8811e+06,-1.2882e+05
-1.8811e+06,-1.2884e+05
-1.8812e+06,-1.2885e+05
-1.8812e+06,-1.2887e+05
-1.8813e+06,-1.2888e+05
-1.8813e+06,-1.289e+05
-1.8814e+06,-1.2891e+05
-1.8814e+06,-1.2893e+05
-1.8814e+06,-1.2894e+05
-1.8815e+06,-1.2895e+05
-1.8815e+06,-1.2897e+05
-1.8816e+06,-1.2898e+05
-1.8816e+06,-1.2899e+05
-1.8817e+06,-1.2901e+05
-1.8817e+06,-1.2902e+05
-1.8818e+06,-1.2903e+05
-1.8818e+06,-1.2905e+05
-1.8818e+06,-1.2906e+05
-1.8819e+06,-1.2907e+05
-1.8819e+06,-1.2909e+05
-1.882e+06,-1.291e+05
-1.882e+06,-1.2911e+05
-1.8821e+06,-1.2912e+05
-1.8821e+06,-1.2914e+05
-1.8822e+06,-1.2915e+05
-1.8822e+06,-1.2916e+05
-1.8823e+06,-1.2918e+05
-1.8823e+06,-1.2919e+05
-1.8823e+06,-1.292e+05
-1.8824e+06,-1.2921e+05
-1.8824e+06,-1.2922e+05
-1.8825e+06,-1.2924e+05
-1.8825e+06,-1.2925e+05
-1.8826e+06,-1.2926e+05
-1.8826e+06,-1.2927e+05
-1.8827e+06,-1.2928e+05
-1.8827e+06,-1.293e+05
-1.8827e+06,-1.2931e+05
-1.8828e+06,-1.2932e+05
-1.8828e+06,-1.2933e+05
-1.8829e+06,-1.2934e+05
-1.8829e+06,-1.2936e+05
-1.883e+06,-1.2937e+05
-1.883e+06,-1.2938e+05
-1.8831e+06,-1.2939e+05
-1.8831e+06,-1.294e+05
-1.8832e+06,-1.2941e+05
-1.8832e+06,-1.2942e+05
-1.8832e+06,-1.2944e+05
-1.8833e+06,-1.2945e+05
-1.8833e+06,-1.2946e+05
-1.8834e+06,-1.2947e+05
-1.8834e+06,-1.2948e+05
-1.8835e+06,-1.2949e+05
-1.8835e+06,-1.295e+05
-1.8836e+06,-1.2951e+05
-1.8836e+06,-1.2953e+05
-1.8836e+06,-1.2954e+05
-1.8837e+06,-1.2955e+05
-1.8837e+06,-1.2956e+05
-1.8838e+06,-1.2957e+05
-1.8838e+06,-1.2958e+05
-1.8839e+06,-1.2959e+05
-1.8839e+06,-1.296e+05
-1.884e+06,-1.2961e+05
-1.884e+06,-1.2962e+05
-1.8841e+06,-1.2963e+05
-1.8841e+06,-1.2964e+05
-1.8841e+06,-1.2966e+05
-1.8842e+06,-1.2967e+05
-1.8842e+06,-1.2968e+05
-1.8843e+06,-1.2969e+05
-1.8843e+06,-1.297e+05
-1.8844e+06,-1.2971e+05
-1.8844e+06,-1.2972e+05
-1.8845e+06,-1.2973e+05
-1.8845e+06,-1.2974e+05
-1.8845e+06,-1.2975e+05
-1.8846e+06,-1.2976e+05
-1.8846e+06,-1.2977e+05
-1.8847e+06,-1.2978e+05
-1.8847e+06,-1.2979e+05
-1.8848e+06,-1.298e+05
-1.8848e+06,-1.2981e+05
-1.8849e+06,-1.2982e+05
-1.8849e+06,-1.2983e+05
-1.885e+06,-1.2984e+05
-1.885e+06,-1.2986e+05
-1.885e+06,-1.2987e+05
-1.8851e+06,-1.2988e+05
-1.8851e+06,-1.2989e+05
-1.8852e+06,-1.299e+05
-1.8852e+06,-1.2991e+05
-1.8853e+06,-1.2992e+05
-1.8853e+06,-1.2993e+05
-1.8854e+06,-1.2994e+05
-1.8854e+06,-1.2995e+05
-1.8854e+06,-1.2996e+05
-1.8855e+06,-1.2997e+05
-1.8855e+06,-1.2998e+05
-1.8856e+06,-1.2999e+05
-1.8856e+06,-1.3e+05
-1.8857e+06,-1.3001e+05
-1.8857e+06,-1.3002e+05
-1.8858e+06,-1.3003e+05
-1.8858e+06,-1.3003e+05
-1.8859e+06,-1.3004e+05
-1.8859e+06,-1.3005e+05
-1.8859e+06,-1.3006e+05
-1.886e+06,-1.3007e+05
-1.886e+06,-1.3008e+05
-1.8861e+06,-1.3009e+05
-1.8861e+06,-1.301e+05
-1.8862e+06,-1.3011e+05
-1.8862e+06,-1.3012e+05
-1.8863e+06,-1.3013e+05
-1.8863e+06,-1.3014e+05
-1.8863e+06,-1.3015e+05
-1.8864e+06,-1.3016e+05
-1.8864e+06,-1.3017e+05
-1.8865e+06,-1.3018e+05
-1.8865e+06,-1.3019e+05
-1.8866e+06,-1.302e+05
-1.8866e+06,-1.3021e+05
-1.8867e+06,-1.3022e+05
-1.8867e+06,-1.3023e+05
-1.8868e+06,-1.3024e+05
-1.8868e+06,-1.3025e+05
-1.8868e+06,-1.3026e+05
-1.8869e+06,-1.3027e+05
-1.8869e+06,-1.3028e+05
-1.887e+06,-1.3029e+05
-1.887e+06,-1.303e+05
-1.8871e+06,-1.303e+05
-1.8871e+06,-1.3031e+05
-1.8872e+06,-1.3032e+05
-1.8872e+06,-1.3033e+05
-1.8872e+06,-1.3034e+05
-1.8873e+06,-1.3035e+05
-1.8873e+06,-1.3036e+05
-1.8874e+06,-1.3037e+05
-1.8874e+06,-1.3038e+05
-1.8875e+06,-1.3039e+05
-1.8875e+06,-1.304e+05
-1.8876e+06,-1.3041e+05
-1.8876e+06,-1.3042e+05
-1.8877e+06,-1.3043e+05
-1.8877e+06,-1.3043e+05
-1.8877e+06,-1.3044e+05
-1.8878e+06,-1.3045e+05
-1.8878e+06,-1.3046e+05
-1.8879e+06,-1.3047e+05
-1.8879e+06,-1.3048e+05
-1.888e+06,-1.3049e+05
-1.888e+06,-1.305e+05
-1.8881e+06,-1.3051e+05
-1.8881e+06,-1.3051e+05
-1.8881e+06,-1.3052e+05
-1.8882e+06,-1.3053e+05
-1.8882e+06,-1.3054e+05
-1.8883e+06,-1.3055e+05
-1.8883e+06,-1.3056e+05
-1.8884e+06,-1.3057e+05
-1.8884e+06,-1.3057e+05
-1.8885e+06,-1.3058e+05
-1.8885e+06,-1.3059e+05
-1.8886e+06,-1.306e+05
-1.8886e+06,-1.3061e+05
-1.8886e+06,-1.3062e+05
-1.8887e+06,-1.3063e+05
-1.8887e+06,-1.3063e+05
-1.8888e+06,-1.3064e+05
-1.8888e+06,-1.3065e+05
-1.8889e+06,-1.3066e+05
-1.8889e+06,-1.3067e+05
-1.889e+06,-1.3068e+05
-1.889e+06,-1.3069e+05
-1.889e+06,-1.3069e+05
-1.8891e+06,-1.307e+05
-1.8891e+06,-1.3071e+05
-1.8892e+06,-1.3072e+05
-1.8892e+06,-1.3073e+05
-1.8893e+06,-1.3074e+05
-1.8893e+06,-1.3075e+05
-1.8894e+06,-1.3075e+05
-1.8894e+06,-1.3076e+05
-1.8895e+06,-1.3077e+05
-1.8895e+06,-1.3078e+05
-1.8895e+06,-1.3079e+05
-1.8896e+06,-1.308e+05
-1.8896e+06,-1.3081e+05
-1.8897e+06,-1.3081e+05
-1.8897e+06,-1.3082e+05
-1.8898e+06,-1.3083e+05
-1.8898e+06,-1.3084e+05
-1.8899e+06,-1.3085e+05
-1.8899e+06,-1.3086e+05
-1.8899e+06,-1.3087e+05
-1.89e+06,-1.3088e+05
-1.89e+06,-1.3088e+05
-1.8901e+06,-1.3089e+05
-1.8901e+06,-1.309e+05
-1.8902e+06,-1.3091e+05
-1.8902e+06,-1.3092e+05
-1.8903e+06,-1.3093e+05
-1.8903e+06,-1.3093e+05
-1.8904e+06,-1.3094e+05
-1.8904e+06,-1.3095e+05
-1.8904e+06,-1.3096e+05
-1.8905e+06,-1.3097e+05
-1.8905e+06,-1.3098e+05
-1.8906e+06,-1.3098e+05
-1.8906e+06,-1.3099e+05
-1.8907e+06,-1.31e+05
-1.8907e+06,-1.3101e+05
-1.8908e+06,-1.3102e+05
-1.8908e+06,-1.3103e+05
-1.8908e+06,-1.3103e+05
-1.8909e+06,-1.3104e+05
-1.8909e+06,-1.3105e+05
-1.891e+06,-1.3106e+05
-1.891e+06,-1.3107e+05
-1.8911e+06,-1.3108e+05
-1.8911e+06,-1.3108e+05
-1.8912e+06,-1.3109e+05
-1.8912e+06,-1.311e+05
-1.8913e+06,-1.3111e+05
-1.8913e+06,-1.3112e+05
-1.8913e+06,-1.3113e+05
-1.8914e+06,-1.3114e+05
-1.8914e+06,-1.3114e+05
-1.8915e+06,-1.3115e+05
-1.8915e+06,-1.3116e+05
-1.8916e+06,-1.3117e+05
-1.8916e+06,-1.3118e+05
-1.8917e+06,-1.3119e+05
-1.8917e+06,-1.312e+05
-1.8917e+06,-1.312e+05
-1.8918e+06,-1.3121e+05
-1.8918e+06,-1.3122e+05
-1.8919e+06,-1.3123e+05
-1.8919e+06,-1.3124e+05
-1.892e+06,-1.3124e+05
-1.892e+06,-1.3125e+05
-1.8921e+06,-1.3126e+05
-1.8921e+06,-1.3127e+05
-1.8922e+06,-1.3128e+05
-1.8922e+06,-1.3128e+05
-1.8922e+06,-1.3129e+05
-1.8923e+06,-1.313e+05
-1.8923e+06,-1.3131e+05
-1.8924e+06,-1.3132e+05
-1.8924e+06,-1.3132e+05
-1.8925e+06,-1.3133e+05
-1.8925e+06,-1.3134e+05
-1.8926e+06,-1.3135e+05
-1.8926e+06,-1.3135e+05
-1.8926e+06,-1.3136e+05
-1.8927e+06,-1.3137e+05
-1.8927e+06,-1.3138e+05
-1.8928e+06,-1.3139e+05
-1.8928e+06,-1.3139e+05
-1.8929e+06,-1.314e+05
-1.8929e+06,-1.3141e+05
-1.893e+06,-1.3142e+05
-1.893e+06,-1.3143e+05
-1.8931e+06,-1.3143e+05
-1.8931e+06,-1.3144e+05
-1.8931e+06,-1.3145e+05
-1.8932e+06,-1.3146e+05
-1.8932e+06,-1.3146e+05
-1.8933e+06,-1.3147e+05
-1.8933e+06,-1.3148e+05
-1.8934e+06,-1.3149e+05
-1.8934e+06,-1.3149e+05
-1.8935e+06,-1.315e+05
-1.8935e+06,-1.3151e+05
-1.8935e+06,-1.3152e+05
-1.8936e+06,-1.3152e+05
-1.8936e+06,-1.3153e+05
-1.8937e+06,-1.3154e+05
-1.8937e+06,-1.3155e+05
-1.8938e+06,-1.3155e+05
-1.8938e+06,-1.3156e+05
-1.8939e+06,-1.3157e+05
-1.8939e+06,-1.3158e+05
-1.894e+06,-1.3158e+05
-1.894e+06,-1.3159e+05
-1.894e+06,-1.316e+05
-1.8941e+06,-1.3161e+05
-1.8941e+06,-1.3162e+05
-1.8942e+06,-1.3162e+05
-1.8942e+06,-1.3163e+05
-1.8943e+06,-1.3164e+05
-1.8943e+06,-1.3165e+05
-1.8944e+06,-1.3165e+05
-1.8944e+06,-1.3166e+05
-1.8944e+06,-1.3167e+05
-1.8945e+06,-1.3167e+05
-1.8945e+06,-1.3168e+05
-1.8946e+06,-1.3169e+05
-1.8946e+06,-1.317e+05
-1.8947e+06,-1.317e+05
-1.8947e+06,-1.3171e+05
-1.8948e+06,-1.3172e+05
-1.8948e+06,-1.3172e+05
-1.8949e+06,-1.3173e+05
-1.8949e+06,-1.3174e+05
-1.8949e+06,-1.3174e+05
-1.895e+06,-1.3175e+05
-1.895e+06,-1.3175e+05
-1.8951e+06,-1.3176e+05
-1.8951e+06,-1.3177e+05
-1.8952e+06,-1.3177e+05
-1.8952e+06,-1.3178e+05
-1.8953e+06,-1.3179e+05
-1.8953e+06,-1.3179e+05
-1.8953e+06,-1.318e+05
-1.8954e+06,-1.318e+05
-1.8954e+06,-1.3181e+05
-1.8955e+06,-1.3182e+05
-1.8955e+06,-1.3182e+05
-1.8956e+06,-1.3183e+05
-1.8956e+06,-1.3183e+05
-1.8957e+06,-1.3184e+05
-1.8957e+06,-1.3185e+05
-1.8958e+06,-1.3185e+05
-1.8958e+06,-1.3186e+05
-1.8958e+06,-1.3186e+05
-1.8959e+06,-1.3187e+05
-1.8959e+06,-1.3188e+05
-1.896e+06,-1.3188e+05
-1.896e+06,-1.3189e+05
-1.8961e+06,-1.3189e+05
-1.8961e+06,-1.319e+05
-1.8962e+06,-1.319e+05
-1.8962e+06,-1.3191e+05
-1.8962e+06,-1.3191e+05
-1.8963e+06,-1.3192e+05
-1.8963e+06,-1.3192e+05
-1.8964e+06,-1.3193e+05
-1.8964e+06,-1.3193e+05
-1.8965e+06,-1.3194e+05
-1.8965e+06,-1.3194e+05
-1.8966e+06,-1.3195e+05
-1.8966e+06,-1.3195e+05
-1.8967e+06,-1.3196e+05
-1.8967e+06,-1.3196e+05
-1.8967e+06,-1.3197e+05
-1.8968e+06,-1.3197e+05
-1.8968e+06,-1.3198e+05
-1.8969e+06,-1.3198e+05
-1.8969e+06,-1.3199e+05
-1.897e+06,-1.3199e+05
-1.897e+06,-1.32e+05
-1.8971e+06,-1.32e+05
-1.8971e+06,-1.32e+05
-1.8971e+06,-1.3201e+05
-1.8972e+06,-1.3201e+05
-1.8972e+06,-1.3202e+05
-1.8973e+06,-1.3202e+05
-1.8973e+06,-1.3202e+05
-1.8974e+06,-1.3203e+05
-1.8974e+06,-1.3203e+05
-1.8975e+06,-1.3204e+05
-1.8975e+06,-1.3204e+05
-1.8976e+06,-1.3204e+05
-1.8976e+06,-1.3205e+05
-1.8976e+06,-1.3205e+05
-1.8977e+06,-1.3205e+05
-1.8977e+06,-1.3206e+05
-1.8978e+06,-1.3206e+05
-1.8978e+06,-1.3206e+05
-1.8979e+06,-1.3207e+05
-1.8979e+06,-1.3207e+05
-1.898e+06,-1.3207e+05
-1.898e+06,-1.3208e+05
-1.898e+06,-1.3208e+05
-1.8981e+06,-1.3208e+05
-1.8981e+06,-1.3209e+05
-1.8982e+06,-1.3209e+05
-1.8982e+06,-1.3209e+05
-1.8983e+06,-1.321e+05
-1.8983e+06,-1.321e+05
-1.8984e+06,-1.321e+05
-1.8984e+06,-1.3211e+05
-1.8985e+06,-1.3211e+05
-1.8985e+06,-1.3211e+05
-1.8985e+06,-1.3211e+05
-1.8986e+06,-1.3212e+05
-1.8986e+06,-1.3212e+05
-1.8987e+06,-1.3212e+05
-1.8987e+06,-1.3213e+05
-1.8988e+06,-1.3213e+05
-1.8988e+06,-1.3213e+05
-1.8989e+06,-1.3213e+05
-1.8989e+06,-1.3214e+05
-1.8989e+06,-1.3214e+05
-1.899e+06,-1.3214e+05
-1.899e+06,-1.3215e+05
-1.8991e+06,-1.3215e+05
-1.8991e+06,-1.3215e+05
-1.8992e+06,-1.3215e+05
-1.8992e+06,-1.3216e+05
-1.8993e+06,-1.3216e+05
-1.8993e+06,-1.3216e+05
-1.8994e+06,-1.3216e+05
-1.8994e+06,-1.3217e+05
-1.8994e+06,-1.3217e+05
-1.8995e+06,-1.3217e+05
-1.8995e+06,-1.3217e+05
-1.8996e+06,-1.3218e+05
-1.8996e+06,-1.3218e+05
-1.8997e+06,-1.3218e+05
-1.8997e+06,-1.3218e+05
-1.8998e+06,-1.3219e+05
-1.8998e+06,-1.3219e+05
-1.8998e+06,-1.3219e+05
-1.8999e+06,-1.3219e+05
-1.8999e+06,-1.3219e+05
-1.9e+06,-1.322e+05
-1.9e+06,-1.322e+05
-1.9001e+06,-1.322e+05
-1.9001e+06,-1.322e+05
-1.9002e+06,-1.322e+05
-1.9002e+06,-1.3221e+05
-1.9003e+06,-1.3221e+05
-1.9003e+06,-1.3221e+05
-1.9003e+06,-1.3221e+05
-1.9004e+06,-1.3221e+05
-1.9004e+06,-1.3221e+05
-1.9005e+06,-1.3222e+05
-1.9005e+06,-1.3222e+05
-1.9006e+06,-1.3222e+05
-1.9006e+06,-1.3222e+05
-1.9007e+06,-1.3222e+05
-1.9007e+06,-1.3222e+05
-1.9007e+06,-1.3222e+05
-1.9008e+06,-1.3223e+05
-1.9008e+06,-1.3223e+05
-1.9009e+06,-1.3223e+05
-1.9009e+06,-1.3223e+05
-1.901e+06,-1.3223e+05
-1.901e+06,-1.3223e+05
-1.9011e+06,-1.3223e+05
-1.9011e+06,-1.3224e+05
-1.9012e+06,-1.3224e+05
-1.9012e+06,-1.3224e+05
-1.9012e+06,-1.3224e+05
-1.9013e+06,-1.3224e+05
-1.9013e+06,-1.3224e+05
-1.9014e+06,-1.3225e+05
-1.9014e+06,-1.3225e+05
-1.9015e+06,-1.3225e+05
-1.9015e+06,-1.3225e+05
-1.9016e+06,-1.3225e+05
-1.9016e+06,-1.3226e+05
-1.9016e+06,-1.3226e+05
-1.9017e+06,-1.3226e+05
-1.9017e+06,-1.3226e+05
-1.9018e+06,-1.3226e+05
-1.9018e+06,-1.3227e+05
-1.9019e+06,-1.3227e+05
-1.9019e+06,-1.3227e+05
-1.902e+06,-1.3227e+05
-1.902e+06,-1.3228e+05
-1.9021e+06,-1.3228e+05
-1.9021e+06,-1.3228e+05
-1.9021e+06,-1.3228e+05
-1.9022e+06,-1.3228e+05
-1.9022e+06,-1.3229e+05
-1.9023e+06,-1.3229e+05
-1.9023e+06,-1.3229e+05
-1.9024e+06,-1.3229e+05
-1.9024e+06,-1.323e+05
-1.9025e+06,-1.323e+05
-1.9025e+06,-1.323e+05
-1.9025e+06,-1.323e+05
-1.9026e+06,-1.323e+05
-1.9026e+06,-1.3231e+05
-1.9027e+06,-1.3231e+05
-1.9027e+06,-1.3231e+05
-1.9028e+06,-1.3231e+05
-1.9028e+06,-1.3231e+05
-1.9029e+06,-1.3232e+05
-1.9029e+06,-1.3232e+05
-1.903e+06,-1.3232e+05
-1.903e+06,-1.3232e+05
-1.903e+06,-1.3232e+05
-1.9031e+06,-1.3233e+05
-1.9031e+06,-1.3233e+05
-1.9032e+06,-1.3233e+05
-1.9032e+06,-1.3233e+05
-1.9033e+06,-1.3233e+05
-1.9033e+06,-1.3233e+05
-1.9034e+06,-1.3234e+05
-1.9034e+06,-1.3234e+05
-1.9034e+06,-1.3234e+05
-1.9035e+06,-1.3234e+05
-1.9035e+06,-1.3234e+05
-1.9036e+06,-1.3234e+05
-1.9036e+06,-1.3234e+05
-1.9037e+06,-1.3235e+05
-1.9037e+06,-1.3235e+05
-1.9038e+06,-1.3235e+05
-1.9038e+06,-1.3235e+05
-1.9039e+06,-1.3235e+05
-1.9039e+06,-1.3235e+05
-1.9039e+06,-1.3235e+05
-1.904e+06,-1.3235e+05
-1.904e+06,-1.3236e+05
-1.9041e+06,-1.3236e+05
-1.9041e+06,-1.3236e+05
-1.9042e+06,-1.3236e+05
-1.9042e+06,-1.3236e+05
-1.9043e+06,-1.3236e+05
-1.9043e+06,-1.3236e+05
-1.9043e+06,-1.3236e+05
-1.9044e+06,-1.3236e+05
-1.9044e+06,-1.3237e+05
-1.9045e+06,-1.3237e+05
-1.9045e+06,-1.3237e+05
-1.9046e+06,-1.3237e+05
-1.9046e+06,-1.3237e+05
-1.9047e+06,-1.3237e+05
-1.9047e+06,-1.3237e+05
-1.9048e+06,-1.3237e+05
-1.9048e+06,-1.3237e+05
-1.9048e+06,-1.3237e+05
-1.9049e+06,-1.3238e+05
-1.9049e+06,-1.3238e+05
-1.905e+06,-1.3238e+05
-1.905e+06,-1.3238e+05
-1.9051e+06,-1.3238e+05
-1.9051e+06,-1.3238e+05
-1.9052e+06,-1.3238e+05
-1.9052e+06,-1.3238e+05
-1.9052e+06,-1.3238e+05
-1.9053e+06,-1.3238e+05
-1.9053e+06,-1.3238e+05
-1.9054e+06,-1.3238e+05
-1.9054e+06,-1.3238e+05
-1.9055e+06,-1.3238e+05
-1.9055e+06,-1.3238e+05
-1.9056e+06,-1.3238e+05
-1.9056e+06,-1.3238e+05
-1.9057e+06,-1.3238e+05
-1.9057e+06,-1.3238e+05
-1.9057e+06,-1.3238e+05
-1.9058e+06,-1.3238e+05
-1.9058e+06,-1.3238e+05
-1.9059e+06,-1.3238e+05
-1.9059e+06,-1.3238e+05
-1.906e+06,-1.3238e+05
-1.906e+06,-1.3238e+05
-1.9061e+06,-1.3238e+05
-1.9061e+06,-1.3238e+05
-1.9061e+06,-1.3238e+05
-1.9062e+06,-1.3237e+05
-1.9062e+06,-1.3237e+05
-1.9063e+06,-1.3237e+05
-1.9063e+06,-1.3237e+05
-1.9064e+06,-1.3237e+05
-1.9064e+06,-1.3237e+05
-1.9065e+06,-1.3237e+05
-1.9065e+06,-1.3236e+05
-1.9066e+06,-1.3236e+05
-1.9066e+06,-1.3236e+05
-1.9066e+06,-1.3236e+05
-1.9067e+06,-1.3236e+05
-1.9067e+06,-1.3235e+05
-1.9068e+06,-1.3235e+05
-1.9068e+06,-1.3235e+05
-1.9069e+06,-1.3235e+05
-1.9069e+06,-1.3234e+05
-1.907e+06,-1.3234e+05
-1.907e+06,-1.3234e+05
-1.907e+06,-1.3233e+05
-1.9071e+06,-1.3233e+05
-1.9071e+06,-1.3233e+05
-1.9072e+06,-1.3232e+05
-1.9072e+06,-1.3232e+05
-1.9073e+06,-1.3232e+05
-1.9073e+06,-1.3231e+05
-1.9074e+06,-1.3231e+05
-1.9074e+06,-1.3231e+05
-1.9075e+06,-1.323e+05
-1.9075e+06,-1.323e+05
-1.9075e+06,-1.323e+05
-1.9076e+06,-1.3229e+05
-1.9076e+06,-1.3229e+05
-1.9077e+06,-1.3228e+05
-1.9077e+06,-1.3228e+05
-1.9078e+06,-1.3228e+05
-1.9078e+06,-1.3227e+05
-1.9079e+06,-1.3227e+05
-1.9079e+06,-1.3227e+05
-1.9079e+06,-1.3226e+05
-1.908e+06,-1.3226e+05
-1.908e+06,-1.3225e+05
-1.9081e+06,-1.3225e+05
-1.9081e+06,-1.3225e+05
