0,-798.17
835.57,-797.84
1675.7,-797.47
2506.1,-797.19
3361.4,-796.89
4294.2,-796.5
5306.7,-796.08
6336.6,-795.63
7425,-795.16
8530.6,-794.68
9626.6,-794.17
10755,-793.61
11891,-792.98
13013,-792.3
14105,-791.64
15224,-790.92
16363,-790.21
17481,-789.52
18589,-788.81
19722,-788.11
20847,-787.38
21979,-786.64
23106,-785.9
24242,-785.14
25360,-784.34
26476,-783.46
27618,-782.54
28762,-781.62
29902,-780.76
31043,-779.89
32178,-779
33303,-778.12
34421,-777.23
35538,-776.32
36654,-775.43
37752,-774.61
38839,-773.75
39917,-772.89
40999,-772.03
42086,-771.19
43164,-770.4
44238,-769.62
45310,-768.87
46384,-768.13
47451,-767.4
48517,-766.69
49587,-766.01
50648,-765.34
51698,-764.67
52750,-764.01
53800,-763.32
54853,-762.48
55905,-761.59
56956,-760.69
58009,-759.8
59062,-758.86
60113,-757.86
61167,-756.89
62218,-755.65
63261,-754.49
64300,-753.13
65338,-751.7
66380,-750.14
67424,-748.61
68460,-747.05
69496,-745.68
70535,-744.06
71572,-742.35
72603,-740.65
73639,-738.91
74681,-737.16
75725,-735.53
76769,-733.78
77819,-732.15
78867,-730.45
79903,-728.85
80946,-727.17
81988,-725.46
83016,-723.75
84029,-722.04
85057,-720.21
86096,-718.36
87127,-716.56
88154,-714.66
89195,-712.78
90253,-710.9
91319,-709.02
92385,-707.1
93449,-705.17
94519,-703.26
95588,-701.3
96652,-699.34
97731,-697.48
98822,-695.67
99900,-693.81
1.0097e+05,-691.91
1.0203e+05,-689.97
1.0307e+05,-688.02
1.0412e+05,-686.01
1.0516e+05,-683.97
1.0619e+05,-681.91
1.0723e+05,-679.82
1.0826e+05,-677.74
1.0929e+05,-675.59
1.1032e+05,-673.44
1.1135e+05,-671.32
1.1237e+05,-669.21
1.1339e+05,-667.11
1.1439e+05,-664.96
1.154e+05,-662.79
1.164e+05,-660.66
1.1739e+05,-658.56
1.1838e+05,-656.53
1.1937e+05,-654.54
1.2036e+05,-652.59
1.2134e+05,-650.61
1.2234e+05,-648.6
1.2334e+05,-646.55
1.2434e+05,-644.51
1.2533e+05,-642.47
1.2632e+05,-640.44
1.2731e+05,-638.45
1.283e+05,-636.48
1.2928e+05,-634.52
1.3026e+05,-632.57
1.3124e+05,-630.71
1.3222e+05,-628.9
1.332e+05,-627.14
1.3418e+05,-625.34
1.3516e+05,-623.58
1.3613e+05,-621.85
1.3711e+05,-620.17
1.3809e+05,-618.55
1.3907e+05,-616.93
1.4005e+05,-615.33
1.4103e+05,-613.68
1.4201e+05,-612.07
1.4298e+05,-610.46
1.4396e+05,-608.83
1.4493e+05,-607.17
1.459e+05,-605.45
1.4687e+05,-603.73
1.4784e+05,-602.03
1.4881e+05,-600.33
1.4979e+05,-598.66
1.5076e+05,-597
1.5174e+05,-595.32
1.527e+05,-593.62
1.5368e+05,-591.86
1.5466e+05,-590.09
1.5563e+05,-588.34
1.566e+05,-586.57
1.5757e+05,-584.82
1.5854e+05,-583.08
1.5951e+05,-581.33
1.6047e+05,-579.61
1.6145e+05,-577.91
1.6242e+05,-576.21
1.634e+05,-574.57
1.6437e+05,-572.94
1.6535e+05,-571.33
1.6632e+05,-569.69
1.673e+05,-568.03
1.6828e+05,-566.38
1.6926e+05,-564.74
1.7023e+05,-563.11
1.7121e+05,-561.47
1.7219e+05,-559.83
1.7316e+05,-558.18
1.7414e+05,-556.54
1.7512e+05,-554.9
1.761e+05,-553.26
1.7708e+05,-551.64
1.7806e+05,-550.06
1.7904e+05,-548.53
1.8002e+05,-546.98
1.81e+05,-545.4
1.8198e+05,-543.79
1.8296e+05,-542.26
1.8396e+05,-540.8
1.8495e+05,-539.34
1.8595e+05,-537.92
1.8695e+05,-536.52
1.8794e+05,-535.17
1.8893e+05,-533.88
1.8994e+05,-532.67
1.9094e+05,-531.53
1.9195e+05,-530.43
1.9295e+05,-529.36
1.9396e+05,-528.34
1.9497e+05,-527.34
1.9598e+05,-526.34
1.97e+05,-525.31
1.9802e+05,-524.25
1.9904e+05,-523.19
2.0005e+05,-522.09
2.0107e+05,-520.98
2.0211e+05,-519.89
2.0314e+05,-518.86
2.0417e+05,-517.85
2.052e+05,-516.86
2.0624e+05,-515.85
2.0728e+05,-514.81
2.0833e+05,-513.71
2.0937e+05,-512.51
2.1042e+05,-511.31
2.1147e+05,-510.11
2.1251e+05,-508.93
2.1357e+05,-507.79
2.1464e+05,-506.65
2.1571e+05,-505.46
2.1677e+05,-504.25
2.1784e+05,-503.07
2.189e+05,-501.87
2.1998e+05,-500.64
2.2106e+05,-499.48
2.2214e+05,-498.39
2.2322e+05,-497.37
2.2431e+05,-496.37
2.2539e+05,-495.37
2.2648e+05,-494.34
2.2757e+05,-493.24
2.2867e+05,-492.11
2.2977e+05,-490.96
2.3087e+05,-489.83
2.3198e+05,-488.68
2.3308e+05,-487.51
2.3419e+05,-486.34
2.3531e+05,-485.18
2.3642e+05,-484.02
2.3754e+05,-482.85
2.3865e+05,-481.64
2.3978e+05,-480.37
2.4091e+05,-479.13
2.4205e+05,-477.9
2.4319e+05,-476.69
2.4433e+05,-475.5
2.4547e+05,-474.34
2.4661e+05,-473.22
2.4774e+05,-472.15
2.4888e+05,-471.11
2.5001e+05,-470.09
2.5112e+05,-469.07
2.5224e+05,-468.07
2.5334e+05,-467.03
2.5445e+05,-465.99
2.5556e+05,-464.97
2.5666e+05,-463.95
2.5777e+05,-463
2.5886e+05,-462.03
2.5995e+05,-461.08
2.6104e+05,-460.13
2.6213e+05,-459.18
2.6321e+05,-458.24
2.6429e+05,-457.25
2.6536e+05,-456.3
2.6643e+05,-455.32
2.675e+05,-454.33
2.6857e+05,-453.32
2.6965e+05,-452.33
2.7071e+05,-451.34
2.7177e+05,-450.37
2.7284e+05,-449.45
2.7389e+05,-448.57
2.7494e+05,-447.71
2.7598e+05,-446.87
2.7701e+05,-446.01
2.7805e+05,-445.15
2.7909e+05,-444.25
2.8012e+05,-443.34
2.8113e+05,-442.37
2.8214e+05,-441.39
2.8317e+05,-440.38
2.842e+05,-439.33
2.8523e+05,-438.2
2.8624e+05,-437.09
2.8725e+05,-436.04
2.8826e+05,-435.01
2.8925e+05,-433.88
2.9024e+05,-432.72
2.9121e+05,-431.6
2.9219e+05,-430.48
2.9317e+05,-429.38
2.9414e+05,-428.24
2.9512e+05,-427.06
2.961e+05,-425.85
2.9707e+05,-424.64
2.9803e+05,-423.42
2.9899e+05,-422.22
2.9994e+05,-421.02
3.0089e+05,-419.82
3.0184e+05,-418.61
3.0278e+05,-417.39
3.0373e+05,-416.19
3.0467e+05,-415.02
3.0562e+05,-413.91
3.0655e+05,-412.86
3.0749e+05,-411.89
3.0841e+05,-410.98
3.0934e+05,-410.12
3.1026e+05,-409.32
3.1119e+05,-408.59
3.1211e+05,-407.89
3.1302e+05,-407.31
3.1393e+05,-406.87
3.1484e+05,-406.48
3.1575e+05,-406.06
3.1665e+05,-405.64
3.1756e+05,-405.2
3.1847e+05,-404.77
3.1937e+05,-404.39
3.2028e+05,-404
3.2118e+05,-403.6
3.2208e+05,-403.19
3.2297e+05,-402.77
3.2387e+05,-402.33
3.2476e+05,-401.87
3.2565e+05,-401.36
3.2654e+05,-400.88
3.2742e+05,-400.42
3.283e+05,-399.98
3.2918e+05,-399.61
3.3006e+05,-399.27
3.3093e+05,-398.94
3.3181e+05,-398.59
3.3269e+05,-398.23
3.3356e+05,-397.87
3.3443e+05,-397.48
3.353e+05,-397.06
3.3617e+05,-396.6
3.3703e+05,-396.14
3.3789e+05,-395.66
3.3875e+05,-395.2
3.3961e+05,-394.73
3.4047e+05,-394.23
3.4134e+05,-393.72
3.422e+05,-393.17
3.4306e+05,-392.61
3.4393e+05,-392.05
3.4479e+05,-391.44
3.4564e+05,-390.83
3.465e+05,-390.19
3.4736e+05,-389.54
3.4821e+05,-388.86
3.4907e+05,-388.18
3.4992e+05,-387.47
3.5077e+05,-386.76
3.5163e+05,-386.07
3.5248e+05,-385.4
3.5333e+05,-384.78
3.5419e+05,-384.18
3.5505e+05,-383.63
3.5591e+05,-383.12
3.5676e+05,-382.63
3.5761e+05,-382.2
3.5847e+05,-381.72
3.5932e+05,-381.27
3.6017e+05,-380.83
3.6102e+05,-380.43
3.6187e+05,-380.02
3.6273e+05,-379.62
3.6358e+05,-379.23
3.6442e+05,-378.86
3.6526e+05,-378.51
3.6611e+05,-378.18
3.6696e+05,-377.85
3.6781e+05,-377.56
3.6866e+05,-377.3
3.6951e+05,-377.08
3.7035e+05,-376.88
3.712e+05,-376.71
3.7205e+05,-376.56
3.7291e+05,-376.44
3.7375e+05,-376.28
3.746e+05,-376.11
3.7545e+05,-375.95
3.7629e+05,-375.79
3.7714e+05,-375.64
3.7798e+05,-375.53
3.7882e+05,-375.43
3.7966e+05,-375.29
3.805e+05,-375.14
3.8134e+05,-374.98
3.8218e+05,-374.8
3.8302e+05,-374.63
3.8386e+05,-374.43
3.847e+05,-374.2
3.8554e+05,-373.95
3.8637e+05,-373.66
3.8721e+05,-373.34
3.8805e+05,-373.01
3.8889e+05,-372.68
3.8973e+05,-372.38
3.9056e+05,-372.1
3.914e+05,-371.81
3.9224e+05,-371.51
3.9308e+05,-371.15
3.9391e+05,-370.73
3.9475e+05,-370.25
3.9559e+05,-369.72
3.9642e+05,-369.15
3.9726e+05,-368.54
3.981e+05,-367.93
3.9893e+05,-367.26
3.9977e+05,-366.57
4.006e+05,-365.88
4.0144e+05,-365.18
4.0227e+05,-364.45
4.0311e+05,-363.73
4.0394e+05,-363.01
4.0478e+05,-362.33
4.0561e+05,-361.67
4.0644e+05,-360.99
4.0727e+05,-360.32
4.0811e+05,-359.64
4.0894e+05,-358.96
4.0977e+05,-358.24
4.106e+05,-357.5
4.1144e+05,-356.7
4.1227e+05,-355.87
4.131e+05,-355.02
4.1393e+05,-354.16
4.1476e+05,-353.3
4.1559e+05,-352.47
4.1642e+05,-351.67
4.1725e+05,-350.91
4.1808e+05,-350.16
4.1891e+05,-349.43
4.1974e+05,-348.74
4.2057e+05,-348.06
4.214e+05,-347.39
4.2223e+05,-346.72
4.2305e+05,-346.06
4.2388e+05,-345.4
4.2471e+05,-344.74
4.2554e+05,-344.12
4.2637e+05,-343.52
4.2719e+05,-342.91
4.2802e+05,-342.33
4.2885e+05,-341.78
4.2967e+05,-341.24
4.305e+05,-340.67
4.3133e+05,-340.09
4.3215e+05,-339.49
4.3298e+05,-338.9
4.338e+05,-338.36
4.3463e+05,-337.84
4.3545e+05,-337.31
4.3628e+05,-336.77
4.371e+05,-336.26
4.3793e+05,-335.75
4.3875e+05,-335.22
4.3957e+05,-334.66
4.404e+05,-334.03
4.4122e+05,-333.39
4.4204e+05,-332.75
4.4287e+05,-332.05
4.4369e+05,-331.33
4.4451e+05,-330.63
4.4534e+05,-329.98
4.4616e+05,-329.28
4.4698e+05,-328.57
4.478e+05,-327.89
4.4862e+05,-327.25
4.4944e+05,-326.61
4.5026e+05,-325.97
4.5108e+05,-325.34
4.5191e+05,-324.66
4.5273e+05,-323.94
4.5355e+05,-323.24
4.5437e+05,-322.55
4.5519e+05,-321.9
4.56e+05,-321.23
4.5682e+05,-320.59
4.5764e+05,-319.99
4.5846e+05,-319.4
4.5928e+05,-318.75
4.601e+05,-318.06
4.6091e+05,-317.38
4.6173e+05,-316.67
4.6255e+05,-315.97
4.6337e+05,-315.25
4.6418e+05,-314.55
4.65e+05,-313.86
4.6582e+05,-313.21
4.6663e+05,-312.6
4.6745e+05,-312
4.6827e+05,-311.45
4.6908e+05,-310.95
4.699e+05,-310.49
4.7072e+05,-310.01
4.7153e+05,-309.57
4.7235e+05,-309.15
4.7316e+05,-308.74
4.7398e+05,-308.32
4.7479e+05,-307.89
4.7561e+05,-307.5
4.7642e+05,-307.04
4.7724e+05,-306.57
4.7805e+05,-306.1
4.7887e+05,-305.66
4.7968e+05,-305.24
4.805e+05,-304.83
4.8131e+05,-304.4
4.8212e+05,-303.98
4.8294e+05,-303.54
4.8375e+05,-303.1
4.8457e+05,-302.77
4.8538e+05,-302.56
4.8619e+05,-302.43
4.8701e+05,-302.27
4.8782e+05,-302.03
4.8863e+05,-301.74
4.8945e+05,-301.47
4.9026e+05,-301.24
4.9107e+05,-301
4.9189e+05,-300.79
4.927e+05,-300.66
4.9351e+05,-300.57
4.9432e+05,-300.51
4.9514e+05,-300.45
4.9595e+05,-300.41
4.9676e+05,-300.37
4.9757e+05,-300.26
4.9839e+05,-300.12
4.992e+05,-299.97
5.0001e+05,-299.82
5.0082e+05,-299.69
5.0163e+05,-299.6
5.0245e+05,-299.53
5.0326e+05,-299.48
5.0407e+05,-299.44
5.0488e+05,-299.4
5.0569e+05,-299.36
5.065e+05,-299.32
5.0731e+05,-299.27
5.0813e+05,-299.2
5.0894e+05,-299.12
5.0975e+05,-299
5.1056e+05,-298.85
5.1137e+05,-298.69
5.1218e+05,-298.57
5.1299e+05,-298.46
5.138e+05,-298.36
5.1461e+05,-298.25
5.1542e+05,-298.1
5.1624e+05,-297.95
5.1705e+05,-297.82
5.1786e+05,-297.65
5.1867e+05,-297.45
5.1948e+05,-297.25
5.2029e+05,-297.07
5.211e+05,-296.88
5.2191e+05,-296.77
5.2272e+05,-296.67
5.2353e+05,-296.57
5.2434e+05,-296.5
5.2515e+05,-296.46
5.2596e+05,-296.39
5.2677e+05,-296.27
5.2758e+05,-296.2
5.2839e+05,-296.14
5.292e+05,-296.06
5.3001e+05,-295.92
5.3082e+05,-295.79
5.3163e+05,-295.65
5.3244e+05,-295.53
5.3325e+05,-295.44
5.3406e+05,-295.4
5.3487e+05,-295.36
5.3568e+05,-295.31
5.3649e+05,-295.22
5.373e+05,-295.17
5.3811e+05,-295.1
5.3892e+05,-295.05
5.3973e+05,-295
5.4054e+05,-294.99
5.4135e+05,-295.04
5.4216e+05,-295.08
5.4297e+05,-295.14
5.4378e+05,-295.22
5.4459e+05,-295.32
5.454e+05,-295.41
5.4621e+05,-295.51
5.4702e+05,-295.57
5.4783e+05,-295.6
5.4864e+05,-295.64
5.4945e+05,-295.64
5.5026e+05,-295.6
5.5107e+05,-295.55
5.5188e+05,-295.54
5.5269e+05,-295.49
5.535e+05,-295.41
5.5431e+05,-295.31
5.5512e+05,-295.22
5.5594e+05,-295.15
5.5675e+05,-295.06
5.5756e+05,-295.03
5.5837e+05,-295.03
5.5918e+05,-295.05
5.5999e+05,-295.06
5.608e+05,-295.06
5.6161e+05,-295.04
5.6242e+05,-295.06
5.6323e+05,-295.06
5.6404e+05,-295.07
5.6486e+05,-295.08
5.6567e+05,-295.02
5.6648e+05,-294.87
5.6729e+05,-294.65
5.681e+05,-294.42
5.6891e+05,-294.26
5.6972e+05,-294.1
5.7054e+05,-293.95
5.7135e+05,-293.76
5.7216e+05,-293.58
5.7297e+05,-293.4
5.7379e+05,-293.19
5.746e+05,-292.95
5.7541e+05,-292.71
5.7622e+05,-292.47
5.7704e+05,-292.22
5.7785e+05,-292.01
5.7866e+05,-291.83
5.7947e+05,-291.68
5.8029e+05,-291.5
5.811e+05,-291.29
5.8191e+05,-291.03
5.8273e+05,-290.75
5.8354e+05,-290.43
5.8435e+05,-290.11
5.8517e+05,-289.8
5.8598e+05,-289.51
5.868e+05,-289.23
5.8761e+05,-288.94
5.8843e+05,-288.65
5.8924e+05,-288.37
5.9005e+05,-288.11
5.9087e+05,-287.87
5.9168e+05,-287.63
5.925e+05,-287.42
5.9331e+05,-287.19
5.9413e+05,-286.94
5.9494e+05,-286.7
5.9576e+05,-286.46
5.9658e+05,-286.21
5.9739e+05,-285.92
5.9821e+05,-285.61
5.9902e+05,-285.34
5.9984e+05,-285.08
6.0066e+05,-284.81
6.0147e+05,-284.56
6.0229e+05,-284.33
6.031e+05,-284.1
6.0392e+05,-283.89
6.0474e+05,-283.7
6.0556e+05,-283.52
6.0637e+05,-283.36
6.0719e+05,-283.21
6.0801e+05,-283.06
6.0883e+05,-282.9
6.0964e+05,-282.73
6.1046e+05,-282.6
6.1128e+05,-282.49
6.121e+05,-282.39
6.1292e+05,-282.31
6.1374e+05,-282.22
6.1455e+05,-282.15
6.1537e+05,-282.05
6.1619e+05,-281.94
6.1701e+05,-281.81
6.1783e+05,-281.68
6.1865e+05,-281.52
6.1947e+05,-281.35
6.2029e+05,-281.17
6.2111e+05,-280.95
6.2193e+05,-280.72
6.2275e+05,-280.5
6.2357e+05,-280.26
6.2439e+05,-280.03
6.2521e+05,-279.78
6.2603e+05,-279.53
6.2685e+05,-279.28
6.2767e+05,-279.02
6.2849e+05,-278.76
6.2931e+05,-278.48
6.3013e+05,-278.23
6.3095e+05,-277.96
6.3177e+05,-277.7
6.3259e+05,-277.44
6.3341e+05,-277.14
6.3424e+05,-276.87
6.3506e+05,-276.6
6.3588e+05,-276.33
6.367e+05,-276.07
6.3752e+05,-275.79
6.3834e+05,-275.52
6.3916e+05,-275.24
6.3999e+05,-274.94
6.4081e+05,-274.65
6.4163e+05,-274.35
6.4245e+05,-274.05
6.4327e+05,-273.78
6.4409e+05,-273.51
6.4492e+05,-273.24
6.4574e+05,-272.98
6.4656e+05,-272.74
6.4738e+05,-272.5
6.4821e+05,-272.28
6.4903e+05,-272.06
6.4985e+05,-271.85
6.5067e+05,-271.65
6.515e+05,-271.5
6.5232e+05,-271.36
6.5314e+05,-271.22
6.5397e+05,-271.11
6.5479e+05,-271
6.5561e+05,-270.87
6.5644e+05,-270.74
6.5726e+05,-270.64
6.5809e+05,-270.55
6.5891e+05,-270.47
6.5973e+05,-270.37
6.6056e+05,-270.3
6.6138e+05,-270.24
6.6221e+05,-270.22
6.6303e+05,-270.23
6.6386e+05,-270.24
6.6468e+05,-270.29
6.6551e+05,-270.37
6.6633e+05,-270.44
6.6716e+05,-270.51
6.6798e+05,-270.55
6.6881e+05,-270.64
6.6963e+05,-270.75
6.7046e+05,-270.87
6.7128e+05,-270.97
6.7211e+05,-271.08
6.7293e+05,-271.16
6.7376e+05,-271.21
6.7458e+05,-271.24
6.7541e+05,-271.24
6.7623e+05,-271.2
6.7706e+05,-271.16
6.7789e+05,-271.12
6.7871e+05,-271.08
6.7954e+05,-271.02
6.8036e+05,-270.91
6.8119e+05,-270.78
6.8202e+05,-270.64
6.8284e+05,-270.52
6.8367e+05,-270.41
6.8449e+05,-270.31
6.8532e+05,-270.19
6.8614e+05,-270.05
6.8697e+05,-269.88
6.878e+05,-269.69
6.8862e+05,-269.47
6.8945e+05,-269.24
6.9027e+05,-268.98
6.911e+05,-268.72
6.9193e+05,-268.48
6.9275e+05,-268.22
6.9358e+05,-267.93
6.944e+05,-267.64
6.9523e+05,-267.35
6.9605e+05,-267.07
6.9688e+05,-266.8
6.9771e+05,-266.55
6.9853e+05,-266.32
6.9936e+05,-266.1
7.0018e+05,-265.89
7.0101e+05,-265.69
7.0183e+05,-265.54
7.0266e+05,-265.4
7.0349e+05,-265.3
7.0431e+05,-265.22
7.0514e+05,-262.75
7.0596e+05,-262.69
7.0679e+05,-262.7
7.0761e+05,-262.77
7.0844e+05,-262.89
7.0927e+05,-263.04
7.1009e+05,-263.2
7.1092e+05,-263.41
7.1175e+05,-263.67
7.1257e+05,-263.95
7.134e+05,-264.28
7.1422e+05,-264.64
7.1505e+05,-265.04
7.1587e+05,-265.48
7.167e+05,-265.94
7.1753e+05,-266.41
7.1835e+05,-266.9
7.1918e+05,-267.4
7.2e+05,-267.92
7.2083e+05,-268.45
7.2165e+05,-268.99
7.2248e+05,-269.56
7.233e+05,-270.15
7.2413e+05,-270.75
7.2495e+05,-271.37
7.2578e+05,-272.01
7.266e+05,-272.66
7.2743e+05,-273.32
7.2825e+05,-273.97
7.2908e+05,-274.61
7.299e+05,-275.25
7.3073e+05,-275.9
7.3155e+05,-276.55
7.3238e+05,-277.19
7.332e+05,-277.81
7.3403e+05,-278.42
7.3485e+05,-279.01
7.3568e+05,-279.59
7.365e+05,-280.17
7.3733e+05,-280.74
7.3815e+05,-281.31
7.3897e+05,-281.88
7.398e+05,-282.44
7.4062e+05,-282.99
7.4145e+05,-283.55
7.4227e+05,-284.08
7.4309e+05,-284.57
7.4392e+05,-285.04
7.4474e+05,-285.46
7.4556e+05,-285.85
7.4639e+05,-286.2
7.4721e+05,-286.51
7.4804e+05,-286.74
7.4886e+05,-286.94
7.4968e+05,-287.06
7.5051e+05,-287.05
7.5133e+05,-285.7
7.5215e+05,-283.53
7.5298e+05,-280.98
7.538e+05,-278.99
7.5463e+05,-277.42
7.5545e+05,-277.13
7.5627e+05,-277.08
7.571e+05,-277.11
7.5792e+05,-277.21
7.5874e+05,-277.38
7.5957e+05,-277.59
7.6039e+05,-277.82
7.6121e+05,-278.06
7.6204e+05,-278.34
7.6286e+05,-278.64
7.6368e+05,-278.94
7.6451e+05,-279.22
7.6533e+05,-279.47
7.6615e+05,-279.7
7.6697e+05,-279.9
7.678e+05,-280.1
7.6862e+05,-280.29
7.6944e+05,-280.47
7.7026e+05,-280.64
7.7109e+05,-280.81
7.7191e+05,-280.99
7.7273e+05,-281.16
7.7355e+05,-281.34
7.7437e+05,-281.52
7.752e+05,-281.69
7.7602e+05,-281.84
7.7684e+05,-281.99
7.7766e+05,-282.12
7.7848e+05,-282.25
7.793e+05,-282.33
7.8013e+05,-282.4
7.8095e+05,-282.46
7.8177e+05,-282.51
7.8259e+05,-282.56
7.8341e+05,-282.59
7.8423e+05,-282.58
7.8505e+05,-282.56
7.8587e+05,-282.5
7.8669e+05,-282.44
7.8751e+05,-284.74
7.8833e+05,-284.63
7.8915e+05,-284.46
7.8997e+05,-284.23
7.9079e+05,-283.93
7.9161e+05,-283.61
7.9244e+05,-283.26
7.9326e+05,-282.88
7.9408e+05,-282.43
7.949e+05,-281.96
7.9572e+05,-281.44
7.9654e+05,-280.89
7.9737e+05,-280.28
7.9819e+05,-279.64
7.9901e+05,-278.96
7.9983e+05,-278.26
8.0065e+05,-277.54
8.0147e+05,-276.8
8.0229e+05,-276.03
8.0311e+05,-275.25
8.0394e+05,-274.46
8.0476e+05,-273.63
8.0557e+05,-272.78
8.0639e+05,-271.93
8.0722e+05,-271.04
8.0804e+05,-270.13
8.0886e+05,-269.22
8.0968e+05,-268.29
8.105e+05,-267.38
8.1132e+05,-266.47
8.1214e+05,-265.57
8.1296e+05,-264.64
8.1378e+05,-263.73
8.146e+05,-262.81
8.1542e+05,-261.9
8.1624e+05,-260.98
8.1706e+05,-260.08
8.1788e+05,-259.19
8.187e+05,-258.27
8.1952e+05,-257.36
8.2034e+05,-256.46
8.2116e+05,-255.55
8.2198e+05,-254.64
8.228e+05,-253.73
8.2362e+05,-252.82
8.2444e+05,-251.9
8.2526e+05,-250.99
8.2608e+05,-250.11
8.269e+05,-249.26
8.2772e+05,-248.42
8.2854e+05,-247.58
8.2936e+05,-246.65
8.3018e+05,-245.25
8.31e+05,-243.75
8.3182e+05,-242.34
8.3263e+05,-240.67
8.3345e+05,-240.43
8.3427e+05,-241.09
8.3509e+05,-242
8.3591e+05,-242.86
8.3673e+05,-243.62
8.3755e+05,-243.14
8.3837e+05,-242.5
8.3919e+05,-241.83
8.4001e+05,-241.14
8.4083e+05,-240.42
8.4165e+05,-239.71
8.4247e+05,-238.98
8.4329e+05,-238.25
8.4411e+05,-237.52
8.4492e+05,-236.81
8.4574e+05,-236.12
8.4656e+05,-235.43
8.4738e+05,-234.73
8.482e+05,-234.05
8.4902e+05,-233.38
8.4984e+05,-232.71
8.5066e+05,-232.06
8.5148e+05,-231.41
8.5229e+05,-230.77
8.5311e+05,-230.16
8.5393e+05,-229.54
8.5475e+05,-228.92
8.5557e+05,-228.3
8.5639e+05,-227.67
8.5721e+05,-227.02
8.5803e+05,-226.37
8.5885e+05,-225.72
8.5967e+05,-225.06
8.6049e+05,-224.39
8.613e+05,-223.73
8.6212e+05,-223.05
8.6294e+05,-222.37
8.6376e+05,-221.68
8.6458e+05,-220.98
8.654e+05,-220.25
8.6622e+05,-219.54
8.6704e+05,-218.83
8.6786e+05,-218.13
8.6867e+05,-217.42
8.6949e+05,-216.73
8.7031e+05,-216.02
8.7113e+05,-215.31
8.7195e+05,-214.57
8.7277e+05,-213.82
8.7359e+05,-213.06
8.7441e+05,-212.29
8.7523e+05,-211.49
8.7605e+05,-210.69
8.7687e+05,-209.89
8.7769e+05,-209.09
8.7851e+05,-208.27
8.7933e+05,-207.46
8.8015e+05,-206.66
8.8096e+05,-205.86
8.8178e+05,-205.08
8.826e+05,-204.31
8.8342e+05,-203.56
8.8424e+05,-202.82
8.8506e+05,-202.07
8.8588e+05,-201.32
8.867e+05,-200.57
8.8752e+05,-199.8
8.8834e+05,-197.39
8.8916e+05,-195.01
8.8998e+05,-192.62
8.908e+05,-190.24
8.9162e+05,-187.85
8.9244e+05,-187.34
8.9326e+05,-186.83
8.9408e+05,-186.3
8.949e+05,-185.78
8.9572e+05,-185.23
8.9654e+05,-184.68
8.9736e+05,-184.12
8.9818e+05,-183.57
8.99e+05,-183
8.9982e+05,-182.43
9.0063e+05,-181.86
9.0145e+05,-181.29
9.0227e+05,-180.71
9.0309e+05,-180.13
9.0391e+05,-179.54
9.0473e+05,-178.94
9.0555e+05,-178.33
9.0637e+05,-177.74
9.0719e+05,-177.13
9.0801e+05,-176.51
9.0883e+05,-175.88
9.0965e+05,-175.24
9.1047e+05,-174.64
9.1129e+05,-174.18
9.1211e+05,-174.37
9.1293e+05,-174.75
9.1376e+05,-175.13
9.1458e+05,-176.08
9.154e+05,-176.86
9.1622e+05,-177.53
9.1704e+05,-178.38
9.1786e+05,-178.52
9.1868e+05,-178.2
9.195e+05,-177.81
9.2032e+05,-177.36
9.2114e+05,-176.86
9.2196e+05,-176.32
9.2278e+05,-175.75
9.236e+05,-175.15
9.2442e+05,-174.53
9.2524e+05,-173.89
9.2606e+05,-173.23
9.2687e+05,-172.54
9.2769e+05,-171.84
9.2851e+05,-171.11
9.2933e+05,-170.37
9.3015e+05,-169.59
9.3097e+05,-168.79
9.3179e+05,-167.95
