0,-520.26
44.375,-519.91
89.749,-519.56
134.9,-519.23
179.99,-518.9
225.06,-518.58
270.12,-518.26
315.17,-517.95
360.23,-517.64
405.28,-517.34
450.33,-517.05
495.38,-516.75
540.43,-516.47
585.48,-516.18
630.54,-515.9
675.6,-515.63
720.67,-515.36
765.75,-515.09
810.84,-514.82
855.94,-514.56
901.04,-514.3
946.15,-514.05
991.27,-513.8
1036.4,-513.55
1081.5,-513.31
1126.7,-513.07
1171.8,-512.84
1217,-512.62
1262.1,-512.39
1307.3,-512.17
1352.5,-511.95
1397.7,-511.74
1442.8,-511.52
1488,-511.31
1533.2,-511.09
1578.4,-510.87
1623.6,-510.65
1668.8,-510.42
1714,-510.19
1759.3,-509.96
1804.5,-509.73
1849.7,-509.5
1895,-509.26
1940.2,-509.03
1985.5,-508.79
2030.7,-508.55
2076,-508.3
2121.3,-508.06
2166.7,-507.81
2212,-507.56
2257.4,-507.3
2302.7,-507.04
2348.1,-506.79
2393.6,-506.53
2439,-506.26
2484.4,-506
2529.9,-505.74
2575.4,-505.47
2620.9,-505.2
2666.4,-504.94
2712,-504.66
2757.5,-504.39
2803.1,-504.12
2848.7,-503.85
2894.3,-503.57
2939.9,-503.3
2985.5,-503.02
3031.2,-502.74
3076.8,-502.47
3122.4,-502.19
3168.1,-501.91
3213.8,-501.64
3259.4,-501.36
3305.1,-501.08
3350.8,-500.8
3396.5,-500.51
3442.2,-500.23
3487.9,-499.95
3533.6,-499.67
3579.3,-499.38
3625,-499.09
3670.7,-498.8
3716.5,-498.51
3762.2,-498.22
3807.9,-497.92
3853.6,-497.63
3899.3,-497.33
3945,-497.04
3990.7,-496.75
4036.4,-496.45
4082,-496.16
4127.7,-495.87
4173.4,-495.58
4219.1,-495.29
4264.7,-495
4310.3,-494.71
4356,-494.42
4401.6,-494.13
4447.2,-493.84
4492.7,-493.55
4538.3,-493.25
4583.8,-492.96
4629.4,-492.67
4674.9,-492.38
4720.4,-492.08
4765.9,-491.79
4811.4,-491.49
4856.9,-491.19
4902.4,-490.89
4948,-490.59
4993.5,-490.29
5039,-489.99
5084.5,-489.69
5130,-489.39
5175.5,-489.1
5221,-488.81
5266.5,-488.52
5312.1,-488.24
5357.6,-487.96
5403.2,-487.68
5448.7,-487.41
5494.3,-487.15
5539.8,-486.89
5585.4,-486.62
5631,-486.34
5676.6,-486.07
5722.2,-485.79
5767.8,-485.5
5813.4,-485.22
5859,-484.93
5904.6,-484.64
5950.3,-484.35
5995.9,-484.05
6041.6,-483.76
6087.2,-483.46
6132.9,-483.17
6178.6,-482.88
6224.3,-482.59
6270,-482.31
6315.7,-482.02
6361.5,-481.74
6407.2,-481.46
6453,-481.18
6498.8,-480.9
6544.6,-480.62
6590.4,-480.34
6636.2,-480.07
6682.1,-479.79
6728,-479.51
6773.8,-479.24
6819.8,-478.96
6865.7,-478.41
6911.6,-477.86
6957.6,-477.3
7003.6,-476.74
7049.6,-476.18
7095.7,-475.61
7141.7,-475.04
7187.8,-474.47
7234,-473.9
7280.1,-473.32
7326.3,-472.74
7372.5,-472.16
7418.7,-471.57
7465,-470.99
7511.3,-470.4
7557.6,-469.8
7603.9,-469.21
7650.3,-468.62
7696.7,-468.03
7743.2,-467.45
7789.7,-466.86
7836.2,-466.28
7882.8,-465.71
7929.4,-465.13
7976,-464.55
8022.7,-463.98
8069.4,-463.4
8116.2,-462.83
8163.1,-462.25
8209.9,-461.68
8256.9,-461.11
8303.9,-460.54
8350.9,-459.97
8398,-459.41
8445.2,-458.85
8492.4,-458.29
8539.6,-457.74
8587,-457.2
8634.3,-456.65
8681.8,-456.11
8729.3,-455.56
8776.9,-455.01
8824.5,-454.46
8872.2,-453.91
8919.9,-453.36
8967.7,-452.8
9015.5,-452.25
9063.4,-451.7
9111.3,-451.14
9159.3,-450.6
9207.3,-450.06
9255.4,-449.52
9303.5,-448.99
9351.7,-448.47
9399.9,-447.96
9448.2,-447.45
9496.4,-446.95
9544.8,-446.45
9593.1,-445.96
9641.5,-445.48
9689.9,-445.01
9738.4,-444.53
9786.9,-444.06
9835.4,-443.59
9883.9,-443.12
9932.4,-442.65
9981,-442.18
10030,-441.71
10078,-441.24
10127,-440.78
10176,-440.32
10224,-439.86
10273,-439.4
10322,-438.95
10370,-438.49
10419,-438.04
10468,-437.59
10517,-437.13
10566,-436.68
10614,-436.23
10663,-435.78
10712,-435.32
10761,-434.87
10810,-434.41
10859,-433.95
10908,-433.49
10957,-433.04
11006,-432.59
11055,-432.14
11104,-431.69
11153,-431.25
11202,-430.81
11251,-430.38
11300,-429.96
11349,-429.53
11398,-429.1
11447,-428.67
11496,-428.24
11545,-427.8
11594,-427.36
11643,-426.92
11692,-426.48
11742,-426.03
11791,-425.58
11840,-425.12
11889,-424.66
11938,-424.2
11988,-423.73
12037,-423.26
12086,-422.78
12136,-422.3
12185,-421.83
12235,-421.35
12284,-420.87
12333,-420.39
12383,-419.91
12432,-419.42
12482,-418.92
12531,-418.42
12581,-417.9
12630,-417.38
12680,-416.85
12729,-416.32
12779,-415.78
12828,-415.23
12878,-414.69
12927,-414.14
12977,-413.58
13026,-413.02
13076,-412.45
13125,-411.88
13175,-411.29
13224,-410.69
13274,-410.07
13323,-409.45
13373,-408.82
13422,-408.18
13472,-407.54
13521,-406.9
13571,-406.27
13620,-405.66
13670,-405.06
13719,-404.48
13769,-403.9
13818,-403.34
13868,-402.78
13917,-402.23
13966,-401.68
14016,-401.14
14065,-400.59
14115,-400.04
14164,-399.49
14214,-398.93
14263,-398.38
14313,-397.82
14362,-397.26
14412,-396.7
14461,-396.14
14511,-395.58
14560,-395.01
14610,-394.43
14660,-393.85
14709,-393.25
14759,-392.65
14809,-392.04
14858,-391.43
14908,-390.81
14958,-390.18
15007,-389.55
15057,-388.92
15107,-388.28
15157,-387.65
15207,-387.02
15257,-386.39
15307,-385.77
15357,-385.16
15407,-384.55
15457,-383.94
15507,-383.34
15557,-382.74
15607,-382.14
15657,-381.55
15707,-380.95
15757,-380.35
15808,-379.76
15858,-379.17
15908,-378.57
15959,-377.99
16009,-377.41
16060,-376.84
16110,-376.28
16161,-375.72
16211,-375.19
16262,-374.65
16313,-374.11
16364,-373.56
16414,-373.01
16465,-372.45
16516,-371.88
16567,-371.31
16618,-370.73
16669,-370.15
16721,-369.57
16772,-368.99
16823,-368.4
16874,-367.82
16926,-367.25
16977,-366.69
17029,-366.14
17081,-365.6
17132,-365.06
17184,-364.53
17236,-364
17288,-363.48
17340,-362.96
17392,-362.45
17444,-361.93
17496,-361.41
17548,-360.89
17601,-360.37
17653,-359.84
17706,-359.32
17758,-358.8
17811,-358.28
17864,-357.76
17916,-357.25
17969,-356.73
18022,-356.22
18075,-355.7
18128,-355.18
18181,-354.66
18234,-354.13
18287,-353.61
18340,-353.08
18394,-352.54
18447,-352.01
18500,-351.47
18554,-350.92
18607,-350.37
18660,-349.84
18714,-349.3
18767,-348.78
18821,-348.26
18874,-347.74
18928,-347.23
18981,-346.72
19035,-346.22
19088,-345.71
19142,-345.21
19195,-344.71
19249,-344.21
19303,-343.73
19356,-343.25
19410,-342.78
19463,-342.32
19517,-341.87
19570,-341.43
19624,-341
19677,-340.58
19731,-340.16
19784,-339.76
19837,-339.36
19891,-338.96
19944,-338.55
19997,-338.14
20051,-337.73
20104,-337.32
20157,-336.91
20210,-336.49
20264,-336.08
20317,-335.66
20370,-335.25
20423,-334.84
20476,-334.43
20529,-334.03
20582,-333.63
20635,-333.22
20688,-332.82
20741,-332.41
20794,-332
20846,-331.58
20899,-331.16
20952,-330.73
21005,-330.3
21057,-329.86
21110,-329.43
21163,-328.99
21216,-328.56
21268,-328.12
21321,-327.69
21373,-327.26
21426,-326.84
21478,-326.41
21531,-325.99
21583,-325.56
21636,-325.14
21688,-324.71
21740,-324.28
21792,-323.85
21845,-323.41
21897,-322.98
21949,-322.54
22001,-322.11
22053,-321.67
22105,-321.24
22157,-320.81
22209,-320.39
22260,-319.99
22312,-319.6
22364,-319.22
22416,-318.85
22467,-318.5
22519,-318.15
22570,-317.81
22622,-317.48
22673,-317.17
22725,-316.85
22776,-316.52
22828,-316.2
22879,-315.87
22930,-315.53
22981,-315.19
23033,-314.85
23084,-314.51
23135,-314.17
23186,-313.82
23237,-313.48
23288,-313.13
23339,-312.79
23390,-312.44
23441,-312.1
23492,-311.76
23543,-311.42
23594,-311.07
23644,-310.73
23695,-310.39
23746,-310.05
23797,-309.7
23847,-309.35
23898,-309
23949,-308.65
23999,-308.31
24050,-307.96
24100,-307.61
24151,-307.27
24201,-306.92
24252,-306.58
24302,-306.24
24353,-305.9
24403,-305.56
24453,-305.23
24503,-304.9
24554,-304.57
24604,-304.24
24654,-303.91
24704,-303.57
24754,-303.24
24804,-302.89
24854,-302.55
24905,-302.2
24955,-301.84
25004,-301.48
25054,-301.13
25104,-300.79
25154,-300.44
25204,-300.1
25254,-299.77
25304,-299.45
25354,-299.13
25404,-298.82
25453,-298.52
25503,-298.22
25553,-297.93
25603,-297.66
25652,-297.4
25702,-297.15
25752,-296.9
25802,-296.67
25851,-296.45
25901,-296.24
25951,-296.04
26000,-295.84
26050,-295.66
26100,-295.48
26149,-295.28
26199,-295.09
26248,-294.89
26298,-294.68
26348,-294.47
26397,-294.26
26447,-294.05
26496,-293.82
26546,-293.6
26595,-293.37
26645,-293.16
26694,-292.96
26744,-292.77
26793,-292.58
26843,-292.41
26892,-292.25
26942,-292.1
26991,-291.96
27040,-291.82
27090,-291.69
27139,-291.57
27189,-291.45
27238,-291.33
27287,-291.21
27337,-291.1
27386,-290.98
27435,-290.87
27485,-290.76
27534,-290.64
27583,-290.53
27633,-290.42
27682,-290.3
27731,-290.2
27781,-290.1
27830,-290.01
27879,-289.93
27929,-289.85
27978,-289.78
28027,-289.72
28076,-289.65
28126,-289.6
28175,-289.54
28224,-289.49
28273,-289.45
28323,-289.42
28372,-289.4
28421,-289.4
28470,-289.41
28520,-289.44
28569,-289.48
28618,-289.53
28667,-289.6
28716,-289.67
28766,-289.75
28815,-289.83
28864,-289.88
28913,-289.93
28962,-289.96
29011,-289.97
29060,-289.98
29110,-289.98
29159,-289.97
29208,-289.95
29257,-289.94
29306,-289.92
29355,-289.9
29404,-289.9
29453,-289.91
29502,-289.93
29551,-289.95
29600,-289.99
29649,-290.03
29699,-290.08
29748,-290.14
29797,-290.22
29846,-290.3
29895,-290.4
29944,-290.5
29993,-290.6
30042,-290.71
30091,-290.82
30140,-290.93
30189,-291.03
30238,-291.13
30287,-291.23
30336,-291.33
30385,-291.42
30434,-291.5
30483,-291.58
30532,-291.65
30581,-291.71
30630,-291.76
30679,-291.81
30728,-291.85
30776,-291.89
30825,-291.93
30874,-291.97
30923,-292
30972,-292.03
31021,-292.08
31070,-292.12
31119,-292.18
31168,-292.24
31217,-292.29
31266,-292.36
31315,-292.42
31363,-292.47
31412,-292.53
31461,-292.58
31510,-292.63
31559,-292.7
31608,-292.77
31657,-292.84
31706,-292.92
31754,-293.01
31803,-293.09
31852,-293.18
31901,-293.26
31950,-293.35
31999,-293.45
32048,-293.54
32097,-293.64
32145,-293.72
32194,-293.81
32243,-293.89
32292,-293.97
32341,-294.04
32390,-294.12
32438,-294.2
32487,-294.27
32536,-294.35
32585,-294.42
32634,-294.5
32683,-294.58
32732,-294.66
32780,-294.74
32829,-294.82
32878,-294.9
32927,-294.98
32976,-295.05
33025,-295.12
33073,-295.19
33122,-295.26
33171,-295.33
33220,-295.41
33269,-295.5
33318,-295.61
33366,-295.73
33415,-295.86
33464,-296.01
33513,-296.17
33562,-296.34
33611,-296.53
33659,-296.73
33708,-296.94
33757,-297.13
33806,-297.31
33855,-297.47
33903,-297.61
33952,-297.74
34001,-297.85
34050,-297.94
34099,-298.02
34148,-298.08
34196,-298.13
34245,-298.17
34294,-298.22
34343,-298.27
34392,-298.34
34441,-298.41
34489,-298.48
34538,-298.56
34587,-298.64
34636,-298.72
34685,-298.79
34734,-298.86
34782,-298.93
34831,-299
34880,-299.07
34929,-299.13
34978,-299.21
35027,-299.29
35075,-299.37
35124,-299.46
35173,-299.55
35222,-299.66
35271,-299.77
35320,-299.88
35369,-299.99
35417,-300.09
35466,-300.19
35515,-300.27
35564,-300.35
35613,-300.42
35662,-300.48
35711,-300.53
35759,-300.59
35808,-300.64
35857,-300.7
35906,-300.77
35955,-300.85
36004,-300.94
36052,-301.05
36101,-301.16
36150,-301.28
36199,-301.41
36248,-301.54
36297,-301.68
36345,-301.82
36394,-301.96
36443,-302.1
36492,-302.23
36541,-302.35
36590,-302.47
36638,-302.59
36687,-302.7
36736,-302.8
36785,-302.9
36834,-303
36882,-303.09
36931,-303.18
36980,-303.27
37029,-303.35
37078,-303.42
37127,-303.5
37175,-303.56
37224,-303.63
37273,-303.69
37322,-303.75
37371,-303.8
37419,-303.85
37468,-303.89
37517,-303.94
37566,-303.98
37615,-304.03
37664,-304.07
37712,-304.11
37761,-304.16
37810,-304.2
37859,-304.24
37908,-304.29
37956,-304.33
38005,-304.38
38054,-304.42
38103,-304.45
38152,-304.48
38201,-304.49
38249,-304.5
38298,-304.5
38347,-304.49
38396,-304.47
38445,-304.44
38494,-304.39
38542,-304.33
38591,-304.27
38640,-304.21
38689,-304.17
38738,-304.13
38787,-304.1
38836,-304.08
38884,-304.07
38933,-304.07
38982,-304.09
39031,-304.11
39080,-304.14
39129,-304.18
39177,-304.2
39226,-304.21
39275,-304.21
39324,-304.19
39373,-304.16
39422,-304.12
39471,-304.06
39519,-303.99
39568,-303.91
39617,-303.82
39666,-303.74
39715,-303.66
39764,-303.6
39813,-303.56
39861,-303.53
39910,-303.51
39959,-303.5
40008,-303.5
40057,-303.51
40106,-303.52
40154,-303.54
40203,-303.56
40252,-303.56
40301,-303.54
40350,-303.49
40399,-303.41
40448,-303.32
40496,-303.2
40545,-303.06
40594,-302.89
40643,-302.7
40692,-302.49
40741,-302.26
40790,-302.04
40839,-301.84
40888,-301.66
40936,-301.5
40985,-301.35
41034,-301.23
41083,-301.12
41132,-301.03
41181,-300.96
41230,-300.9
41279,-300.85
41327,-300.79
41376,-300.73
41425,-300.65
41474,-300.56
41523,-300.47
41572,-300.36
41621,-300.25
41670,-300.13
41719,-300.01
41767,-299.88
41816,-299.74
41865,-299.61
41914,-299.49
41963,-299.38
42012,-299.27
42061,-299.16
42110,-299.06
42158,-298.96
42207,-298.86
42256,-298.76
42305,-298.66
42354,-298.56
42403,-298.47
42452,-298.37
42501,-298.27
42549,-298.16
42598,-298.06
42647,-297.96
42696,-297.86
42745,-297.75
42794,-297.64
42843,-297.53
42891,-297.42
42940,-297.3
42989,-297.19
43038,-297.07
43087,-296.94
43136,-296.82
43184,-296.69
43233,-296.57
43282,-296.44
43331,-296.31
43380,-296.18
43429,-296.06
43478,-295.93
43527,-295.82
43575,-295.7
43624,-295.6
43673,-295.5
43722,-295.41
43771,-295.32
43820,-295.23
43868,-295.16
43917,-295.08
43966,-295.01
44015,-294.94
44064,-294.86
44112,-294.76
44161,-294.66
44210,-294.54
44259,-294.42
44308,-294.28
44356,-294.13
44405,-293.97
44454,-293.8
44503,-293.61
44551,-293.42
44600,-293.23
44649,-293.05
44698,-292.87
44746,-292.7
44795,-292.53
44844,-292.37
44893,-292.21
44941,-292.06
44990,-291.91
45039,-291.77
45087,-291.63
45136,-291.49
45185,-291.33
45234,-291.18
45282,-291.02
45331,-290.85
45380,-290.68
45428,-290.51
45477,-290.33
45525,-290.15
45574,-289.96
45623,-289.78
45671,-289.59
45720,-289.39
45769,-289.19
45817,-288.98
45866,-288.76
45914,-288.54
45963,-288.32
46011,-288.09
46060,-287.85
46109,-287.61
46157,-287.36
46206,-287.11
46254,-286.87
46303,-286.64
46351,-286.42
46400,-286.21
46448,-286
46497,-285.8
46545,-285.61
46594,-285.42
46642,-285.24
46691,-285.05
46739,-284.87
46787,-284.68
46836,-284.5
46884,-284.31
46933,-284.12
46981,-283.93
47030,-283.75
47078,-283.56
47126,-283.38
47175,-283.19
47223,-283.01
47271,-282.83
47320,-282.65
47368,-282.47
47416,-282.29
47465,-282.11
47513,-281.92
47561,-281.74
47610,-281.56
47658,-281.38
47706,-281.2
47754,-281.01
47802,-280.83
47851,-280.63
47899,-280.43
47947,-280.23
47995,-280.01
48043,-279.79
48091,-279.56
48140,-279.32
48188,-279.07
48236,-278.82
48284,-278.55
48332,-278.28
48380,-278.02
48428,-277.77
48476,-277.53
48524,-277.3
48572,-277.08
48621,-276.88
48669,-276.69
48717,-276.51
48764,-276.34
48812,-276.19
48860,-276.05
48908,-275.9
48956,-275.74
49004,-275.56
49052,-275.38
49100,-275.19
49148,-274.99
49196,-274.79
49244,-274.59
49291,-274.39
49339,-274.18
49387,-273.98
49435,-273.77
49483,-273.56
49531,-273.35
49578,-273.13
49626,-272.91
49674,-272.68
49722,-272.44
49769,-272.18
49817,-271.92
49865,-271.65
49912,-271.36
49960,-271.08
50008,-270.81
50055,-270.55
50103,-270.29
50151,-270.05
50198,-269.82
50246,-269.59
50293,-269.38
50341,-269.17
50389,-268.97
50436,-268.78
50484,-268.58
50531,-268.37
50579,-268.17
50626,-267.96
50674,-267.75
50721,-267.54
50769,-267.33
50816,-267.12
50864,-266.91
50911,-266.7
50958,-266.5
51006,-266.3
51053,-266.1
51101,-265.91
51148,-265.71
51195,-265.52
51243,-265.33
51290,-265.14
51337,-264.96
51384,-264.77
51432,-264.58
51479,-264.39
51526,-264.19
51574,-263.99
51621,-263.79
51668,-263.58
51715,-263.37
51762,-263.16
51810,-262.95
51857,-262.73
51904,-262.52
51951,-262.3
51998,-262.09
52045,-261.88
52092,-261.66
52140,-261.44
52187,-261.22
52234,-261
52281,-260.78
52328,-260.55
52375,-260.33
52422,-260.09
52469,-259.86
52516,-259.62
52563,-259.38
52610,-259.15
52657,-258.93
52704,-258.72
52751,-258.52
52797,-258.33
52844,-258.16
52891,-257.99
52938,-257.84
52985,-257.71
53032,-257.59
53079,-257.48
53126,-257.36
53172,-257.23
53219,-257.1
53266,-256.95
53313,-256.8
53360,-256.64
53407,-256.46
53453,-256.28
53500,-256.08
53547,-255.86
53594,-255.64
53640,-255.43
53687,-255.22
53734,-255.03
53781,-254.85
53827,-254.69
53874,-254.54
53921,-254.4
53967,-254.29
54014,-254.18
54060,-254.09
54107,-254.01
54154,-253.91
54200,-253.8
54247,-253.68
54293,-253.55
54340,-253.4
54386,-253.25
54433,-253.08
54479,-252.91
54526,-252.72
54572,-252.53
54619,-252.33
54665,-252.15
54712,-251.99
54758,-251.84
54805,-251.71
54851,-251.6
54898,-251.5
54944,-251.43
54990,-251.37
55037,-251.34
55083,-251.32
55130,-251.33
55176,-251.32
55222,-251.31
55269,-251.28
55315,-251.23
55361,-251.18
55408,-251.11
55454,-251.02
55500,-250.92
55547,-250.81
55593,-250.69
55639,-250.55
55685,-250.42
55732,-250.29
55778,-250.17
55824,-250.04
55870,-249.92
55917,-249.8
55963,-249.69
56009,-249.58
56055,-249.47
56101,-249.36
56148,-249.26
56194,-249.16
56240,-249.05
56286,-248.95
56332,-248.85
56378,-248.75
56424,-248.66
56470,-248.56
56517,-248.47
56563,-248.39
56609,-248.31
56655,-248.23
56701,-248.16
56747,-248.08
56793,-248.01
56839,-247.94
56885,-247.86
56931,-247.79
56977,-247.72
57023,-247.65
57069,-247.58
57115,-247.5
57161,-247.43
57207,-247.36
57253,-247.29
57298,-247.22
57344,-247.15
57390,-247.07
57436,-247
57482,-246.93
57528,-246.86
57574,-246.79
57620,-246.72
57666,-246.65
57712,-246.58
57757,-246.51
57803,-246.43
57849,-246.35
57895,-246.27
57941,-246.19
57986,-246.1
58032,-246.01
58078,-245.92
58124,-245.82
58170,-245.72
58215,-245.62
58261,-245.52
58307,-245.43
58352,-245.34
58398,-245.25
58444,-245.16
58490,-245.08
58535,-245
58581,-244.92
58627,-244.85
58672,-244.79
58718,-244.72
58764,-244.66
58809,-244.59
58855,-244.53
58901,-244.46
58946,-244.4
58992,-244.34
59038,-244.28
59083,-244.23
59129,-244.18
59174,-244.13
59220,-244.08
59266,-244.04
59311,-244.01
59357,-243.98
59402,-243.95
59448,-243.93
59494,-243.92
59539,-243.91
59585,-243.9
59630,-243.9
59676,-243.9
59721,-243.9
59767,-243.91
59812,-243.91
59858,-243.92
59903,-243.93
59949,-243.94
59994,-243.95
60040,-243.96
60085,-243.97
60131,-243.98
60176,-243.99
60222,-244
60267,-244.01
60313,-244.02
60358,-244.03
60404,-244.04
60449,-244.05
60494,-244.06
60540,-244.07
60585,-244.09
60631,-244.1
60676,-244.11
60721,-244.13
60767,-244.14
60812,-244.15
60858,-244.16
60903,-244.16
60948,-244.16
60994,-244.15
61039,-244.14
61084,-244.12
61130,-244.1
61175,-244.07
61220,-244.04
61266,-244.01
61311,-243.98
61356,-243.96
61402,-243.94
61447,-243.93
61492,-243.92
61538,-243.92
61583,-243.93
61628,-243.94
61674,-243.96
61719,-243.98
61764,-244.01
61810,-244.03
61855,-244.06
61900,-244.09
61945,-244.11
61991,-244.14
62036,-244.17
62081,-244.2
62126,-244.23
62172,-244.26
62217,-244.29
62262,-244.32
62307,-244.35
62353,-244.38
62398,-244.42
62443,-244.46
62488,-244.5
62533,-244.54
62579,-244.59
62624,-244.64
62669,-244.69
62714,-244.74
62760,-244.8
62805,-244.85
62850,-244.89
62895,-244.93
62940,-244.97
62985,-245.01
63031,-245.04
63076,-245.07
63121,-245.09
63166,-245.11
63211,-245.12
63256,-245.13
63302,-245.14
63347,-245.16
63392,-245.17
63437,-245.19
63482,-245.22
63527,-245.24
63573,-245.27
63618,-245.3
63663,-245.33
63708,-245.36
63753,-245.4
63798,-245.44
63843,-245.49
63889,-245.55
63934,-245.6
63979,-245.67
64024,-245.74
64069,-245.82
64114,-245.9
64159,-245.99
64204,-246.09
64249,-246.19
64295,-246.28
64340,-246.37
64385,-246.45
64430,-246.51
64475,-246.57
64520,-246.62
64565,-246.67
64610,-246.7
64655,-246.72
64700,-246.74
64746,-246.75
64791,-246.76
64836,-246.79
64881,-246.82
64926,-246.87
64971,-246.92
65016,-246.99
65061,-247.06
65106,-247.14
65151,-247.24
65196,-247.34
65241,-247.45
65286,-247.56
65331,-247.67
65376,-247.76
65422,-247.84
65467,-247.92
65512,-247.99
65557,-248.04
65602,-248.09
65647,-248.13
65692,-248.16
65737,-248.17
65782,-248.19
65827,-248.22
65872,-248.26
65917,-248.3
65962,-248.36
66007,-248.42
66052,-248.5
66097,-248.58
66142,-248.67
66187,-248.77
66232,-248.89
66277,-249
66322,-249.11
66367,-249.22
66412,-249.32
66457,-249.41
66502,-249.5
66547,-249.59
66592,-249.66
66637,-249.73
66682,-249.8
66727,-249.86
66772,-249.92
66818,-249.98
66863,-250.04
66908,-250.11
66953,-250.19
66998,-250.26
67043,-250.34
67088,-250.42
67133,-250.51
67178,-250.6
67223,-250.69
67268,-250.78
67313,-250.88
67358,-250.97
67403,-251.07
67448,-251.16
67493,-251.26
67538,-251.35
67583,-251.45
67628,-251.54
67673,-251.64
67718,-251.74
67763,-251.83
67808,-251.93
67853,-252.02
67898,-252.11
67943,-252.19
67988,-252.27
68033,-252.35
68078,-252.43
68123,-252.5
68168,-252.57
68213,-252.64
68258,-252.7
68303,-252.76
68348,-252.83
68393,-252.9
68438,-252.97
68483,-253.04
68528,-253.11
68573,-253.18
68618,-253.25
68663,-253.32
68708,-253.39
68753,-253.46
68798,-253.54
68843,-253.61
68888,-253.69
68933,-253.77
68978,-253.85
69023,-253.94
69068,-254.02
69113,-254.11
69158,-254.19
69203,-254.28
69248,-254.37
69293,-254.46
69338,-254.55
69383,-254.63
69428,-254.72
69473,-254.8
69518,-254.88
69563,-254.96
69608,-255.04
69653,-255.12
69698,-255.2
69743,-255.27
69788,-255.35
69833,-255.42
69878,-255.49
69923,-255.56
69968,-255.63
70013,-255.7
70058,-255.76
70103,-255.82
70148,-255.89
70193,-255.95
70238,-256
70283,-256.06
70328,-256.13
70373,-256.19
70418,-256.25
70463,-256.32
70508,-256.39
70553,-256.46
70598,-256.53
70643,-256.6
70688,-256.67
70733,-256.75
70778,-256.82
70823,-256.88
70868,-256.95
70913,-257.01
70958,-257.06
71003,-257.11
71048,-257.16
71093,-257.21
71138,-257.25
71183,-257.29
71228,-257.33
71273,-257.36
71318,-257.4
71363,-257.44
71408,-257.49
71453,-257.54
71498,-257.6
71544,-257.66
71589,-257.73
71634,-257.8
71679,-257.87
71724,-257.95
71769,-258.03
71814,-258.11
71859,-258.19
71904,-258.27
71949,-258.34
71994,-258.41
72039,-258.49
72084,-258.55
72129,-258.62
72174,-258.69
72219,-258.75
72264,-258.81
72309,-258.87
72354,-258.94
72399,-259.01
72444,-259.08
72489,-259.15
72535,-259.22
72580,-259.29
72625,-259.37
72670,-259.44
72715,-259.52
72760,-259.6
72805,-259.67
72850,-259.74
72895,-259.81
72940,-259.87
72985,-259.93
73030,-259.98
73075,-260.03
73121,-260.07
73166,-260.12
73211,-260.16
73256,-260.19
73301,-260.23
73346,-260.27
73391,-260.31
73436,-260.35
73481,-260.39
73526,-260.44
73571,-260.49
73617,-260.54
73662,-260.59
73707,-260.64
73752,-260.7
73797,-260.76
73842,-260.81
73887,-260.87
73932,-260.92
73977,-260.97
74023,-261.02
74068,-261.07
74113,-261.12
74158,-261.16
74203,-261.21
74248,-261.25
74293,-261.29
74339,-261.33
74384,-261.36
74429,-261.4
74474,-261.44
74519,-261.48
74564,-261.52
74609,-261.55
74655,-261.59
74700,-261.63
74745,-261.67
74790,-261.71
74835,-261.75
74880,-261.79
74925,-261.83
74971,-261.88
75016,-261.93
75061,-261.98
75106,-262.03
75151,-262.08
75197,-262.13
75242,-262.18
75287,-262.23
75332,-262.28
75377,-262.33
75422,-262.37
75468,-262.41
75513,-262.45
75558,-262.49
75603,-262.53
75648,-262.56
75694,-262.59
75739,-262.62
75784,-262.64
75829,-262.67
75875,-262.69
75920,-262.71
75965,-262.73
76010,-262.75
76055,-262.76
76101,-262.78
76146,-262.79
76191,-262.81
76236,-262.82
76281,-262.83
76327,-262.85
76372,-262.87
76417,-262.89
76462,-262.92
76508,-262.95
76553,-262.98
76598,-263.02
76643,-263.05
76689,-263.09
76734,-263.13
76779,-263.17
76824,-263.21
76870,-263.24
76915,-263.28
76960,-263.31
77006,-263.35
77051,-263.38
77096,-263.41
77141,-263.44
77187,-263.47
77232,-263.5
77277,-263.53
77323,-263.55
77368,-263.57
77413,-263.58
77459,-263.58
77504,-263.58
77549,-263.58
77595,-263.58
77640,-263.57
77685,-263.56
77731,-263.54
77776,-263.52
77821,-263.51
77867,-263.49
77912,-263.48
77957,-263.47
78003,-263.46
78048,-263.45
78093,-263.44
78139,-263.44
78184,-263.44
78230,-263.43
78275,-263.44
78320,-263.44
78366,-263.43
78411,-263.43
78457,-263.42
78502,-263.41
78547,-263.4
78593,-263.38
78638,-263.36
78684,-263.34
78729,-263.31
78774,-263.28
78820,-263.26
78865,-263.25
78911,-263.24
78956,-263.24
79002,-263.26
79047,-263.28
79092,-263.31
79138,-263.35
79183,-263.39
79229,-263.44
79274,-263.51
79320,-263.56
79365,-263.6
79411,-263.63
79456,-263.65
79502,-263.66
79547,-263.66
79593,-263.65
79638,-263.62
79684,-263.59
79729,-263.54
79775,-263.49
79820,-263.43
79866,-263.38
79911,-263.33
79957,-263.29
80002,-263.25
80048,-263.21
80093,-263.18
80139,-263.16
80185,-263.14
80230,-263.12
80276,-263.11
80321,-263.1
80367,-263.1
80412,-263.1
80458,-263.1
80504,-263.1
80549,-263.11
80595,-263.12
80640,-263.14
80686,-263.16
80732,-263.18
80777,-263.2
80823,-263.23
80869,-263.26
80914,-263.28
80960,-263.31
81005,-263.34
81051,-263.36
81097,-263.38
81142,-263.4
81188,-263.42
81234,-263.43
81279,-263.44
81325,-263.45
81371,-263.45
81416,-263.45
81462,-263.44
81508,-263.43
81553,-263.42
81599,-263.4
81645,-263.38
81691,-263.36
81736,-263.33
81782,-263.31
81828,-263.28
81873,-263.25
81919,-263.23
81965,-263.21
82011,-263.19
82056,-263.17
82102,-263.16
82148,-263.15
82194,-263.14
82240,-263.13
82285,-263.13
82331,-263.13
82377,-263.12
82423,-263.12
82469,-263.12
82514,-263.12
82560,-263.12
82606,-263.12
82652,-263.11
82698,-263.11
82744,-263.11
82789,-263.11
82835,-263.11
82881,-263.11
82927,-263.11
82973,-263.11
83019,-263.12
83065,-263.12
83111,-263.13
83156,-263.14
83202,-263.15
83248,-263.17
83294,-263.18
83340,-263.2
83386,-263.21
83432,-263.23
83478,-263.24
83524,-263.25
83570,-263.26
83616,-263.27
83662,-263.28
83708,-263.28
83754,-263.29
83800,-263.29
83846,-263.29
83892,-263.29
83938,-263.29
83984,-263.28
84030,-263.28
84076,-263.26
84122,-263.25
84168,-263.24
84214,-263.22
84260,-263.21
84306,-263.19
84352,-263.17
84398,-263.16
84444,-263.14
84490,-263.13
84536,-263.12
84582,-263.12
84628,-263.11
84674,-263.11
84720,-263.12
84766,-263.12
84813,-263.13
84859,-263.14
84905,-263.15
84951,-263.17
84997,-263.18
85043,-263.19
85089,-263.19
85135,-263.2
85182,-263.2
85228,-263.19
85274,-263.18
85320,-263.17
85366,-263.16
85413,-263.14
85459,-263.12
85505,-263.1
85551,-263.08
85597,-263.07
85644,-263.05
85690,-263.03
85736,-263.02
85782,-263.01
85829,-263.01
85875,-263
85921,-263
85967,-262.99
86014,-262.98
86060,-262.97
86106,-262.95
86153,-262.93
86199,-262.9
86245,-262.88
86292,-262.85
86338,-262.81
86384,-262.78
86431,-262.74
86477,-262.71
86523,-262.69
86570,-262.68
86616,-262.67
86662,-262.67
86709,-262.68
86755,-262.69
86802,-262.71
86848,-262.74
86894,-262.77
86941,-262.82
86987,-262.85
87034,-262.89
87080,-262.92
87127,-262.94
87173,-262.96
87220,-262.98
87266,-262.99
87313,-263
87359,-263
87406,-262.99
87452,-262.98
87499,-262.96
87545,-262.94
87592,-262.92
87638,-262.89
87685,-262.86
87732,-262.82
87778,-262.79
87825,-262.75
87871,-262.71
87918,-262.66
87964,-262.62
88011,-262.58
88058,-262.55
88104,-262.52
88151,-262.51
88198,-262.49
88244,-262.48
88291,-262.48
88338,-262.48
88384,-262.49
88431,-262.5
88478,-262.51
88524,-262.53
88571,-262.55
88618,-262.56
88664,-262.58
88711,-262.59
88758,-262.61
88805,-262.62
88851,-262.63
88898,-262.63
88945,-262.64
88992,-262.64
89038,-262.64
89085,-262.64
89132,-262.64
89179,-262.63
89226,-262.63
89272,-262.63
89319,-262.63
89366,-262.62
89413,-262.62
89460,-262.63
89507,-262.63
89553,-262.64
89600,-262.65
89647,-262.67
89694,-262.7
89741,-262.74
89788,-262.78
89835,-262.83
89882,-262.88
89929,-262.93
89976,-262.99
90023,-263.05
90070,-263.11
90117,-263.16
90164,-263.21
90211,-263.25
90258,-263.28
90305,-263.3
90352,-263.32
90399,-263.33
90446,-263.34
90493,-263.34
90540,-263.34
90587,-263.33
90634,-263.33
90682,-263.34
90729,-263.35
90776,-263.37
90823,-263.39
90870,-263.41
90917,-263.45
90964,-263.48
91012,-263.52
91059,-263.57
91106,-263.62
91153,-263.67
91200,-263.73
91248,-263.78
91295,-263.83
91342,-263.89
91389,-263.94
91437,-263.99
91484,-264.05
91531,-264.1
91578,-264.15
91626,-264.2
91673,-264.25
91720,-264.29
91768,-264.34
91815,-264.38
91862,-264.42
91910,-264.46
91957,-264.5
92004,-264.54
92052,-264.57
92099,-264.6
92147,-264.63
92194,-264.66
92241,-264.68
92289,-264.71
92336,-264.74
92384,-264.76
92431,-264.79
92479,-264.82
92526,-264.84
92574,-264.87
92621,-264.89
92669,-264.92
92716,-264.94
92764,-264.96
92811,-264.97
92859,-264.98
92906,-264.98
92954,-264.98
93002,-264.98
93049,-264.97
93097,-264.96
93144,-264.95
93192,-264.94
93240,-264.93
93287,-264.93
93335,-264.94
93383,-264.96
93430,-264.98
93478,-265.01
93526,-265.04
93574,-265.09
93621,-265.13
93669,-265.19
93717,-265.25
93764,-265.31
93812,-265.37
93860,-265.43
93908,-265.5
93956,-265.56
94003,-265.63
94051,-265.7
94099,-265.76
94147,-265.83
94195,-265.9
94243,-265.97
94290,-266.04
94338,-266.09
94386,-266.14
94434,-266.18
94482,-266.22
94530,-266.24
94578,-266.26
94626,-266.26
94674,-266.26
94722,-266.26
94770,-266.24
94818,-266.22
94866,-266.2
94914,-266.17
94962,-266.15
95010,-266.13
95058,-266.1
95106,-266.09
95154,-266.07
95202,-266.06
95250,-266.05
95298,-266.05
95346,-266.05
95394,-266.05
95442,-266.06
95490,-266.07
95539,-266.09
95587,-266.1
95635,-266.12
95683,-266.14
95731,-266.17
95779,-266.2
95828,-266.22
95876,-266.25
95924,-266.28
95972,-266.31
96020,-266.33
96069,-266.36
96117,-266.38
96165,-266.41
96214,-266.44
96262,-266.46
96310,-266.49
96359,-266.53
96407,-266.56
96455,-266.59
96504,-266.62
96552,-266.65
96600,-266.67
96649,-266.69
96697,-266.71
96746,-266.72
96794,-266.73
96842,-266.73
96891,-266.73
96939,-266.73
96988,-266.72
97036,-266.71
97085,-266.7
97133,-266.69
97182,-266.67
97230,-266.65
97279,-266.63
97327,-266.61
97376,-266.59
97425,-266.56
97473,-266.53
97522,-266.51
97570,-266.49
97619,-266.47
97668,-266.46
97716,-266.45
97765,-266.44
97814,-266.44
97862,-266.43
97911,-266.43
97960,-266.43
98009,-266.43
98057,-266.43
98106,-266.44
98155,-266.44
98204,-266.45
98252,-266.46
98301,-266.47
98350,-266.49
98399,-266.5
98448,-266.52
98497,-266.53
98545,-266.55
98594,-266.56
98643,-266.57
98692,-266.58
98741,-266.58
98790,-266.59
98839,-266.59
98888,-266.59
98937,-266.58
98986,-266.58
99035,-266.57
99084,-266.57
99133,-266.56
99182,-266.55
99231,-266.55
99280,-266.55
99329,-266.55
99378,-266.56
99427,-266.56
99476,-266.57
99525,-266.59
99574,-266.6
99623,-266.62
99673,-266.63
99722,-266.65
99771,-266.66
99820,-266.68
99869,-266.69
99919,-266.7
99968,-266.7
1.0002e+05,-266.71
1.0007e+05,-266.71
1.0012e+05,-266.72
1.0016e+05,-266.72
1.0021e+05,-266.72
1.0026e+05,-266.72
1.0031e+05,-266.73
1.0036e+05,-266.74
1.0041e+05,-266.75
1.0046e+05,-266.77
1.0051e+05,-266.8
1.0056e+05,-266.82
1.0061e+05,-266.84
1.0066e+05,-266.87
1.0071e+05,-266.89
1.0076e+05,-266.91
1.0081e+05,-266.93
1.0086e+05,-266.93
1.0091e+05,-266.94
1.0095e+05,-266.93
1.01e+05,-266.93
1.0105e+05,-266.91
1.011e+05,-266.9
1.0115e+05,-266.88
1.012e+05,-266.85
1.0125e+05,-266.82
1.013e+05,-266.79
1.0135e+05,-266.77
1.014e+05,-266.75
1.0145e+05,-266.73
1.015e+05,-266.73
1.0155e+05,-266.73
1.016e+05,-266.74
1.0165e+05,-266.75
1.017e+05,-266.78
1.0175e+05,-266.81
1.018e+05,-266.84
1.0185e+05,-266.89
1.019e+05,-266.93
1.0195e+05,-266.97
1.02e+05,-267.01
1.0205e+05,-267.06
1.021e+05,-267.1
1.0215e+05,-267.14
1.022e+05,-267.17
1.0225e+05,-267.21
1.023e+05,-267.25
1.0235e+05,-267.29
1.024e+05,-267.33
1.0245e+05,-267.36
1.025e+05,-267.39
1.0255e+05,-267.42
1.026e+05,-267.44
1.0265e+05,-267.47
1.027e+05,-267.49
1.0275e+05,-267.51
1.028e+05,-267.53
1.0285e+05,-267.55
1.029e+05,-267.57
1.0295e+05,-267.59
1.03e+05,-267.61
1.0305e+05,-267.63
1.031e+05,-267.65
1.0315e+05,-267.66
1.032e+05,-267.67
1.0325e+05,-267.68
1.033e+05,-267.69
1.0335e+05,-267.69
1.034e+05,-267.7
1.0345e+05,-267.7
1.035e+05,-267.7
1.0355e+05,-267.71
1.036e+05,-267.72
1.0365e+05,-267.73
1.037e+05,-267.75
1.0375e+05,-267.77
1.038e+05,-267.8
1.0385e+05,-267.83
1.039e+05,-267.86
1.0395e+05,-267.89
1.04e+05,-267.93
1.0405e+05,-267.96
1.041e+05,-268
1.0415e+05,-268.02
1.042e+05,-268.04
1.0425e+05,-268.04
1.043e+05,-268.04
1.0435e+05,-268.03
1.044e+05,-268.01
1.0445e+05,-267.99
1.0451e+05,-267.96
1.0456e+05,-267.92
1.0461e+05,-267.88
1.0466e+05,-267.84
1.0471e+05,-267.8
1.0476e+05,-267.76
1.0481e+05,-267.73
1.0486e+05,-267.7
1.0491e+05,-267.68
1.0496e+05,-267.66
1.0501e+05,-267.64
1.0506e+05,-267.63
1.0511e+05,-267.62
1.0516e+05,-267.61
1.0521e+05,-267.61
1.0526e+05,-267.6
1.0532e+05,-267.59
1.0537e+05,-267.58
1.0542e+05,-267.57
1.0547e+05,-267.55
1.0552e+05,-267.52
1.0557e+05,-267.5
1.0562e+05,-267.47
1.0567e+05,-267.43
1.0572e+05,-267.39
1.0577e+05,-267.35
1.0582e+05,-267.31
1.0587e+05,-267.27
1.0593e+05,-267.23
1.0598e+05,-267.19
1.0603e+05,-267.16
1.0608e+05,-267.13
1.0613e+05,-267.1
1.0618e+05,-267.07
1.0623e+05,-267.05
1.0628e+05,-267.03
1.0633e+05,-267
1.0638e+05,-266.98
1.0644e+05,-266.96
1.0649e+05,-266.93
1.0654e+05,-266.9
1.0659e+05,-266.87
1.0664e+05,-266.84
1.0669e+05,-266.81
1.0674e+05,-266.78
1.0679e+05,-266.75
1.0684e+05,-266.72
1.069e+05,-266.69
1.0695e+05,-266.66
1.07e+05,-266.64
1.0705e+05,-266.61
1.071e+05,-266.59
1.0715e+05,-266.56
1.072e+05,-266.54
1.0725e+05,-266.52
1.0731e+05,-266.5
1.0736e+05,-266.48
1.0741e+05,-266.46
1.0746e+05,-266.44
1.0751e+05,-266.42
1.0756e+05,-266.4
1.0761e+05,-266.38
1.0767e+05,-266.36
1.0772e+05,-266.34
1.0777e+05,-266.32
1.0782e+05,-266.3
1.0787e+05,-266.28
1.0792e+05,-266.25
1.0798e+05,-266.22
1.0803e+05,-266.19
1.0808e+05,-266.16
1.0813e+05,-266.13
1.0818e+05,-266.09
1.0823e+05,-266.06
1.0828e+05,-266.02
1.0834e+05,-265.98
1.0839e+05,-265.95
1.0844e+05,-265.91
1.0849e+05,-265.87
1.0854e+05,-265.84
1.0859e+05,-265.81
1.0865e+05,-265.77
1.087e+05,-265.74
1.0875e+05,-265.7
1.088e+05,-265.66
1.0885e+05,-265.62
1.0891e+05,-265.57
1.0896e+05,-265.52
1.0901e+05,-265.46
1.0906e+05,-265.4
1.0911e+05,-265.33
1.0917e+05,-265.26
1.0922e+05,-265.19
1.0927e+05,-265.12
1.0932e+05,-265.05
1.0937e+05,-264.97
1.0943e+05,-264.9
1.0948e+05,-264.83
1.0953e+05,-264.76
1.0958e+05,-264.69
1.0963e+05,-264.62
1.0969e+05,-264.56
1.0974e+05,-264.5
1.0979e+05,-264.44
1.0984e+05,-264.39
1.099e+05,-264.34
1.0995e+05,-264.29
1.1e+05,-264.25
1.1005e+05,-264.21
1.101e+05,-264.17
1.1016e+05,-264.14
1.1021e+05,-264.11
1.1026e+05,-264.09
1.1031e+05,-264.07
1.1037e+05,-264.06
1.1042e+05,-264.04
1.1047e+05,-264.02
1.1052e+05,-264
1.1058e+05,-263.97
1.1063e+05,-263.94
1.1068e+05,-263.9
1.1073e+05,-263.87
1.1079e+05,-263.83
1.1084e+05,-263.8
1.1089e+05,-263.76
1.1094e+05,-263.72
1.11e+05,-263.67
1.1105e+05,-263.63
1.111e+05,-263.57
1.1116e+05,-263.52
1.1121e+05,-263.45
1.1126e+05,-263.38
1.1131e+05,-263.3
1.1137e+05,-263.22
1.1142e+05,-263.13
1.1147e+05,-263.04
1.1152e+05,-262.94
1.1158e+05,-262.85
1.1163e+05,-262.76
1.1168e+05,-262.67
1.1173e+05,-262.58
1.1179e+05,-262.5
1.1184e+05,-262.42
1.1189e+05,-262.35
1.1194e+05,-262.28
1.12e+05,-262.22
1.1205e+05,-262.15
1.121e+05,-262.09
1.1216e+05,-262.04
1.1221e+05,-261.98
1.1226e+05,-261.93
1.1231e+05,-261.89
1.1237e+05,-261.85
1.1242e+05,-261.81
1.1247e+05,-261.78
1.1253e+05,-261.75
1.1258e+05,-261.73
1.1263e+05,-261.71
1.1269e+05,-261.69
1.1274e+05,-261.68
1.1279e+05,-261.66
1.1284e+05,-261.64
1.129e+05,-261.62
1.1295e+05,-261.6
1.13e+05,-261.57
1.1306e+05,-261.54
1.1311e+05,-261.51
1.1316e+05,-261.47
1.1322e+05,-261.43
1.1327e+05,-261.39
1.1332e+05,-261.34
1.1338e+05,-261.3
1.1343e+05,-261.25
1.1348e+05,-261.2
1.1354e+05,-261.14
1.1359e+05,-261.09
1.1364e+05,-261.04
1.137e+05,-260.98
1.1375e+05,-260.92
1.138e+05,-260.86
1.1386e+05,-260.8
1.1391e+05,-260.73
1.1396e+05,-260.67
1.1402e+05,-260.6
1.1407e+05,-260.53
1.1412e+05,-260.45
1.1418e+05,-260.38
1.1423e+05,-260.3
1.1428e+05,-260.21
1.1434e+05,-260.12
1.1439e+05,-260.03
1.1444e+05,-259.94
1.145e+05,-259.85
1.1455e+05,-259.75
1.146e+05,-259.66
1.1466e+05,-259.57
1.1471e+05,-259.48
1.1476e+05,-259.39
1.1482e+05,-259.3
1.1487e+05,-259.21
1.1493e+05,-259.13
1.1498e+05,-259.05
1.1503e+05,-258.96
1.1509e+05,-258.89
1.1514e+05,-258.81
1.1519e+05,-258.74
1.1525e+05,-258.68
1.153e+05,-258.61
1.1536e+05,-258.56
1.1541e+05,-258.5
1.1546e+05,-258.45
1.1552e+05,-258.4
1.1557e+05,-258.35
1.1563e+05,-258.3
1.1568e+05,-258.25
1.1573e+05,-258.2
1.1579e+05,-258.14
1.1584e+05,-258.08
1.159e+05,-258.01
1.1595e+05,-257.94
1.16e+05,-257.87
1.1606e+05,-257.79
1.1611e+05,-257.71
1.1617e+05,-257.64
1.1622e+05,-257.56
1.1627e+05,-257.49
1.1633e+05,-257.42
1.1638e+05,-257.36
1.1644e+05,-257.3
1.1649e+05,-257.25
1.1655e+05,-257.2
1.166e+05,-257.15
1.1665e+05,-257.11
1.1671e+05,-257.08
1.1676e+05,-257.05
1.1682e+05,-257.02
1.1687e+05,-256.99
1.1693e+05,-256.95
1.1698e+05,-256.91
1.1704e+05,-256.87
1.1709e+05,-256.82
1.1714e+05,-256.76
1.172e+05,-256.69
1.1725e+05,-256.62
1.1731e+05,-256.55
1.1736e+05,-256.47
1.1742e+05,-256.38
1.1747e+05,-256.29
1.1753e+05,-256.2
1.1758e+05,-256.11
1.1764e+05,-256.03
1.1769e+05,-255.96
1.1775e+05,-255.89
1.178e+05,-255.82
1.1785e+05,-255.77
1.1791e+05,-255.71
1.1796e+05,-255.66
1.1802e+05,-255.62
1.1807e+05,-255.59
1.1813e+05,-255.56
1.1818e+05,-255.52
1.1824e+05,-255.49
1.1829e+05,-255.46
1.1835e+05,-255.43
1.184e+05,-255.39
1.1846e+05,-255.36
1.1851e+05,-255.32
1.1857e+05,-255.28
1.1862e+05,-255.24
1.1868e+05,-255.2
1.1873e+05,-255.15
1.1879e+05,-255.11
1.1884e+05,-255.07
1.189e+05,-255.02
1.1895e+05,-254.98
1.1901e+05,-254.94
1.1906e+05,-254.89
1.1912e+05,-254.85
1.1918e+05,-254.8
1.1923e+05,-254.76
1.1929e+05,-254.71
1.1934e+05,-254.66
1.194e+05,-254.61
1.1945e+05,-254.56
1.1951e+05,-254.51
1.1956e+05,-254.45
1.1962e+05,-254.4
1.1967e+05,-254.35
1.1973e+05,-254.29
1.1978e+05,-254.24
1.1984e+05,-254.19
1.199e+05,-254.14
1.1995e+05,-254.09
1.2001e+05,-254.05
1.2006e+05,-254
1.2012e+05,-253.95
1.2017e+05,-253.9
1.2023e+05,-253.86
1.2028e+05,-253.82
1.2034e+05,-253.78
1.204e+05,-253.75
1.2045e+05,-253.71
1.2051e+05,-253.69
1.2056e+05,-253.66
1.2062e+05,-253.64
1.2067e+05,-253.62
1.2073e+05,-253.61
1.2079e+05,-253.6
1.2084e+05,-253.58
1.209e+05,-253.57
1.2095e+05,-253.56
1.2101e+05,-253.54
1.2106e+05,-253.52
1.2112e+05,-253.5
1.2118e+05,-253.48
1.2123e+05,-253.45
1.2129e+05,-253.42
1.2134e+05,-253.39
1.214e+05,-253.36
1.2146e+05,-253.32
1.2151e+05,-253.29
1.2157e+05,-253.27
1.2162e+05,-253.24
1.2168e+05,-253.22
1.2174e+05,-253.19
1.2179e+05,-253.18
1.2185e+05,-253.16
1.219e+05,-253.15
1.2196e+05,-253.14
1.2202e+05,-253.13
1.2207e+05,-253.12
1.2213e+05,-253.11
1.2219e+05,-253.11
1.2224e+05,-253.1
1.223e+05,-253.09
1.2235e+05,-253.09
1.2241e+05,-253.09
1.2247e+05,-253.09
1.2252e+05,-253.09
1.2258e+05,-253.09
1.2264e+05,-253.09
1.2269e+05,-253.08
1.2275e+05,-253.07
1.2281e+05,-253.06
1.2286e+05,-253.03
1.2292e+05,-253
1.2298e+05,-252.96
1.2303e+05,-252.9
1.2309e+05,-252.84
1.2314e+05,-252.78
1.232e+05,-252.71
1.2326e+05,-252.64
1.2331e+05,-252.57
1.2337e+05,-252.49
1.2343e+05,-252.42
1.2348e+05,-252.36
1.2354e+05,-252.3
1.236e+05,-252.25
1.2365e+05,-252.21
1.2371e+05,-252.18
1.2377e+05,-252.16
1.2382e+05,-252.14
1.2388e+05,-252.12
1.2394e+05,-252.11
1.2399e+05,-252.11
1.2405e+05,-252.1
1.2411e+05,-252.1
1.2417e+05,-252.1
1.2422e+05,-252.1
1.2428e+05,-252.1
1.2434e+05,-252.1
1.2439e+05,-252.1
1.2445e+05,-252.1
1.2451e+05,-252.1
1.2456e+05,-252.1
1.2462e+05,-252.1
1.2468e+05,-252.1
1.2473e+05,-252.1
1.2479e+05,-252.09
1.2485e+05,-252.09
1.2491e+05,-252.09
1.2496e+05,-252.08
1.2502e+05,-252.07
1.2508e+05,-252.07
1.2513e+05,-252.06
1.2519e+05,-252.05
1.2525e+05,-252.04
1.2531e+05,-252.02
1.2536e+05,-252.01
1.2542e+05,-251.99
1.2548e+05,-251.98
1.2554e+05,-251.96
1.2559e+05,-251.94
1.2565e+05,-251.93
1.2571e+05,-251.92
1.2576e+05,-251.91
1.2582e+05,-251.91
1.2588e+05,-251.91
1.2594e+05,-251.92
1.2599e+05,-251.93
1.2605e+05,-251.93
1.2611e+05,-251.94
1.2617e+05,-251.95
1.2622e+05,-251.96
1.2628e+05,-251.96
1.2634e+05,-251.96
1.264e+05,-251.95
1.2645e+05,-251.93
1.2651e+05,-251.91
1.2657e+05,-251.88
1.2663e+05,-251.84
1.2669e+05,-251.8
1.2674e+05,-251.75
1.268e+05,-251.69
1.2686e+05,-251.63
1.2692e+05,-251.58
1.2697e+05,-251.54
1.2703e+05,-251.5
1.2709e+05,-251.47
1.2715e+05,-251.45
1.2721e+05,-251.43
1.2726e+05,-251.42
1.2732e+05,-251.42
1.2738e+05,-251.43
1.2744e+05,-251.44
1.275e+05,-251.47
1.2755e+05,-251.48
1.2761e+05,-251.48
1.2767e+05,-251.47
1.2773e+05,-251.44
1.2779e+05,-251.39
1.2784e+05,-251.32
1.279e+05,-251.25
1.2796e+05,-251.16
1.2802e+05,-251.07
1.2808e+05,-250.99
1.2813e+05,-250.9
1.2819e+05,-250.84
1.2825e+05,-250.79
1.2831e+05,-250.76
1.2837e+05,-250.73
1.2842e+05,-250.71
1.2848e+05,-250.7
1.2854e+05,-250.68
1.286e+05,-250.66
1.2866e+05,-250.64
1.2872e+05,-250.62
1.2877e+05,-250.6
1.2883e+05,-250.58
1.2889e+05,-250.56
1.2895e+05,-250.54
1.2901e+05,-250.52
1.2907e+05,-250.49
1.2913e+05,-250.47
1.2918e+05,-250.45
1.2924e+05,-250.43
1.293e+05,-250.41
1.2936e+05,-250.38
1.2942e+05,-250.35
1.2948e+05,-250.32
1.2954e+05,-250.28
1.2959e+05,-250.24
1.2965e+05,-250.21
1.2971e+05,-250.17
1.2977e+05,-250.14
1.2983e+05,-250.1
1.2989e+05,-250.07
1.2995e+05,-250.04
1.3001e+05,-250.02
1.3006e+05,-250.01
1.3012e+05,-250
1.3018e+05,-249.97
1.3024e+05,-249.94
1.303e+05,-249.89
1.3036e+05,-249.82
1.3042e+05,-249.72
1.3048e+05,-249.6
1.3053e+05,-249.43
1.3059e+05,-249.24
1.3065e+05,-249.05
1.3071e+05,-248.87
1.3077e+05,-248.7
1.3083e+05,-248.58
1.3089e+05,-248.48
1.3095e+05,-248.42
1.3101e+05,-248.38
1.3107e+05,-248.36
1.3112e+05,-248.35
1.3118e+05,-248.36
1.3124e+05,-248.37
1.313e+05,-248.39
1.3136e+05,-248.4
1.3142e+05,-248.42
1.3148e+05,-248.43
1.3154e+05,-248.44
1.316e+05,-248.45
1.3166e+05,-248.46
1.3172e+05,-248.47
1.3178e+05,-248.48
1.3184e+05,-248.49
1.319e+05,-248.5
1.3196e+05,-248.52
1.3201e+05,-248.53
1.3207e+05,-248.54
1.3213e+05,-248.55
1.3219e+05,-248.55
1.3225e+05,-248.55
1.3231e+05,-248.54
1.3237e+05,-248.53
1.3243e+05,-248.52
1.3249e+05,-248.5
1.3255e+05,-248.48
1.3261e+05,-248.46
1.3267e+05,-248.44
1.3273e+05,-248.42
1.3279e+05,-248.4
1.3285e+05,-248.38
1.3291e+05,-248.36
1.3297e+05,-248.35
1.3303e+05,-248.34
1.3309e+05,-248.33
1.3315e+05,-248.33
1.3321e+05,-248.32
1.3327e+05,-248.31
1.3333e+05,-248.31
1.3339e+05,-248.3
1.3345e+05,-248.29
1.3351e+05,-248.29
1.3357e+05,-248.28
1.3363e+05,-248.27
1.3369e+05,-248.26
1.3375e+05,-248.24
1.3381e+05,-248.22
1.3387e+05,-248.2
1.3393e+05,-248.17
1.3399e+05,-248.14
1.3405e+05,-248.11
1.3411e+05,-248.07
1.3417e+05,-248.04
1.3423e+05,-248.01
1.3429e+05,-247.98
1.3435e+05,-247.94
1.3441e+05,-247.91
1.3447e+05,-247.88
1.3453e+05,-247.84
1.3459e+05,-247.81
1.3465e+05,-247.78
1.3471e+05,-247.75
1.3477e+05,-247.72
1.3483e+05,-247.7
1.349e+05,-247.66
1.3496e+05,-247.63
1.3502e+05,-247.59
1.3508e+05,-247.55
1.3514e+05,-247.49
1.352e+05,-247.44
1.3526e+05,-247.37
1.3532e+05,-247.29
1.3538e+05,-247.21
1.3544e+05,-247.12
1.355e+05,-247.02
1.3556e+05,-246.93
1.3562e+05,-246.84
1.3568e+05,-246.76
1.3574e+05,-246.68
1.358e+05,-246.61
1.3587e+05,-246.54
1.3593e+05,-246.48
1.3599e+05,-246.43
1.3605e+05,-246.39
1.3611e+05,-246.35
1.3617e+05,-246.3
1.3623e+05,-246.24
1.3629e+05,-246.17
1.3635e+05,-246.08
1.3641e+05,-245.98
1.3647e+05,-245.86
1.3654e+05,-245.73
1.366e+05,-245.6
1.3666e+05,-245.46
1.3672e+05,-245.33
1.3678e+05,-245.2
1.3684e+05,-245.06
1.369e+05,-244.93
1.3696e+05,-244.81
1.3702e+05,-244.69
1.3709e+05,-244.56
1.3715e+05,-244.43
1.3721e+05,-244.3
1.3727e+05,-244.17
1.3733e+05,-244.04
1.3739e+05,-243.92
1.3745e+05,-243.81
1.3751e+05,-243.7
1.3758e+05,-243.59
1.3764e+05,-243.49
1.377e+05,-243.39
1.3776e+05,-243.3
1.3782e+05,-243.2
1.3788e+05,-243.11
1.3794e+05,-243.01
1.3801e+05,-242.91
1.3807e+05,-242.79
1.3813e+05,-242.67
1.3819e+05,-242.54
1.3825e+05,-242.4
1.3831e+05,-242.25
1.3837e+05,-242.1
1.3844e+05,-241.96
1.385e+05,-241.81
1.3856e+05,-241.68
1.3862e+05,-241.56
1.3868e+05,-241.45
1.3874e+05,-241.36
1.3881e+05,-241.28
1.3887e+05,-241.2
1.3893e+05,-241.14
1.3899e+05,-241.08
1.3905e+05,-241.02
1.3911e+05,-240.96
1.3918e+05,-240.91
1.3924e+05,-240.86
1.393e+05,-240.81
1.3936e+05,-240.75
1.3942e+05,-240.7
1.3949e+05,-240.64
1.3955e+05,-240.59
1.3961e+05,-240.52
1.3967e+05,-240.46
1.3973e+05,-240.39
1.3979e+05,-240.32
1.3986e+05,-240.24
1.3992e+05,-240.16
1.3998e+05,-240.08
1.4004e+05,-240
1.401e+05,-239.91
1.4017e+05,-239.82
1.4023e+05,-239.73
1.4029e+05,-239.64
1.4035e+05,-239.55
1.4041e+05,-239.47
1.4048e+05,-239.4
1.4054e+05,-239.33
1.406e+05,-239.27
1.4066e+05,-239.22
1.4073e+05,-239.18
1.4079e+05,-239.16
1.4085e+05,-239.15
1.4091e+05,-239.15
1.4097e+05,-239.14
1.4104e+05,-239.15
1.411e+05,-239.15
1.4116e+05,-239.16
1.4122e+05,-239.16
1.4129e+05,-239.17
1.4135e+05,-239.17
1.4141e+05,-239.16
1.4147e+05,-239.14
1.4153e+05,-239.12
1.416e+05,-239.07
1.4166e+05,-238.98
1.4172e+05,-238.88
1.4178e+05,-238.75
1.4184e+05,-238.61
1.4191e+05,-238.46
1.4197e+05,-238.31
1.4203e+05,-238.16
1.4209e+05,-238.02
1.4215e+05,-237.88
1.4222e+05,-237.77
1.4228e+05,-237.67
1.4234e+05,-237.57
1.424e+05,-237.48
1.4246e+05,-237.38
1.4253e+05,-237.28
1.4259e+05,-237.16
1.4265e+05,-237.03
1.4271e+05,-236.89
1.4277e+05,-236.72
1.4283e+05,-236.53
1.429e+05,-236.31
1.4296e+05,-236.08
1.4302e+05,-235.85
1.4308e+05,-235.63
1.4314e+05,-235.43
1.432e+05,-235.25
1.4327e+05,-235.09
1.4333e+05,-234.95
1.4339e+05,-234.83
1.4345e+05,-234.74
1.4351e+05,-234.66
1.4357e+05,-234.61
1.4363e+05,-234.58
1.437e+05,-234.56
1.4376e+05,-234.53
1.4382e+05,-234.51
1.4388e+05,-234.48
1.4394e+05,-234.45
1.44e+05,-234.42
1.4406e+05,-234.39
1.4412e+05,-234.36
1.4418e+05,-234.32
1.4424e+05,-234.29
1.4431e+05,-234.26
1.4437e+05,-234.23
1.4443e+05,-234.21
1.4449e+05,-234.18
1.4455e+05,-234.16
1.4461e+05,-234.14
1.4467e+05,-234.12
1.4473e+05,-234.1
1.4479e+05,-234.08
1.4485e+05,-234.06
1.4491e+05,-234.03
1.4497e+05,-234.01
1.4503e+05,-233.98
1.4509e+05,-233.94
1.4516e+05,-233.9
1.4522e+05,-233.86
1.4528e+05,-233.81
1.4534e+05,-233.76
1.454e+05,-233.71
1.4546e+05,-233.65
1.4552e+05,-233.59
1.4558e+05,-233.52
1.4564e+05,-233.45
1.457e+05,-233.39
1.4576e+05,-233.34
1.4582e+05,-233.32
1.4588e+05,-233.33
1.4594e+05,-233.36
1.46e+05,-233.41
1.4606e+05,-233.48
1.4613e+05,-233.55
1.4619e+05,-233.64
1.4625e+05,-233.72
1.4631e+05,-233.8
1.4637e+05,-233.86
1.4643e+05,-233.9
1.4649e+05,-233.93
1.4655e+05,-233.95
1.4661e+05,-233.96
1.4667e+05,-233.96
1.4673e+05,-233.96
1.4679e+05,-233.97
1.4685e+05,-233.97
1.4692e+05,-233.97
1.4698e+05,-233.97
1.4704e+05,-233.97
1.471e+05,-233.97
1.4716e+05,-233.97
1.4722e+05,-233.97
1.4728e+05,-233.96
1.4734e+05,-233.95
1.474e+05,-233.94
1.4746e+05,-233.92
1.4752e+05,-233.91
1.4759e+05,-233.9
1.4765e+05,-233.88
1.4771e+05,-233.88
1.4777e+05,-233.87
1.4783e+05,-233.87
1.4789e+05,-233.87
1.4795e+05,-233.88
1.4801e+05,-233.89
1.4807e+05,-233.9
1.4813e+05,-233.91
1.4819e+05,-233.92
1.4825e+05,-233.92
1.4832e+05,-233.93
1.4838e+05,-233.93
1.4844e+05,-233.94
1.485e+05,-233.96
1.4856e+05,-233.99
1.4862e+05,-234.05
1.4868e+05,-234.13
1.4874e+05,-234.24
1.488e+05,-234.38
1.4886e+05,-234.55
1.4893e+05,-234.72
1.4899e+05,-234.88
1.4905e+05,-235.03
1.4911e+05,-235.13
1.4917e+05,-235.21
1.4923e+05,-235.26
1.4929e+05,-235.28
1.4935e+05,-235.29
1.4941e+05,-235.29
1.4947e+05,-235.27
1.4953e+05,-235.26
1.4959e+05,-235.24
1.4966e+05,-235.22
1.4972e+05,-235.21
1.4978e+05,-235.19
1.4984e+05,-235.17
1.499e+05,-235.15
1.4996e+05,-235.12
1.5002e+05,-235.1
1.5008e+05,-235.07
1.5014e+05,-235.04
1.502e+05,-235.01
1.5026e+05,-234.97
1.5032e+05,-234.94
1.5039e+05,-234.9
1.5045e+05,-234.87
1.5051e+05,-234.84
1.5057e+05,-234.81
1.5063e+05,-234.77
1.5069e+05,-234.74
1.5075e+05,-234.71
1.5081e+05,-234.67
1.5087e+05,-234.63
1.5093e+05,-234.59
1.5099e+05,-234.54
1.5105e+05,-234.49
1.5112e+05,-234.43
1.5118e+05,-234.37
1.5124e+05,-234.31
1.513e+05,-234.24
1.5136e+05,-234.17
1.5142e+05,-234.1
1.5148e+05,-234.04
1.5154e+05,-233.97
1.516e+05,-233.92
1.5166e+05,-233.87
1.5172e+05,-233.82
1.5178e+05,-233.78
1.5185e+05,-233.74
1.5191e+05,-233.7
1.5197e+05,-233.65
1.5203e+05,-233.61
1.5209e+05,-233.55
1.5215e+05,-233.49
1.5221e+05,-233.42
1.5227e+05,-233.34
1.5233e+05,-233.25
1.5239e+05,-233.15
1.5245e+05,-233.03
1.5251e+05,-232.89
1.5258e+05,-232.73
1.5264e+05,-232.56
1.527e+05,-232.38
1.5276e+05,-232.17
1.5282e+05,-231.96
1.5288e+05,-231.72
1.5294e+05,-231.48
1.53e+05,-231.23
1.5306e+05,-230.97
1.5312e+05,-230.72
1.5318e+05,-230.49
1.5324e+05,-230.27
1.5331e+05,-230.07
1.5337e+05,-229.9
1.5343e+05,-229.74
1.5349e+05,-229.62
1.5355e+05,-229.52
1.5361e+05,-229.45
1.5367e+05,-229.41
1.5373e+05,-229.4
1.5379e+05,-229.4
1.5385e+05,-229.38
1.5391e+05,-229.35
1.5398e+05,-229.31
1.5404e+05,-229.25
1.541e+05,-229.17
1.5416e+05,-229.07
1.5422e+05,-228.95
1.5428e+05,-228.8
1.5434e+05,-228.64
1.544e+05,-228.46
1.5446e+05,-228.28
1.5452e+05,-228.12
1.5459e+05,-227.98
1.5465e+05,-227.86
1.5471e+05,-227.76
1.5477e+05,-227.7
1.5483e+05,-227.65
1.5489e+05,-227.62
1.5495e+05,-227.6
1.5501e+05,-227.6
1.5507e+05,-227.6
1.5514e+05,-227.62
1.552e+05,-227.64
1.5526e+05,-227.67
1.5532e+05,-227.7
1.5538e+05,-227.73
1.5544e+05,-227.78
1.555e+05,-227.82
1.5556e+05,-227.87
1.5562e+05,-227.92
1.5569e+05,-227.97
1.5575e+05,-228.01
1.5581e+05,-228.04
1.5587e+05,-228.07
1.5593e+05,-228.1
1.5599e+05,-228.12
1.5605e+05,-228.15
1.5611e+05,-228.17
1.5618e+05,-228.19
1.5624e+05,-228.21
1.563e+05,-228.23
1.5636e+05,-228.26
1.5642e+05,-228.3
1.5648e+05,-228.35
1.5654e+05,-228.4
1.566e+05,-228.46
1.5667e+05,-228.53
1.5673e+05,-228.59
1.5679e+05,-228.66
1.5685e+05,-228.73
1.5691e+05,-228.79
1.5697e+05,-228.84
1.5703e+05,-228.89
1.5709e+05,-228.92
1.5716e+05,-228.95
1.5722e+05,-228.97
1.5728e+05,-228.98
1.5734e+05,-228.99
1.574e+05,-228.99
1.5746e+05,-228.99
1.5752e+05,-228.97
1.5758e+05,-228.94
1.5764e+05,-228.9
1.577e+05,-228.83
1.5777e+05,-228.76
1.5783e+05,-228.66
1.5789e+05,-228.54
1.5795e+05,-228.42
1.5801e+05,-228.29
1.5807e+05,-228.16
1.5813e+05,-228.03
1.5819e+05,-227.9
1.5825e+05,-227.79
1.5831e+05,-227.69
1.5837e+05,-227.6
1.5843e+05,-227.53
1.5849e+05,-227.47
1.5855e+05,-227.42
1.5861e+05,-227.38
1.5868e+05,-227.35
1.5874e+05,-227.33
1.588e+05,-227.31
1.5886e+05,-227.29
1.5892e+05,-227.28
1.5898e+05,-227.27
1.5904e+05,-227.26
1.591e+05,-227.25
1.5916e+05,-227.24
1.5922e+05,-227.21
1.5928e+05,-227.17
1.5934e+05,-227.11
1.594e+05,-227.04
1.5946e+05,-226.94
1.5952e+05,-226.82
1.5958e+05,-226.68
1.5964e+05,-226.51
1.597e+05,-226.33
1.5976e+05,-226.15
1.5983e+05,-225.97
1.5989e+05,-225.83
1.5995e+05,-225.75
1.6001e+05,-225.71
1.6007e+05,-225.7
1.6013e+05,-225.72
1.6019e+05,-225.76
1.6025e+05,-225.82
1.6031e+05,-225.88
1.6037e+05,-225.95
1.6043e+05,-226.01
1.6049e+05,-226.05
1.6055e+05,-226.09
1.6061e+05,-226.12
1.6067e+05,-226.16
1.6073e+05,-226.2
1.6079e+05,-226.26
1.6085e+05,-226.32
1.6091e+05,-226.41
1.6097e+05,-226.51
1.6103e+05,-226.63
1.6109e+05,-226.78
1.6115e+05,-226.95
1.6121e+05,-227.14
1.6127e+05,-227.33
1.6133e+05,-227.51
1.6139e+05,-227.66
1.6145e+05,-227.8
1.6151e+05,-227.92
1.6157e+05,-228.02
1.6163e+05,-228.09
1.6169e+05,-228.15
1.6175e+05,-228.18
1.6181e+05,-228.19
1.6187e+05,-228.19
1.6193e+05,-228.19
1.6199e+05,-228.17
1.6205e+05,-228.16
1.6211e+05,-228.15
1.6217e+05,-228.13
1.6223e+05,-228.12
1.6229e+05,-228.11
1.6235e+05,-228.1
1.6241e+05,-228.09
1.6247e+05,-228.08
1.6254e+05,-228.06
1.626e+05,-228.04
1.6266e+05,-228.02
1.6272e+05,-227.98
1.6278e+05,-227.95
1.6284e+05,-227.9
1.629e+05,-227.85
1.6296e+05,-227.79
1.6302e+05,-227.71
1.6308e+05,-227.63
1.6314e+05,-227.53
1.632e+05,-227.42
1.6326e+05,-227.3
1.6332e+05,-227.19
1.6338e+05,-227.08
1.6344e+05,-226.97
1.635e+05,-226.88
1.6356e+05,-226.78
1.6362e+05,-226.69
1.6368e+05,-226.6
1.6374e+05,-226.51
1.638e+05,-226.42
1.6386e+05,-226.32
1.6392e+05,-226.23
1.6397e+05,-226.14
1.6403e+05,-226.06
1.6409e+05,-225.98
1.6415e+05,-225.91
1.6421e+05,-225.85
1.6427e+05,-225.79
1.6433e+05,-225.75
1.6439e+05,-225.7
1.6445e+05,-225.66
1.6451e+05,-225.62
1.6457e+05,-225.58
1.6463e+05,-225.54
1.6469e+05,-225.51
1.6475e+05,-225.47
1.6481e+05,-225.44
1.6487e+05,-225.41
1.6493e+05,-225.38
1.6499e+05,-225.35
1.6505e+05,-225.32
1.6511e+05,-225.3
1.6517e+05,-225.27
1.6523e+05,-225.25
1.6529e+05,-225.23
1.6535e+05,-225.22
1.6541e+05,-225.2
1.6547e+05,-225.19
1.6553e+05,-225.17
1.6559e+05,-225.16
1.6565e+05,-225.15
1.6571e+05,-225.14
1.6577e+05,-225.13
1.6583e+05,-225.12
1.6589e+05,-225.11
1.6595e+05,-225.09
1.6601e+05,-225.08
1.6607e+05,-225.06
1.6613e+05,-225.03
1.6619e+05,-225.01
1.6625e+05,-224.98
1.6631e+05,-224.94
1.6637e+05,-224.91
1.6643e+05,-224.87
1.6649e+05,-224.82
1.6655e+05,-224.78
1.6661e+05,-224.74
1.6667e+05,-224.69
1.6673e+05,-224.65
1.6679e+05,-224.61
1.6685e+05,-224.56
1.6691e+05,-224.52
1.6697e+05,-224.48
1.6703e+05,-224.44
1.6709e+05,-224.4
1.6715e+05,-224.36
1.6721e+05,-224.32
1.6727e+05,-224.29
1.6733e+05,-224.26
1.6739e+05,-224.23
1.6745e+05,-224.2
1.6751e+05,-224.17
1.6757e+05,-224.15
1.6763e+05,-224.12
1.6769e+05,-224.1
1.6775e+05,-224.08
1.6781e+05,-224.05
1.6787e+05,-224.03
1.6793e+05,-224
1.6799e+05,-223.98
1.6805e+05,-223.95
1.6811e+05,-223.92
1.6817e+05,-223.89
1.6823e+05,-223.86
1.6829e+05,-223.82
1.6835e+05,-223.78
1.6841e+05,-223.75
1.6847e+05,-223.71
1.6853e+05,-223.65
1.686e+05,-223.56
1.6866e+05,-223.45
1.6872e+05,-223.32
1.6878e+05,-223.17
1.6884e+05,-223.01
1.689e+05,-222.85
1.6896e+05,-222.69
1.6902e+05,-222.54
1.6908e+05,-222.41
1.6914e+05,-222.29
1.692e+05,-222.19
1.6926e+05,-222.12
1.6932e+05,-222.07
1.6938e+05,-222.03
1.6944e+05,-222.01
1.695e+05,-222
1.6956e+05,-222
1.6962e+05,-222
1.6968e+05,-222.02
1.6974e+05,-222.03
1.698e+05,-222.05
1.6986e+05,-222.06
1.6992e+05,-222.07
1.6998e+05,-222.07
1.7004e+05,-222.07
1.701e+05,-222.07
1.7016e+05,-222.07
1.7023e+05,-222.07
1.7029e+05,-222.08
1.7035e+05,-222.09
1.7041e+05,-222.11
1.7047e+05,-222.14
1.7053e+05,-222.19
1.7059e+05,-222.24
1.7065e+05,-222.3
1.7071e+05,-222.37
1.7077e+05,-222.45
1.7083e+05,-222.53
1.7089e+05,-222.63
1.7095e+05,-222.73
1.7101e+05,-222.85
1.7107e+05,-222.97
1.7113e+05,-223.1
1.7119e+05,-223.23
1.7126e+05,-223.37
1.7132e+05,-223.5
1.7138e+05,-223.62
1.7144e+05,-223.74
1.715e+05,-223.84
1.7156e+05,-223.93
1.7162e+05,-224.01
1.7168e+05,-224.07
1.7174e+05,-224.12
1.718e+05,-224.15
1.7186e+05,-224.16
1.7192e+05,-224.17
1.7198e+05,-224.19
1.7205e+05,-224.22
1.7211e+05,-224.27
1.7217e+05,-224.32
1.7223e+05,-224.4
1.7229e+05,-224.48
1.7235e+05,-224.59
1.7241e+05,-224.71
1.7247e+05,-224.84
1.7253e+05,-224.98
1.7259e+05,-225.12
1.7265e+05,-225.24
1.7271e+05,-225.36
1.7278e+05,-225.46
1.7284e+05,-225.56
1.729e+05,-225.64
1.7296e+05,-225.71
1.7302e+05,-225.78
1.7308e+05,-225.83
1.7314e+05,-225.88
1.732e+05,-225.92
1.7326e+05,-225.94
1.7332e+05,-225.96
1.7339e+05,-225.97
1.7345e+05,-225.97
1.7351e+05,-225.96
1.7357e+05,-225.95
1.7363e+05,-225.93
1.7369e+05,-225.91
1.7375e+05,-225.89
1.7381e+05,-225.87
1.7387e+05,-225.84
1.7394e+05,-225.82
1.74e+05,-225.79
1.7406e+05,-225.76
1.7412e+05,-225.74
1.7418e+05,-225.71
1.7424e+05,-225.67
1.743e+05,-225.64
1.7436e+05,-225.6
1.7442e+05,-225.57
1.7448e+05,-225.53
1.7454e+05,-225.49
1.7461e+05,-225.44
1.7467e+05,-225.37
1.7473e+05,-225.29
1.7479e+05,-225.18
1.7485e+05,-225.06
1.7491e+05,-224.93
1.7497e+05,-224.78
1.7503e+05,-224.63
1.7509e+05,-224.47
1.7515e+05,-224.31
1.7521e+05,-224.16
1.7527e+05,-224.01
1.7534e+05,-223.87
1.754e+05,-223.73
1.7546e+05,-223.6
1.7552e+05,-223.47
1.7558e+05,-223.35
1.7564e+05,-223.23
1.757e+05,-223.13
1.7576e+05,-223.04
1.7582e+05,-222.97
1.7588e+05,-222.93
1.7594e+05,-222.92
1.76e+05,-222.93
1.7606e+05,-222.95
1.7612e+05,-223
1.7619e+05,-223.05
1.7625e+05,-223.11
1.7631e+05,-223.17
1.7637e+05,-223.22
1.7643e+05,-223.26
1.7649e+05,-223.29
1.7655e+05,-223.32
1.7661e+05,-223.33
1.7667e+05,-223.34
1.7673e+05,-223.33
1.7679e+05,-223.31
1.7685e+05,-223.29
1.7691e+05,-223.25
1.7697e+05,-223.21
1.7703e+05,-223.16
1.7709e+05,-223.1
1.7715e+05,-223.04
1.7721e+05,-222.98
1.7727e+05,-222.91
1.7733e+05,-222.85
1.7739e+05,-222.8
1.7745e+05,-222.77
1.7751e+05,-222.76
1.7757e+05,-222.77
1.7763e+05,-222.79
1.7769e+05,-222.84
1.7775e+05,-222.9
1.7781e+05,-222.98
1.7787e+05,-223.05
1.7793e+05,-223.12
1.7799e+05,-223.17
1.7805e+05,-223.2
1.7811e+05,-223.22
1.7817e+05,-223.21
1.7823e+05,-223.2
1.7829e+05,-223.17
1.7835e+05,-223.14
1.7841e+05,-223.1
1.7847e+05,-223.05
1.7853e+05,-223.01
1.7859e+05,-222.96
1.7865e+05,-222.92
1.7871e+05,-222.87
1.7877e+05,-222.82
1.7883e+05,-222.76
1.7889e+05,-222.71
1.7895e+05,-222.65
1.7901e+05,-222.59
1.7907e+05,-222.53
1.7913e+05,-222.47
1.7919e+05,-222.4
1.7925e+05,-222.34
1.7931e+05,-222.28
1.7937e+05,-222.22
1.7943e+05,-222.15
1.7949e+05,-222.09
1.7955e+05,-222.03
1.7961e+05,-221.97
1.7967e+05,-221.92
1.7973e+05,-221.86
1.7979e+05,-221.8
1.7985e+05,-221.75
1.7991e+05,-221.7
1.7997e+05,-221.65
1.8003e+05,-221.59
1.8009e+05,-221.54
1.8015e+05,-221.49
1.8021e+05,-221.44
1.8027e+05,-221.39
1.8033e+05,-221.34
1.8039e+05,-221.29
1.8045e+05,-221.24
1.8051e+05,-221.19
1.8057e+05,-221.14
1.8063e+05,-221.09
1.8069e+05,-221.05
1.8075e+05,-221
1.8081e+05,-220.96
1.8087e+05,-220.93
1.8093e+05,-220.91
1.8099e+05,-220.9
1.8105e+05,-220.89
1.8111e+05,-220.9
1.8117e+05,-220.92
1.8123e+05,-220.95
1.8129e+05,-221
1.8135e+05,-221.06
1.8141e+05,-221.12
1.8147e+05,-221.18
1.8153e+05,-221.23
1.8158e+05,-221.29
1.8164e+05,-221.33
1.817e+05,-221.38
1.8176e+05,-221.43
1.8182e+05,-221.47
1.8188e+05,-221.53
1.8194e+05,-221.58
1.82e+05,-221.63
1.8206e+05,-221.66
1.8212e+05,-221.69
1.8217e+05,-221.71
1.8223e+05,-221.71
1.8229e+05,-221.7
1.8235e+05,-221.68
1.8241e+05,-221.64
1.8247e+05,-221.61
1.8253e+05,-221.56
1.8259e+05,-221.51
1.8265e+05,-221.46
1.8271e+05,-221.41
1.8277e+05,-221.35
1.8283e+05,-221.29
1.8289e+05,-221.24
1.8295e+05,-221.18
1.83e+05,-221.11
1.8306e+05,-221.05
1.8312e+05,-220.99
1.8318e+05,-220.92
1.8324e+05,-220.86
1.833e+05,-220.79
1.8336e+05,-220.73
1.8342e+05,-220.66
1.8348e+05,-220.6
1.8354e+05,-220.54
1.8359e+05,-220.47
1.8365e+05,-220.41
1.8371e+05,-220.35
1.8377e+05,-220.28
1.8383e+05,-220.22
1.8389e+05,-220.16
1.8395e+05,-220.09
1.8401e+05,-220.01
1.8407e+05,-219.91
1.8413e+05,-219.79
1.8418e+05,-219.65
1.8424e+05,-219.49
1.843e+05,-219.31
1.8436e+05,-219.13
1.8442e+05,-218.94
1.8448e+05,-218.74
1.8454e+05,-218.55
1.846e+05,-218.37
1.8466e+05,-218.21
1.8471e+05,-218.07
1.8477e+05,-217.95
1.8483e+05,-217.83
1.8489e+05,-217.73
1.8495e+05,-217.64
1.8501e+05,-217.56
1.8507e+05,-217.48
1.8513e+05,-217.41
1.8519e+05,-217.33
1.8524e+05,-217.26
1.853e+05,-217.2
1.8536e+05,-217.13
1.8542e+05,-217.07
1.8548e+05,-217
1.8554e+05,-216.94
1.856e+05,-216.88
1.8566e+05,-216.82
1.8572e+05,-216.77
1.8577e+05,-216.71
1.8583e+05,-216.65
1.8589e+05,-216.6
1.8595e+05,-216.54
1.8601e+05,-216.48
1.8607e+05,-216.42
1.8613e+05,-216.35
1.8619e+05,-216.28
1.8624e+05,-216.21
1.863e+05,-216.12
1.8636e+05,-216.03
1.8642e+05,-215.93
1.8648e+05,-215.82
1.8654e+05,-215.72
1.866e+05,-215.63
1.8666e+05,-215.57
1.8672e+05,-215.53
1.8677e+05,-215.49
1.8683e+05,-215.48
1.8689e+05,-215.47
1.8695e+05,-215.46
1.8701e+05,-215.47
1.8707e+05,-215.47
1.8713e+05,-215.48
1.8719e+05,-215.48
1.8724e+05,-215.47
1.873e+05,-215.46
1.8736e+05,-215.44
1.8742e+05,-215.41
1.8748e+05,-215.37
1.8754e+05,-215.32
1.876e+05,-215.27
1.8766e+05,-215.2
1.8771e+05,-215.13
1.8777e+05,-215.05
1.8783e+05,-214.96
1.8789e+05,-214.88
1.8795e+05,-214.79
1.8801e+05,-214.71
1.8807e+05,-214.63
1.8812e+05,-214.55
1.8818e+05,-214.47
1.8824e+05,-214.4
1.883e+05,-214.32
1.8836e+05,-214.25
1.8842e+05,-214.19
1.8848e+05,-214.12
1.8853e+05,-214.06
1.8859e+05,-214.01
1.8865e+05,-213.97
1.8871e+05,-213.94
1.8877e+05,-213.91
1.8883e+05,-213.89
1.8889e+05,-213.88
1.8894e+05,-213.87
1.89e+05,-213.86
1.8906e+05,-213.86
1.8912e+05,-213.85
1.8918e+05,-213.83
1.8924e+05,-213.79
1.893e+05,-213.74
1.8935e+05,-213.66
1.8941e+05,-213.56
1.8947e+05,-213.44
1.8953e+05,-213.3
1.8959e+05,-213.14
1.8965e+05,-212.95
1.8971e+05,-212.74
1.8976e+05,-212.5
1.8982e+05,-212.26
1.8988e+05,-212.02
1.8994e+05,-211.78
1.9e+05,-211.55
1.9006e+05,-211.32
1.9012e+05,-211.1
1.9017e+05,-210.89
1.9023e+05,-210.69
1.9029e+05,-210.5
1.9035e+05,-210.32
1.9041e+05,-210.17
1.9047e+05,-210.02
1.9053e+05,-209.87
1.9059e+05,-209.73
1.9064e+05,-209.59
1.907e+05,-209.45
1.9076e+05,-209.32
1.9082e+05,-209.18
1.9088e+05,-209.05
1.9094e+05,-208.92
1.91e+05,-208.79
1.9106e+05,-208.66
1.9111e+05,-208.53
1.9117e+05,-208.4
1.9123e+05,-208.28
1.9129e+05,-208.15
1.9135e+05,-208.02
1.9141e+05,-207.89
1.9147e+05,-207.77
1.9152e+05,-207.64
1.9158e+05,-207.51
1.9164e+05,-207.38
1.917e+05,-207.24
1.9176e+05,-207.11
1.9182e+05,-206.98
1.9188e+05,-206.85
1.9194e+05,-206.72
1.9199e+05,-206.59
1.9205e+05,-206.46
1.9211e+05,-206.34
1.9217e+05,-206.21
1.9223e+05,-206.08
1.9229e+05,-205.96
1.9235e+05,-205.83
1.924e+05,-205.71
1.9246e+05,-205.6
1.9252e+05,-205.49
1.9258e+05,-205.39
1.9264e+05,-205.3
1.927e+05,-205.21
1.9276e+05,-205.11
1.9281e+05,-205.02
1.9287e+05,-204.91
1.9293e+05,-204.79
1.9299e+05,-204.67
1.9305e+05,-204.53
1.9311e+05,-204.39
1.9316e+05,-204.25
1.9322e+05,-204.11
1.9328e+05,-203.98
1.9334e+05,-203.86
1.934e+05,-203.74
1.9346e+05,-203.62
1.9352e+05,-203.51
1.9357e+05,-203.39
1.9363e+05,-203.27
1.9369e+05,-203.13
1.9375e+05,-203
1.9381e+05,-202.87
1.9387e+05,-202.73
1.9392e+05,-202.59
1.9398e+05,-202.46
1.9404e+05,-202.32
1.941e+05,-202.18
1.9416e+05,-202.05
1.9422e+05,-201.91
1.9427e+05,-201.77
1.9433e+05,-201.64
1.9439e+05,-201.5
1.9445e+05,-201.37
1.9451e+05,-201.24
1.9457e+05,-201.11
1.9462e+05,-200.98
1.9468e+05,-200.86
1.9474e+05,-200.74
1.948e+05,-200.62
1.9486e+05,-200.5
1.9492e+05,-200.38
1.9497e+05,-200.27
1.9503e+05,-200.16
1.9509e+05,-200.05
1.9515e+05,-199.95
1.9521e+05,-199.84
1.9527e+05,-199.74
1.9533e+05,-199.64
1.9538e+05,-199.55
1.9544e+05,-199.46
1.955e+05,-199.37
1.9556e+05,-199.28
1.9562e+05,-199.19
1.9568e+05,-199.1
1.9574e+05,-199
1.9579e+05,-198.88
1.9585e+05,-198.76
1.9591e+05,-198.63
1.9597e+05,-198.49
1.9603e+05,-198.34
1.9609e+05,-198.18
1.9615e+05,-198
1.962e+05,-197.81
1.9626e+05,-197.6
1.9632e+05,-197.38
1.9638e+05,-197.15
1.9644e+05,-196.93
1.965e+05,-196.7
1.9655e+05,-196.48
1.9661e+05,-196.27
1.9667e+05,-196.06
1.9673e+05,-195.87
1.9679e+05,-195.69
1.9685e+05,-195.53
1.969e+05,-195.38
1.9696e+05,-195.24
1.9702e+05,-195.09
1.9708e+05,-194.95
1.9714e+05,-194.81
1.972e+05,-194.67
1.9726e+05,-194.53
1.9731e+05,-194.39
1.9737e+05,-194.25
1.9743e+05,-194.11
1.9749e+05,-193.97
1.9755e+05,-193.83
1.9761e+05,-193.7
1.9766e+05,-193.56
1.9772e+05,-193.42
1.9778e+05,-193.29
1.9784e+05,-193.15
1.979e+05,-193.02
1.9795e+05,-192.89
1.9801e+05,-192.76
1.9807e+05,-192.63
1.9813e+05,-192.5
1.9819e+05,-192.37
1.9825e+05,-192.24
1.983e+05,-192.11
1.9836e+05,-191.98
1.9842e+05,-191.85
1.9848e+05,-191.72
1.9854e+05,-191.59
1.986e+05,-191.46
1.9865e+05,-191.33
1.9871e+05,-191.2
1.9877e+05,-191.06
1.9883e+05,-190.93
1.9889e+05,-190.8
1.9894e+05,-190.66
1.99e+05,-190.52
1.9906e+05,-190.38
1.9912e+05,-190.24
1.9918e+05,-190.09
1.9924e+05,-189.93
1.9929e+05,-189.78
1.9935e+05,-189.63
1.9941e+05,-189.47
1.9947e+05,-189.32
1.9953e+05,-189.16
1.9958e+05,-189.01
1.9964e+05,-188.87
1.997e+05,-188.73
1.9976e+05,-188.59
1.9982e+05,-188.45
1.9987e+05,-188.31
1.9993e+05,-188.18
1.9999e+05,-188.04
2.0005e+05,-187.91
2.0011e+05,-187.77
2.0017e+05,-187.64
2.0022e+05,-187.5
2.0028e+05,-187.37
2.0034e+05,-187.24
2.004e+05,-187.11
2.0046e+05,-186.98
2.0051e+05,-186.85
2.0057e+05,-186.72
2.0063e+05,-186.59
2.0069e+05,-186.46
2.0075e+05,-186.34
2.0081e+05,-186.21
2.0086e+05,-186.09
2.0092e+05,-185.96
2.0098e+05,-185.83
2.0104e+05,-185.7
2.011e+05,-185.58
2.0116e+05,-185.45
2.0122e+05,-185.32
2.0127e+05,-185.2
2.0133e+05,-185.07
2.0139e+05,-184.95
2.0145e+05,-184.83
2.0151e+05,-184.72
2.0157e+05,-184.61
2.0163e+05,-184.52
2.0169e+05,-184.44
2.0174e+05,-184.37
2.018e+05,-184.31
2.0186e+05,-184.26
2.0192e+05,-184.21
2.0198e+05,-184.16
2.0204e+05,-184.1
2.021e+05,-184.02
2.0216e+05,-183.92
2.0221e+05,-183.8
2.0227e+05,-183.68
2.0233e+05,-183.54
2.0239e+05,-183.4
2.0245e+05,-183.26
2.0251e+05,-183.12
2.0257e+05,-182.97
2.0263e+05,-182.84
2.0269e+05,-182.7
2.0274e+05,-182.57
2.028e+05,-182.44
2.0286e+05,-182.32
2.0292e+05,-182.19
2.0298e+05,-182.07
2.0304e+05,-181.95
2.031e+05,-181.84
2.0315e+05,-181.72
2.0321e+05,-181.6
2.0327e+05,-181.48
2.0333e+05,-181.36
2.0339e+05,-181.25
2.0345e+05,-181.13
2.0351e+05,-181.02
2.0356e+05,-180.92
2.0362e+05,-180.82
2.0368e+05,-180.72
2.0374e+05,-180.63
2.038e+05,-180.55
2.0386e+05,-180.48
2.0392e+05,-180.42
2.0398e+05,-180.37
2.0403e+05,-180.33
2.0409e+05,-180.3
2.0415e+05,-180.28
2.0421e+05,-180.27
2.0427e+05,-180.26
2.0433e+05,-180.26
2.0439e+05,-180.26
2.0444e+05,-180.25
2.045e+05,-180.24
2.0456e+05,-180.22
2.0462e+05,-180.19
2.0468e+05,-180.15
2.0474e+05,-180.09
2.048e+05,-180.01
2.0486e+05,-179.93
2.0491e+05,-179.83
2.0497e+05,-179.73
2.0503e+05,-179.61
2.0509e+05,-179.49
2.0515e+05,-179.35
2.0521e+05,-179.2
2.0527e+05,-179.04
2.0532e+05,-178.87
2.0538e+05,-178.68
2.0544e+05,-178.51
2.055e+05,-178.35
2.0556e+05,-178.21
2.0562e+05,-178.08
2.0568e+05,-177.96
2.0574e+05,-177.86
2.0579e+05,-177.76
2.0585e+05,-177.68
2.0591e+05,-177.6
2.0597e+05,-177.53
2.0603e+05,-177.47
2.0609e+05,-177.41
2.0615e+05,-177.35
2.062e+05,-177.3
2.0626e+05,-177.25
2.0632e+05,-177.2
2.0638e+05,-177.15
2.0644e+05,-177.11
2.065e+05,-177.07
2.0656e+05,-177.03
2.0661e+05,-176.99
2.0667e+05,-176.96
2.0673e+05,-176.89
2.0679e+05,-176.78
2.0685e+05,-176.62
2.0691e+05,-176.4
2.0697e+05,-176.13
2.0702e+05,-175.82
2.0708e+05,-175.47
2.0714e+05,-175.07
2.072e+05,-174.64
2.0726e+05,-174.16
2.0732e+05,-173.65
2.0738e+05,-173.13
2.0744e+05,-172.61
2.0749e+05,-172.08
2.0755e+05,-171.55
2.0761e+05,-171.01
2.0767e+05,-170.46
2.0773e+05,-169.9
2.0779e+05,-169.33
2.0785e+05,-168.75
2.079e+05,-168.15
2.0796e+05,-167.53
2.0802e+05,-166.9
2.0808e+05,-166.28
2.0814e+05,-165.64
2.082e+05,-165.01
2.0826e+05,-164.38
2.0831e+05,-163.75
2.0837e+05,-163.11
2.0843e+05,-162.48
2.0849e+05,-161.84
2.0855e+05,-161.21
2.0861e+05,-160.57
2.0867e+05,-159.94
2.0872e+05,-159.3
2.0878e+05,-158.67
2.0884e+05,-158.04
2.089e+05,-157.41
2.0896e+05,-156.78
2.0902e+05,-156.67
2.0908e+05,-156.57
2.0913e+05,-156.46
2.0919e+05,-156.36
2.0925e+05,-156.25
2.0931e+05,-156.15
2.0937e+05,-156.04
2.0943e+05,-155.94
2.0948e+05,-155.83
2.0954e+05,-155.73
2.096e+05,-155.62
2.0966e+05,-155.52
2.0972e+05,-155.41
2.0978e+05,-155.31
2.0983e+05,-155.21
2.0989e+05,-155.1
2.0995e+05,-155
2.1001e+05,-154.91
2.1007e+05,-154.83
2.1013e+05,-154.76
2.1018e+05,-154.7
2.1024e+05,-154.65
2.103e+05,-154.61
2.1036e+05,-154.59
2.1042e+05,-154.57
2.1048e+05,-154.57
2.1053e+05,-154.58
2.1059e+05,-154.59
2.1065e+05,-154.59
2.1071e+05,-154.59
2.1077e+05,-154.58
2.1083e+05,-154.56
2.1089e+05,-154.53
2.1094e+05,-154.5
2.11e+05,-154.46
2.1106e+05,-154.42
2.1112e+05,-154.38
2.1118e+05,-154.34
2.1124e+05,-154.29
2.1129e+05,-154.24
2.1135e+05,-154.17
2.1141e+05,-154.1
2.1147e+05,-154.02
2.1153e+05,-153.94
2.1159e+05,-153.85
2.1164e+05,-153.76
2.117e+05,-153.66
2.1176e+05,-153.55
2.1182e+05,-153.45
2.1188e+05,-153.34
2.1194e+05,-153.22
2.1199e+05,-153.11
2.1205e+05,-153
2.1211e+05,-152.88
2.1217e+05,-152.77
2.1223e+05,-152.66
2.1229e+05,-152.54
2.1235e+05,-152.43
2.124e+05,-152.32
2.1246e+05,-152.2
2.1252e+05,-152.09
2.1258e+05,-151.98
2.1264e+05,-151.86
2.127e+05,-151.74
2.1275e+05,-151.62
2.1281e+05,-151.5
2.1287e+05,-151.38
2.1293e+05,-151.25
2.1299e+05,-151.12
2.1305e+05,-150.99
2.131e+05,-150.86
2.1316e+05,-150.73
2.1322e+05,-150.6
2.1328e+05,-150.47
2.1334e+05,-150.35
2.134e+05,-150.23
2.1346e+05,-150.12
2.1352e+05,-150.02
2.1357e+05,-149.93
2.1363e+05,-149.85
2.1369e+05,-149.78
2.1375e+05,-149.73
2.1381e+05,-149.7
2.1387e+05,-149.68
2.1393e+05,-149.67
2.1398e+05,-149.65
2.1404e+05,-149.64
2.141e+05,-149.62
2.1416e+05,-149.58
2.1422e+05,-149.53
2.1428e+05,-149.47
2.1434e+05,-149.37
2.144e+05,-149.26
2.1445e+05,-149.13
2.1451e+05,-148.98
2.1457e+05,-148.83
2.1463e+05,-148.69
2.1469e+05,-148.53
2.1475e+05,-148.38
2.1481e+05,-148.22
2.1487e+05,-148.06
2.1493e+05,-147.9
2.1499e+05,-147.74
2.1505e+05,-147.57
2.151e+05,-147.39
2.1516e+05,-147.22
2.1522e+05,-147.04
2.1528e+05,-146.87
2.1534e+05,-146.69
2.154e+05,-146.5
2.1546e+05,-146.32
2.1552e+05,-146.13
2.1558e+05,-145.94
2.1564e+05,-145.75
2.157e+05,-145.55
2.1576e+05,-145.35
2.1582e+05,-145.15
2.1588e+05,-144.95
2.1594e+05,-144.74
2.16e+05,-144.54
2.1606e+05,-144.34
2.1612e+05,-144.13
2.1617e+05,-143.92
2.1623e+05,-143.72
2.1629e+05,-143.51
2.1635e+05,-143.29
2.1641e+05,-143.08
2.1647e+05,-142.87
2.1653e+05,-142.65
2.1659e+05,-142.44
2.1665e+05,-142.23
2.167e+05,-142.02
2.1676e+05,-141.82
2.1682e+05,-141.63
2.1688e+05,-141.43
2.1694e+05,-141.24
2.17e+05,-141.04
2.1706e+05,-140.84
2.1712e+05,-140.63
2.1717e+05,-140.42
2.1723e+05,-140.19
2.1729e+05,-139.96
2.1735e+05,-139.72
2.1741e+05,-139.47
2.1747e+05,-139.21
2.1752e+05,-138.95
2.1758e+05,-138.68
2.1764e+05,-138.41
2.177e+05,-138.13
