0,-352.93
36.953,-352.89
89.743,-352.83
138.54,-352.77
186.49,-352.7
234.08,-352.63
281.49,-352.56
328.78,-352.48
375.98,-352.41
423.12,-352.33
470.22,-352.25
517.27,-352.16
564.27,-352.08
611.23,-352
658.15,-351.92
705.03,-351.84
751.88,-351.76
798.7,-351.68
845.49,-351.59
892.25,-351.5
938.99,-351.41
985.71,-351.32
1032.4,-351.22
1079.1,-351.12
1125.7,-351.02
1172.3,-350.92
1218.9,-350.82
1265.5,-350.72
1312.1,-350.62
1358.6,-350.52
1405.1,-350.43
1451.6,-350.34
1498.1,-350.25
1544.5,-350.15
1591,-350.06
1637.4,-349.96
1683.8,-349.86
1730.2,-349.76
1776.5,-349.65
1822.9,-349.54
1869.2,-349.42
1915.6,-349.3
1961.9,-349.17
2008.2,-349.03
2054.5,-348.89
2100.7,-348.74
2147,-348.58
2193.2,-348.42
2239.5,-348.25
2285.7,-348.07
2331.9,-347.89
2378.1,-347.58
2424.2,-347.25
2470.4,-346.92
2516.5,-346.58
2562.7,-346.23
2608.8,-345.87
2654.9,-345.5
2701,-345.13
2747,-344.75
2793.1,-344.37
2839.1,-343.98
2885.2,-343.6
2931.2,-343.22
2977.2,-342.85
3023.2,-342.47
3069.2,-342.09
3115.2,-341.72
3161.1,-341.34
3207.1,-340.97
3253,-340.59
3298.9,-340.22
3344.9,-339.84
3390.8,-339.48
3436.7,-339.11
3482.6,-338.74
3528.4,-338.38
3574.3,-338.02
3620.1,-337.65
3666,-337.29
3711.8,-336.94
3757.7,-336.58
3803.5,-336.23
3849.3,-335.88
3895.1,-335.52
3940.9,-335.15
3986.7,-334.78
4032.5,-334.41
4078.2,-334.03
4124,-333.64
4169.8,-333.25
4215.5,-332.86
4261.3,-332.46
4307,-332.05
4352.8,-331.63
4398.5,-331.21
4444.2,-330.79
4489.9,-330.36
4535.7,-329.92
4581.4,-329.48
4627.1,-329.03
4672.8,-328.58
4718.5,-328.12
4764.2,-327.66
4810,-327.19
4855.7,-326.72
4901.4,-326.24
4947.1,-325.77
4992.8,-325.29
5038.4,-324.8
5084.1,-324.32
5129.8,-323.83
5175.5,-323.34
5221.2,-322.85
5266.9,-322.35
5312.6,-321.86
5358.3,-321.37
5404,-320.88
5449.7,-320.39
5495.4,-319.91
5541.1,-319.43
5586.8,-318.96
5632.5,-318.49
5678.2,-318.02
5723.9,-317.56
5769.6,-317.1
5815.3,-316.65
5861,-316.19
5906.7,-315.74
5952.5,-315.28
5998.2,-314.83
6043.9,-314.37
6089.6,-313.91
6135.4,-313.46
6181.1,-313.01
6226.8,-312.56
6272.5,-312.11
6318.3,-311.66
6364,-311.22
6409.7,-310.78
6455.5,-310.34
6501.2,-309.9
6547,-309.46
6592.7,-309.02
6638.4,-308.58
6684.2,-308.14
6729.9,-307.71
6775.6,-307.28
6821.4,-306.85
6867.1,-306.43
6912.9,-306.01
6958.6,-305.6
7004.3,-305.2
7050.1,-304.8
7095.8,-304.41
7141.5,-304.02
7187.3,-303.64
7233,-303.26
7278.7,-302.89
7324.4,-302.52
7370.1,-302.16
7415.8,-301.79
7461.4,-301.41
7507,-301.03
7552.6,-300.64
7598.2,-300.24
7643.8,-299.84
7689.4,-299.43
7734.9,-299.01
7780.4,-298.59
7825.9,-298.17
7871.4,-297.73
7916.9,-297.29
7962.4,-296.83
8008,-296.37
8053.5,-295.9
8099,-295.41
8144.5,-294.92
8190.1,-294.42
8235.6,-293.91
8281.1,-293.39
8326.7,-292.86
8372.2,-292.32
8417.7,-291.77
8463.3,-291.23
8508.8,-290.68
8554.3,-290.13
8599.9,-289.57
8645.4,-289.02
8690.9,-288.46
8736.4,-287.9
8782,-287.34
8827.5,-286.79
8873,-286.23
8918.6,-285.68
8964.1,-285.14
9009.7,-284.61
9055.2,-284.09
9100.7,-283.58
9146.3,-283.08
9191.8,-282.59
9237.4,-282.11
9282.9,-281.63
9328.4,-281.17
9374,-280.72
9419.5,-280.27
9465,-279.83
9510.5,-279.39
9556,-278.96
9601.5,-278.54
9647,-278.12
9692.5,-277.7
9738,-277.29
9783.4,-276.89
9828.9,-276.48
9874.4,-276.08
9919.9,-275.68
9965.3,-275.28
10011,-274.88
10056,-274.47
10102,-274.06
10147,-273.65
10193,-273.24
10238,-272.82
10284,-272.4
10329,-271.98
10374,-271.56
10420,-271.13
10465,-270.7
10511,-270.27
10556,-269.83
10602,-269.39
10647,-268.95
10693,-268.5
10738,-268.05
10783,-267.6
10829,-267.14
10874,-266.69
10920,-266.23
10965,-265.78
11011,-265.33
11056,-264.89
11102,-264.45
11147,-264.01
11193,-263.58
11238,-263.16
11284,-262.73
11329,-262.31
11375,-261.9
11420,-261.49
11466,-261.08
11511,-260.69
11557,-260.3
11602,-259.91
11648,-259.54
11693,-259.17
11739,-258.81
11785,-258.46
11830,-258.12
11876,-257.78
11921,-257.46
11967,-257.14
12013,-256.83
12058,-256.52
12104,-256.22
12150,-255.92
12195,-255.62
12241,-255.33
12287,-255.05
12332,-254.77
12378,-254.49
12424,-254.21
12470,-253.93
12515,-253.64
12561,-253.34
12607,-253.03
12653,-252.71
12699,-252.39
12744,-252.06
12790,-251.72
12836,-251.37
12882,-251.02
12928,-250.67
12974,-250.3
13020,-249.92
13066,-249.54
13112,-249.14
13158,-248.73
13204,-248.32
13250,-247.89
13296,-247.45
13342,-247
13389,-246.54
13435,-246.07
13481,-245.6
13527,-245.12
13574,-244.63
13620,-244.14
13666,-243.65
13713,-243.15
13759,-242.66
13806,-242.15
13852,-241.65
13899,-241.14
13945,-240.63
13992,-240.12
14039,-239.61
14085,-239.1
14132,-238.59
14179,-238.08
14226,-237.58
14273,-237.07
14320,-236.57
14367,-236.07
14414,-235.57
14461,-235.07
14508,-234.58
14555,-234.09
14603,-233.62
14650,-233.15
14697,-232.7
14745,-232.25
14792,-231.81
14840,-231.39
14887,-230.97
14935,-230.56
14983,-230.15
15030,-229.76
15078,-229.38
15126,-229.02
15174,-228.67
15222,-228.33
15270,-228.01
15318,-227.7
15366,-227.4
15415,-227.12
15463,-226.85
15511,-226.6
15560,-226.35
15608,-226.12
15657,-225.9
15705,-225.69
15754,-225.49
15803,-225.3
15852,-225.13
15901,-224.97
15950,-224.82
15999,-224.68
16048,-224.55
16097,-224.44
16147,-224.33
16196,-224.24
16246,-224.15
16296,-224.06
16345,-223.99
16395,-223.92
16445,-223.87
16495,-223.82
16545,-223.78
16596,-223.74
16646,-223.71
16697,-223.7
16747,-223.69
16798,-223.69
16848,-223.71
16899,-223.73
16950,-223.77
17001,-223.82
17052,-223.88
17104,-223.95
17155,-224.03
17206,-224.13
17258,-224.24
17309,-224.38
17361,-224.53
17412,-224.71
17464,-224.9
17516,-225.12
17568,-225.36
17620,-225.61
17671,-225.88
17724,-226.18
17776,-226.48
17828,-226.81
17880,-227.14
17932,-227.49
17985,-227.85
18037,-228.23
18089,-228.61
18142,-229.02
18194,-229.43
18247,-229.86
18300,-230.31
18352,-230.77
18405,-231.24
18458,-231.72
18511,-232.2
18563,-232.69
18616,-233.18
18669,-233.68
18722,-234.19
18775,-234.7
18828,-235.21
18881,-235.73
18934,-236.26
18987,-236.79
19040,-237.32
19093,-237.86
19145,-238.4
19198,-238.94
19251,-239.48
19304,-240.03
19357,-240.58
19410,-241.12
19462,-241.67
19515,-242.23
19568,-242.77
19620,-243.32
19673,-243.86
19726,-244.39
19778,-244.91
19831,-245.43
19883,-245.94
19936,-246.45
19988,-246.95
20040,-247.45
20093,-247.95
20145,-248.43
20198,-248.9
20250,-249.36
20302,-249.81
20354,-250.24
20407,-250.66
20459,-251.06
20511,-251.45
20564,-251.84
20616,-252.2
20668,-252.55
20721,-252.89
20773,-253.22
20825,-253.53
20878,-253.83
20930,-254.11
20982,-254.38
21035,-254.64
21087,-254.88
21139,-255.1
21192,-255.32
21244,-255.52
21296,-255.71
21348,-255.89
21401,-256.06
21453,-256.22
21505,-256.36
21557,-256.5
21609,-256.63
21662,-256.75
21714,-256.85
21766,-256.95
21818,-257.03
21870,-257.1
21922,-257.17
21974,-257.22
22026,-257.27
22078,-257.3
22130,-257.33
22182,-257.34
22234,-257.35
22286,-257.34
22337,-257.33
22389,-257.3
22441,-257.26
22493,-257.2
22544,-257.13
22596,-257.05
22648,-256.95
22699,-256.84
22751,-256.71
22802,-256.56
22854,-256.41
22905,-256.23
22957,-256.05
23008,-255.85
23059,-255.64
23110,-255.43
23162,-255.21
23213,-254.98
23264,-254.76
23315,-254.52
23366,-254.28
23417,-254.04
23468,-253.8
23519,-253.55
23569,-253.29
23620,-253.04
23671,-252.78
23722,-252.53
23773,-252.27
23823,-252.01
23874,-251.76
23925,-251.5
23975,-251.24
24026,-250.99
24077,-250.73
24127,-250.47
24178,-250.21
24228,-249.96
24279,-249.7
24330,-249.45
24380,-249.19
24431,-248.94
24481,-248.68
24532,-248.43
24582,-248.17
24633,-247.92
24683,-247.67
24734,-247.42
24784,-247.16
24834,-246.91
24884,-246.65
24935,-246.39
24985,-246.13
25035,-245.87
25085,-245.61
25135,-245.35
25185,-245.08
25234,-244.81
25284,-244.55
25334,-244.29
25384,-244.05
25433,-243.81
25483,-243.58
25532,-243.36
25582,-243.15
25631,-242.94
25680,-242.74
25730,-242.55
25779,-242.37
25828,-242.19
25878,-242.02
25927,-241.86
25976,-241.7
26025,-241.56
26074,-241.42
26123,-241.28
26172,-241.16
26221,-241.04
26270,-240.93
26319,-240.82
26368,-240.72
26416,-240.63
26465,-240.54
26514,-240.45
26563,-240.37
26611,-240.3
26660,-240.23
26709,-240.17
26757,-240.12
26806,-240.07
26854,-240.02
26903,-239.99
26951,-239.95
26999,-239.93
27048,-239.91
27096,-239.89
27144,-239.89
27193,-239.89
27241,-239.89
27289,-239.91
27337,-239.93
27385,-239.96
27434,-239.99
27482,-240.03
27530,-240.08
27578,-240.14
27626,-240.2
27674,-240.27
27722,-240.35
27770,-240.43
27818,-240.51
27866,-240.61
27913,-240.7
27961,-240.8
28009,-240.91
28057,-241.03
28104,-241.14
28152,-241.26
28200,-241.39
28247,-241.52
28295,-241.65
28342,-241.79
28390,-241.92
28437,-242.06
28485,-242.21
28532,-242.35
28579,-242.49
28626,-242.63
28673,-242.76
28721,-242.9
28768,-243.03
28815,-243.16
28862,-243.29
28909,-243.42
28955,-243.55
29002,-243.68
29049,-243.8
29096,-243.91
29143,-244.01
29189,-244.1
29236,-244.18
29283,-244.25
29329,-244.31
29376,-244.36
29422,-244.4
29469,-244.43
29516,-244.45
29562,-244.47
29609,-244.49
29655,-244.51
29702,-244.54
29748,-244.56
29795,-244.59
29841,-244.62
29888,-244.66
29934,-244.69
29981,-244.73
30028,-244.77
30074,-244.81
30121,-244.85
30167,-244.9
30214,-244.96
30261,-245.03
30307,-245.09
30354,-245.17
30400,-245.25
30447,-245.33
30494,-245.43
30540,-245.52
30587,-245.63
30634,-245.73
30680,-245.84
30727,-245.96
30773,-246.08
30820,-246.21
30866,-246.34
30913,-246.47
30959,-246.61
31006,-246.75
31052,-246.9
31098,-247.06
31145,-247.21
31191,-247.37
31237,-247.54
31283,-247.71
31330,-247.88
31376,-248.06
31422,-248.24
31468,-248.42
31514,-248.6
31560,-248.79
31606,-248.99
31652,-249.18
31698,-249.38
31744,-249.57
31790,-249.77
31835,-249.97
31881,-250.17
31927,-250.36
31973,-250.56
32018,-250.77
32064,-250.97
32110,-251.17
32156,-251.38
32201,-251.6
32247,-251.81
32293,-252.04
32338,-252.27
32384,-252.51
32429,-252.75
32475,-253
32521,-253.25
32566,-253.51
32612,-253.77
32657,-254.04
32703,-254.31
32749,-254.58
32794,-254.86
32840,-255.13
32885,-255.42
32931,-255.7
32976,-255.99
33022,-256.28
33067,-256.57
33113,-256.87
33158,-257.17
33204,-257.47
33249,-257.77
33295,-258.07
33340,-258.38
33386,-258.68
33431,-258.99
33477,-259.3
33522,-259.61
33568,-259.92
33613,-260.23
33659,-260.54
33704,-260.86
33750,-261.18
33795,-261.51
33841,-261.84
33886,-262.17
33931,-262.51
33977,-262.85
34022,-263.2
34067,-263.55
34113,-263.91
34158,-264.27
34204,-264.62
34249,-264.97
34294,-265.32
34340,-265.67
34385,-266.02
34430,-266.36
34475,-266.7
34521,-267.05
34566,-267.39
34611,-267.73
34657,-268.06
34702,-268.39
34747,-268.71
34792,-269.02
34837,-269.32
34883,-269.61
34928,-269.9
34973,-270.18
35018,-270.45
35063,-270.72
35108,-270.98
35154,-271.23
35199,-271.48
35244,-271.71
35289,-271.94
35334,-272.16
35379,-272.37
35424,-272.57
35469,-272.76
35514,-272.94
35559,-273.12
35604,-273.28
35649,-273.44
35695,-273.59
35740,-273.73
35785,-273.86
35830,-273.97
35875,-274.08
35920,-274.18
35965,-274.27
36010,-274.35
36055,-274.42
36100,-274.49
36145,-274.54
36190,-274.59
36235,-274.63
36280,-274.66
36325,-274.69
36370,-274.72
36415,-274.73
36460,-274.75
36505,-274.75
36550,-274.75
36595,-274.75
36640,-274.74
36685,-274.72
36730,-274.7
36775,-274.68
36820,-274.65
36865,-274.62
36910,-274.59
36955,-274.55
37000,-274.5
37045,-274.46
37090,-274.4
37135,-274.34
37180,-274.28
37225,-274.22
37270,-274.15
37315,-274.07
37360,-273.99
37406,-273.91
37451,-273.82
37496,-273.73
37541,-273.63
37586,-273.53
37631,-273.42
37676,-273.3
37721,-273.18
37766,-273.04
37811,-272.9
37856,-272.75
37901,-272.58
37947,-272.41
37992,-272.23
38037,-272.04
38082,-271.84
38127,-271.62
38172,-271.41
38217,-271.19
38262,-270.98
38307,-270.76
38352,-270.54
38398,-270.32
38443,-270.1
38488,-269.88
38533,-269.66
38578,-269.44
38623,-269.22
38668,-268.99
38713,-268.77
38759,-268.55
38804,-268.32
38849,-268.09
38894,-267.87
38939,-267.64
38984,-267.41
39029,-267.18
39075,-266.95
39120,-266.72
39165,-266.48
39210,-266.24
39255,-265.99
39300,-265.73
39346,-265.46
39391,-265.18
39436,-264.9
39481,-264.6
39526,-264.3
39572,-263.99
39617,-263.67
39662,-263.35
39707,-263.02
39752,-262.68
39798,-262.35
39843,-262.01
39888,-261.66
39934,-261.31
39979,-260.96
40024,-260.6
40070,-260.23
40115,-259.86
40160,-259.47
40206,-259.08
40251,-258.68
40297,-258.26
40342,-257.84
40387,-257.4
40433,-256.96
40478,-256.5
40524,-256.02
40570,-255.54
40615,-255.04
40661,-254.53
40706,-253.99
40752,-253.44
40798,-252.87
40843,-252.28
40889,-251.67
40935,-251.04
40980,-250.38
41026,-249.7
41072,-249
41118,-248.27
41164,-247.52
41209,-246.74
41255,-245.94
41301,-245.12
41347,-244.27
41393,-243.4
41439,-242.5
41485,-241.58
41531,-240.63
41577,-239.66
41623,-238.68
41669,-237.68
41715,-236.67
41761,-235.65
41807,-234.63
41853,-233.6
41899,-232.57
41945,-231.54
41991,-230.5
42037,-229.46
42083,-228.41
42129,-227.37
42175,-226.32
42221,-225.28
42267,-224.25
42313,-223.22
42359,-222.2
42405,-221.19
42451,-220.19
42497,-219.2
42543,-218.21
42590,-217.23
42636,-216.26
42682,-215.3
42728,-214.34
42774,-213.38
42820,-212.42
42866,-211.45
42913,-210.49
42959,-209.53
43005,-208.56
43051,-207.6
43098,-206.63
43144,-205.67
43190,-204.71
43236,-203.75
43283,-202.78
43329,-201.81
43376,-200.84
43422,-199.87
43468,-198.9
43515,-197.92
43561,-196.94
43608,-195.96
43654,-194.98
43701,-194
43748,-193.02
43794,-192.04
43841,-191.07
43888,-190.1
43934,-189.14
43981,-188.18
44028,-187.23
44075,-186.28
44122,-185.33
44169,-184.39
44216,-183.45
44263,-182.52
44310,-181.59
44357,-180.67
44404,-179.75
44451,-178.83
44499,-177.93
44546,-177.03
44593,-176.13
44640,-175.25
44688,-174.38
44735,-173.52
44783,-172.67
44830,-171.83
44878,-171.01
44925,-170.2
44973,-169.41
45021,-168.63
45068,-167.87
45116,-167.13
45164,-166.4
45212,-165.7
45260,-165.01
45308,-164.35
45356,-163.71
45404,-163.1
45452,-162.52
45500,-161.97
45548,-161.44
45596,-160.95
45644,-160.47
45692,-160.03
45741,-159.61
45789,-159.22
45837,-158.86
45886,-158.52
45934,-158.21
45983,-157.92
46031,-157.67
46080,-157.43
46128,-157.23
46177,-157.05
46226,-156.89
46274,-156.76
46323,-156.65
46372,-156.55
46421,-156.46
46470,-156.37
46519,-156.28
46568,-156.19
46617,-156.1
46666,-156.02
46715,-155.93
46764,-155.84
46813,-155.76
46863,-155.67
46912,-155.58
46962,-155.5
47011,-155.41
47061,-155.33
47110,-155.24
47160,-155.16
47209,-155.08
47259,-154.99
47309,-154.9
47359,-154.81
47409,-154.72
47459,-154.62
47509,-154.52
47559,-154.42
47610,-154.32
47660,-154.21
47710,-154.1
47761,-153.98
47812,-153.86
47862,-153.72
47913,-153.57
47964,-153.4
48015,-153.19
48066,-152.97
48118,-152.73
48169,-152.47
48221,-152.18
48273,-151.87
48325,-151.54
48377,-151.18
48429,-150.79
48481,-150.37
48534,-149.91
48586,-149.41
48639,-148.88
48692,-148.31
48745,-147.71
48798,-147.09
48851,-146.43
48905,-145.74
48959,-145.03
49012,-144.29
49067,-143.52
49121,-142.72
49175,-141.9
49230,-141.05
49284,-140.16
49339,-139.25
49395,-138.29
49450,-137.31
49505,-136.29
49561,-135.24
49617,-134.15
49673,-133.03
49730,-131.92
49786,-130.8
49843,-129.68
49900,-128.55
49958,-127.42
50015,-126.29
50073,-125.15
50131,-124
50190,-122.85
50249,-121.69
50308,-120.52
50367,-119.35
50427,-118.18
50487,-117
50548,-115.81
50609,-114.62
50670,-113.41
50732,-112.2
50795,-110.99
50857,-109.77
50920,-108.54
50984,-107.32
51047,-106.09
51110,-104.85
51172,-103.61
51234,-102.37
51295,-101.13
51356,-99.878
51416,-98.625
51477,-97.367
51536,-96.106
51595,-94.841
51654,-93.572
51713,-92.299
51771,-91.023
51829,-89.744
51887,-88.465
51944,-87.191
52002,-85.921
52059,-84.654
52116,-83.391
52173,-82.131
52230,-80.874
52287,-79.619
52343,-78.365
52400,-77.111
52456,-75.857
52512,-74.601
52569,-73.34
52625,-72.077
52681,-70.812
52737,-69.545
52793,-68.278
52849,-67.012
52905,-65.748
52961,-64.483
53016,-63.218
53072,-61.953
53128,-60.687
53183,-59.423
53239,-58.161
53294,-56.904
53349,-55.652
53404,-54.406
53459,-53.169
53514,-51.94
53569,-50.73
53624,-49.542
53679,-48.375
53733,-47.229
53788,-46.102
53843,-44.995
53897,-43.911
53952,-42.85
54006,-41.812
54060,-40.8
54114,-39.814
54169,-38.861
54223,-37.949
54277,-37.076
54330,-36.242
54384,-35.439
54438,-34.667
54491,-33.926
54545,-33.215
54598,-32.535
54651,-31.886
54704,-31.268
54756,-30.678
54809,-30.112
54861,-29.571
54913,-29.058
54965,-28.573
55017,-28.119
55069,-27.697
55121,-27.303
55172,-26.938
55224,-26.602
55275,-26.296
55326,-26.009
55377,-25.72
55427,-25.43
55478,-25.138
55528,-24.845
55579,-24.551
55629,-24.257
55679,-23.963
55729,-23.67
55779,-23.377
55829,-23.085
55879,-22.791
55928,-22.494
55978,-22.195
56027,-21.894
56077,-21.592
56126,-21.291
56175,-20.993
56224,-20.698
56274,-20.407
56323,-20.121
56372,-19.84
56421,-19.565
56469,-19.298
56518,-19.039
56567,-18.787
56616,-18.542
56664,-18.304
56713,-18.075
56762,-17.852
56810,-17.637
56859,-17.428
56908,-17.228
56956,-17.034
57005,-16.848
57053,-16.669
57102,-16.496
57150,-16.33
57199,-16.17
57248,-16.015
57296,-15.864
57345,-15.717
57394,-15.572
57443,-15.431
57491,-15.292
57540,-15.157
57589,-15.025
57638,-14.897
57687,-14.772
57736,-14.649
57785,-14.529
57835,-14.411
57884,-14.295
57934,-14.181
57984,-14.067
58034,-13.954
58084,-13.845
58134,-13.739
58185,-13.636
58235,-13.536
58287,-13.439
58338,-13.343
58390,-13.25
58443,-13.158
58496,-13.067
58550,-12.977
58604,-12.889
58659,-12.804
58715,-12.72
58771,-12.637
58829,-12.557
58887,-12.478
58946,-12.401
59006,-12.325
59068,-12.251
59132,-12.179
59195,-12.107
59258,-12.037
59320,-11.967
59383,-11.896
59446,-11.825
59508,-11.753
59571,-11.68
59634,-11.607
59698,-11.533
59761,-11.459
59823,-11.385
59883,-11.311
59942,-11.237
59999,-11.164
60055,-11.089
60109,-11.013
60162,-10.934
60214,-10.851
60265,-10.761
60314,-10.665
60363,-10.559
60412,-10.443
60460,-10.316
60507,-10.188
60554,-10.064
60600,-9.9577
60647,-9.8682
60693,-9.7923
60738,-9.7279
60784,-9.6732
60829,-9.6268
60874,-9.5877
60920,-9.5549
60965,-9.5275
61010,-9.5034
61055,-9.4808
61101,-9.4592
61146,-9.4388
61191,-9.4198
61236,-9.4004
61281,-9.3788
61326,-9.3545
61372,-9.3273
61417,-9.2968
61462,-9.2626
61508,-9.2262
61553,-9.1887
61599,-9.1483
61645,-9.1051
61691,-9.0589
61737,-9.0097
61784,-8.9577
61832,-8.903
61880,-8.8458
61929,-8.7861
61978,-8.7238
62029,-8.659
62080,-8.5928
62132,-8.5251
62184,-8.4561
62237,-8.386
62291,-8.3149
62345,-8.2431
62399,-8.1708
62454,-8.0988
62510,-8.028
62566,-7.9583
62622,-7.8896
62679,-7.8218
62736,-7.7547
62794,-7.6882
62852,-7.6225
62911,-7.5574
62970,-7.4929
63032,-7.4291
63092,-7.3658
63149,-7.3032
63203,-7.2413
63255,-7.18
63305,-7.119
63355,-7.0585
63403,-6.9985
63451,-6.9392
63498,-6.8803
63544,-6.8221
63590,-6.7644
63635,-6.7073
63680,-6.6508
63725,-6.5948
63770,-6.5393
63816,-6.4837
63862,-6.4281
63908,-6.3728
63955,-6.3178
64001,-6.2632
64049,-6.209
64097,-6.1554
64145,-6.1026
64194,-6.0508
64243,-5.9999
64293,-5.9503
64343,-5.9026
64393,-5.8565
64443,-5.8113
64494,-5.7671
64545,-5.7239
64596,-5.6817
64647,-5.6401
64699,-5.599
64751,-5.558
64803,-5.5168
64855,-5.475
64907,-5.4317
64959,-5.3873
65012,-5.3458
65064,-5.3086
65116,-5.2772
65169,-5.253
65221,-5.2376
65274,-5.2325
65326,-5.2394
65378,-5.2601
65430,-5.2948
65483,-5.3333
65535,-5.3717
65587,-5.3925
65639,-5.3982
65691,-5.392
65743,-5.376
65795,-5.3521
65847,-5.3215
65899,-5.2857
65951,-5.2456
66003,-5.2021
66054,-5.1598
66105,-5.1219
66157,-5.0883
66208,-5.059
66258,-5.0337
66309,-5.0125
66360,-4.995
66410,-4.9811
66460,-4.9705
66511,-4.963
66561,-4.9584
66610,-4.9569
66660,-4.9587
66710,-4.9632
66759,-4.9699
66808,-4.9784
66858,-4.988
66907,-4.9983
66956,-5.0088
67004,-5.0191
67053,-5.0286
67102,-5.0369
67150,-5.0478
67198,-5.0676
67246,-5.0966
67294,-5.135
67342,-5.183
67390,-5.241
67437,-5.3093
67485,-5.388
67532,-5.4776
67580,-5.5782
67627,-5.6901
67674,-5.8123
67721,-5.9409
67769,-6.076
67816,-6.2174
67863,-6.3652
67910,-6.5193
67957,-6.6795
68004,-6.846
68051,-7.0186
68098,-7.197
68144,-7.3813
68191,-7.5714
68238,-7.7682
68285,-7.9717
68332,-8.1823
68379,-8.4002
68425,-8.6255
68472,-8.8585
68519,-9.0994
68566,-9.3484
68612,-9.6057
68659,-9.8716
68706,-10.146
68752,-10.428
68799,-10.717
68846,-11.015
68892,-11.32
68939,-11.633
68985,-11.955
69032,-12.285
69079,-12.624
69125,-12.971
69172,-13.328
69218,-13.693
69265,-14.065
69311,-14.444
69358,-14.83
69404,-15.222
69451,-15.621
69497,-16.027
69543,-16.44
69590,-16.859
69636,-17.285
69683,-17.718
69729,-18.158
69776,-18.604
69822,-19.057
69868,-19.517
69915,-19.983
69961,-20.456
70007,-20.935
70054,-21.421
70100,-21.914
70146,-22.413
70193,-22.919
70239,-23.432
70285,-23.951
70332,-24.477
70378,-25.009
70424,-25.549
70470,-26.095
70517,-26.648
70563,-27.207
70609,-27.773
70655,-28.346
70702,-28.925
70748,-29.51
70794,-30.099
70840,-30.69
70886,-31.283
70933,-31.878
70979,-32.476
71025,-33.076
71071,-33.68
71118,-34.288
71164,-34.899
71210,-35.514
71256,-36.134
71302,-36.755
71349,-37.376
71395,-37.998
71441,-38.621
71487,-39.246
71533,-39.873
71579,-40.503
71625,-41.136
71672,-41.774
71718,-42.416
71764,-43.064
71810,-43.714
71856,-44.359
71902,-44.999
71948,-45.633
71994,-46.263
72040,-46.887
72086,-47.506
72132,-48.119
72179,-48.727
72225,-49.329
72271,-49.925
72317,-50.515
72363,-51.101
72409,-51.683
72455,-52.259
72501,-52.831
72547,-53.4
72593,-53.964
72639,-54.524
72685,-55.081
72731,-55.634
72777,-56.185
72823,-56.732
72869,-57.277
72915,-57.82
72961,-58.36
73007,-58.897
73053,-59.431
73099,-59.962
73145,-60.489
73191,-61.013
73237,-61.532
73283,-62.048
73329,-62.559
73375,-63.067
73421,-63.569
73467,-64.068
73513,-64.561
73559,-65.049
73605,-65.532
73651,-66.009
73697,-66.48
73743,-66.945
73789,-67.404
73835,-67.856
73881,-68.306
73927,-68.753
73973,-69.198
74019,-69.641
74065,-70.082
74111,-70.522
74157,-70.96
74203,-71.396
74249,-71.832
74294,-72.266
74340,-72.7
74386,-73.13
74432,-73.556
74478,-73.979
74524,-74.398
74570,-74.814
74616,-75.225
74661,-75.633
74707,-76.037
74753,-76.437
74799,-76.834
74845,-77.226
74891,-77.618
74936,-78.012
74982,-78.407
75028,-78.804
75074,-79.203
75120,-79.603
75165,-80.004
75211,-80.406
75257,-80.81
75303,-81.215
75349,-81.62
75394,-82.026
75440,-82.434
75486,-82.843
75532,-83.252
75578,-83.662
75623,-84.072
75669,-84.481
75715,-84.891
75761,-85.3
75807,-85.708
75853,-86.114
75898,-86.519
75944,-86.922
75990,-87.323
76036,-87.722
76082,-88.119
76127,-88.515
76173,-88.91
76219,-89.303
76265,-89.696
76311,-90.088
76357,-90.48
76402,-90.868
76448,-91.251
76494,-91.626
76540,-91.996
76586,-92.359
76632,-92.715
76677,-93.066
76723,-93.41
76769,-93.748
76815,-94.08
76861,-94.407
76906,-94.729
76952,-95.051
76998,-95.374
77044,-95.698
77089,-96.021
77135,-96.346
77181,-96.67
77227,-96.995
77272,-97.319
77318,-97.644
77364,-97.968
77410,-98.291
77455,-98.609
77501,-98.92
77547,-99.225
77593,-99.523
77639,-99.814
77684,-100.1
77730,-100.37
77776,-100.64
77822,-100.9
77868,-101.14
77913,-101.39
77959,-101.64
78005,-101.89
78051,-102.16
78097,-102.43
78143,-102.71
78188,-103
78234,-103.29
78280,-103.58
78326,-103.89
78371,-104.19
78417,-104.5
78463,-104.81
78509,-105.12
78554,-105.43
78600,-105.74
78646,-106.05
78692,-106.36
78737,-106.67
78783,-106.98
78829,-107.29
78874,-107.59
78920,-107.9
78966,-108.21
79011,-108.51
79057,-108.82
79103,-109.12
79148,-109.42
79194,-109.72
79240,-110.02
79285,-110.32
79331,-110.61
79377,-110.91
79423,-111.2
79468,-111.49
79514,-111.78
79560,-112.06
79605,-112.33
79651,-112.6
79697,-112.86
79742,-113.12
79788,-113.38
79833,-113.64
79879,-113.89
79925,-114.14
79970,-114.39
80016,-114.63
80062,-114.88
80107,-115.12
80153,-115.37
80198,-115.61
80244,-115.86
80290,-116.1
80335,-116.34
80381,-116.58
80427,-116.83
80472,-117.07
80518,-117.31
80564,-117.55
80609,-117.79
80655,-118.04
80701,-118.27
80746,-118.51
80792,-118.75
80838,-118.98
80883,-119.22
80929,-119.45
80975,-119.67
81020,-119.9
81066,-120.13
81111,-120.36
81157,-120.6
81202,-120.83
81248,-121.06
81294,-121.29
81339,-121.52
81385,-121.75
81430,-121.98
81476,-122.22
81521,-122.45
81566,-122.68
81612,-122.91
81657,-123.14
81703,-123.38
81748,-123.61
81794,-123.84
81839,-124.07
81885,-124.3
81930,-124.54
81976,-124.77
82021,-125
82066,-125.24
82112,-125.49
82157,-125.74
82203,-125.99
82248,-126.25
82293,-126.52
82339,-126.79
82384,-127.07
82430,-127.36
82475,-127.65
82520,-127.93
82566,-128.19
82611,-128.45
82656,-128.69
82702,-128.93
82747,-129.15
82792,-129.37
82838,-129.57
82883,-129.77
82928,-129.96
82974,-130.13
83019,-130.3
83064,-130.46
83110,-130.6
83155,-130.73
83200,-130.85
83245,-130.96
83291,-131.06
83336,-131.14
83381,-131.21
83426,-131.27
83472,-131.32
83517,-131.36
83562,-131.38
83607,-131.4
83653,-131.41
83698,-131.41
83743,-131.4
83788,-131.38
83833,-131.36
83879,-131.32
83924,-131.28
83969,-131.22
84014,-131.16
84059,-131.1
84104,-131.03
84150,-130.96
84195,-130.88
84240,-130.79
84285,-130.7
84330,-130.6
84375,-130.49
84420,-130.37
84466,-130.25
84511,-130.12
84556,-129.97
84601,-129.81
84646,-129.63
84691,-129.45
84736,-129.25
84782,-129.04
84827,-128.81
84872,-128.57
84917,-128.32
84962,-128.05
85007,-127.77
85052,-127.47
85097,-127.15
85142,-126.8
85188,-126.44
85233,-126.06
85278,-125.66
85323,-125.24
85368,-124.8
85413,-124.35
85458,-123.87
85503,-123.37
85548,-122.86
85593,-122.32
85638,-121.77
85684,-121.2
85729,-120.61
85774,-120.01
85819,-119.38
85864,-118.74
85909,-118.08
85954,-117.39
85999,-116.69
86044,-115.98
86089,-115.25
86134,-114.5
86179,-113.73
86224,-112.96
86269,-112.16
86315,-111.35
86360,-110.52
86405,-109.68
86450,-108.82
86495,-107.95
86540,-107.08
86585,-106.2
86630,-105.32
86675,-104.43
86720,-103.54
86765,-102.65
86810,-101.76
86855,-100.87
86900,-99.972
86945,-99.074
86990,-98.173
87035,-97.27
87080,-96.364
87125,-95.454
87170,-94.542
87215,-93.627
87260,-92.71
87305,-91.79
87350,-90.868
87395,-89.944
87440,-89.018
87485,-88.089
87530,-87.155
87576,-86.213
87621,-85.265
87666,-84.31
87711,-83.347
87756,-82.376
87801,-81.398
87846,-80.411
87891,-79.416
87936,-78.412
87981,-77.399
88026,-76.384
88071,-75.369
88116,-74.352
88161,-73.333
88206,-72.314
88251,-71.293
88296,-70.269
88341,-69.244
88386,-68.217
88431,-67.188
88476,-66.156
88521,-65.116
88566,-64.068
88611,-63.009
88656,-61.942
88701,-60.865
88747,-59.779
88792,-58.684
88837,-57.58
88882,-56.467
88927,-55.344
88972,-54.213
89017,-53.084
89062,-51.962
89107,-50.85
89152,-49.747
89197,-48.652
89242,-47.567
89287,-46.491
89332,-45.425
89377,-44.368
89422,-43.321
89467,-42.283
89512,-41.259
89557,-40.252
89603,-39.263
89648,-38.291
89693,-37.337
89738,-36.4
89783,-35.48
89828,-34.578
89873,-33.694
89918,-32.827
89963,-31.977
90008,-31.145
90053,-30.332
90098,-29.537
90143,-28.76
90188,-28.002
90233,-27.262
90278,-26.541
90323,-25.838
90368,-25.153
90413,-24.487
90458,-23.839
90503,-23.208
90548,-22.591
90593,-21.986
90638,-21.395
90683,-20.816
90728,-20.251
90773,-19.699
90818,-19.16
90863,-18.634
90908,-18.121
90953,-17.621
90998,-17.132
91043,-16.645
91088,-16.159
91133,-15.674
91178,-15.19
91223,-14.706
91268,-14.223
91313,-13.74
91358,-13.257
91403,-12.774
91448,-12.29
91493,-11.806
91538,-11.327
91583,-10.853
91628,-10.384
91673,-9.9195
91718,-9.4595
91763,-9.004
91808,-8.5529
91853,-8.106
91898,-7.6634
91943,-7.2248
91988,-6.7902
92033,-6.3697
92078,-5.9642
92123,-5.5739
92168,-5.1988
92213,-4.8392
92258,-4.495
92303,-4.1664
92348,-3.8536
92393,-3.5566
92438,-3.2756
92483,-3.0106
92528,-2.7568
92573,-2.5132
92618,-2.2798
92663,-2.0774
92708,-1.8815
92753,-1.6922
92798,-1.51
92843,-1.3349
92888,-1.1674
92933,-1.0077
92978,-0.85614
93023,-0.71478
93069,-0.58471
93114,-0.46638
93159,-0.36023
93204,-0.26672
93249,-0.18634
93294,-0.11959
93339,-0.067016
93384,-0.029165
93429,-0.0066223
93474,0
93519,0
93564,0
93609,0
93654,0
93699,0
93744,0
93790,0
93835,0
93880,0
93925,0
93970,0
94015,0
94060,0
94106,0
94151,0
94196,0
94241,0
94286,0
94331,0
94376,0
94422,0
94467,0
94512,0
94557,0
94602,0
94647,0
94692,0
94738,0
94783,0
94828,0
