0,-1001.7
1123,-1001
2239.8,-1000.3
3349.5,-999.65
4451.3,-998.96
5548.7,-998.3
6643.6,-997.63
7739.2,-996.95
8830.7,-996.3
9919.2,-995.67
11005,-995.04
12090,-994.43
13171,-993.83
14250,-993.23
15329,-992.64
16403,-992.07
17472,-991.49
18541,-990.94
19609,-990.41
20676,-989.91
21742,-989.42
22802,-988.95
23862,-988.52
24920,-988.08
25979,-987.66
27038,-987.25
28096,-986.85
29152,-986.47
30208,-986.09
31262,-985.67
32317,-985.27
33367,-984.89
34413,-984.49
35459,-984.12
36503,-983.75
37545,-983.38
38582,-983.02
39617,-982.66
40648,-982.3
41674,-981.93
42698,-981.55
43721,-981.19
44743,-980.83
45760,-980.48
46774,-980.11
47782,-979.73
48785,-979.34
49785,-978.94
50781,-978.55
51773,-978.15
52762,-977.76
53745,-977.13
54725,-976.32
55702,-975.43
56674,-974.56
57643,-973.71
58608,-972.86
59571,-971.99
60531,-971.15
61486,-970.36
62439,-969.63
63389,-968.95
64335,-968.29
65280,-967.65
66225,-967.01
67166,-966.35
68105,-965.66
69043,-964.96
69978,-964.25
70910,-963.51
71841,-962.69
72770,-961.83
73698,-960.91
74624,-960.02
75549,-959.06
76473,-958.13
77395,-957.19
78316,-956.27
79237,-955.36
80156,-954.45
81075,-953.54
81993,-952.64
82909,-951.74
83825,-950.85
84740,-949.98
85654,-949.11
86569,-948.27
87482,-947.47
88396,-946.65
89308,-945.83
90220,-945.04
91132,-944.25
92044,-943.51
92955,-942.78
93866,-942.08
94778,-941.38
95689,-940.67
96601,-939.95
97512,-939.23
98423,-938.52
99334,-937.81
1.0024e+05,-937.1
1.0116e+05,-936.38
1.0207e+05,-935.67
1.0298e+05,-934.95
1.0389e+05,-934.22
1.048e+05,-933.49
1.0571e+05,-932.74
1.0662e+05,-931.96
1.0754e+05,-931.17
1.0845e+05,-930.35
1.0936e+05,-929.47
1.1028e+05,-928.58
1.1119e+05,-927.65
1.121e+05,-926.69
1.1302e+05,-925.68
1.1393e+05,-924.64
1.1485e+05,-923.57
1.1576e+05,-922.46
1.1668e+05,-921.31
1.1759e+05,-920.13
1.1851e+05,-918.92
1.1942e+05,-917.66
1.2034e+05,-916.38
1.2126e+05,-915.06
1.2217e+05,-913.72
1.2309e+05,-912.34
1.2401e+05,-910.92
1.2492e+05,-909.49
1.2584e+05,-908.06
1.2675e+05,-906.59
1.2767e+05,-905.07
1.2859e+05,-903.55
1.2951e+05,-901.96
1.3043e+05,-900.36
1.3135e+05,-898.71
1.3227e+05,-897.03
1.3319e+05,-895.31
1.3411e+05,-893.54
1.3503e+05,-891.74
1.3596e+05,-889.92
1.3688e+05,-888.04
1.3781e+05,-886.19
1.3874e+05,-884.34
1.3966e+05,-882.53
1.4059e+05,-880.74
1.4152e+05,-878.96
1.4245e+05,-877.2
1.4338e+05,-875.43
1.4432e+05,-873.68
1.4525e+05,-871.93
1.4619e+05,-870.18
1.4713e+05,-868.41
1.4806e+05,-866.63
1.4901e+05,-864.81
1.4995e+05,-862.99
1.509e+05,-861.17
1.5184e+05,-859.32
1.5279e+05,-857.43
1.5374e+05,-855.51
1.547e+05,-853.56
1.5565e+05,-851.58
1.5661e+05,-849.57
1.5757e+05,-847.49
1.5854e+05,-845.35
1.595e+05,-843.24
1.6047e+05,-841.14
1.6144e+05,-839.06
1.6242e+05,-837.02
1.634e+05,-834.99
1.6438e+05,-833.02
1.6537e+05,-831.05
1.6636e+05,-829.16
1.6736e+05,-827.27
1.6836e+05,-825.44
1.6937e+05,-823.63
1.7039e+05,-821.83
1.7141e+05,-820.04
1.7243e+05,-818.26
1.7347e+05,-816.47
1.7451e+05,-814.66
1.7557e+05,-812.85
1.7663e+05,-811.04
1.7771e+05,-809.22
1.788e+05,-807.38
1.7991e+05,-805.54
1.8103e+05,-803.67
1.8217e+05,-801.78
1.8332e+05,-799.89
1.845e+05,-797.99
1.8569e+05,-796.07
1.8691e+05,-794.14
1.8814e+05,-792.17
1.8939e+05,-790.2
1.9065e+05,-788.22
1.919e+05,-786.23
1.9314e+05,-784.24
1.9436e+05,-782.25
1.9557e+05,-780.23
1.9677e+05,-778.2
1.9795e+05,-776.14
1.9912e+05,-774.03
2.0028e+05,-771.85
2.0142e+05,-769.61
2.0256e+05,-767.38
2.0369e+05,-765.11
2.0482e+05,-762.83
2.0594e+05,-760.6
2.0705e+05,-758.38
2.0815e+05,-756.18
2.0925e+05,-754.01
2.1035e+05,-751.9
2.1144e+05,-749.81
2.1253e+05,-747.8
2.1361e+05,-745.85
2.1469e+05,-743.96
2.1577e+05,-742.12
2.1684e+05,-740.32
2.1791e+05,-738.52
2.1898e+05,-736.75
2.2004e+05,-735.06
2.211e+05,-733.43
2.2215e+05,-731.86
2.232e+05,-730.37
2.2425e+05,-728.94
2.2529e+05,-727.54
2.2633e+05,-726.21
2.2737e+05,-724.93
2.2841e+05,-723.69
2.2945e+05,-722.47
2.3048e+05,-721.29
2.3151e+05,-720.11
2.3254e+05,-718.91
2.3356e+05,-717.74
2.3458e+05,-716.57
2.356e+05,-715.45
2.3661e+05,-714.36
2.3763e+05,-713.3
2.3865e+05,-712.26
2.3966e+05,-711.27
2.4066e+05,-710.3
2.4167e+05,-709.38
2.4267e+05,-708.42
2.4367e+05,-707.45
2.4468e+05,-706.45
2.4568e+05,-705.45
2.4667e+05,-704.46
2.4767e+05,-703.46
2.4866e+05,-702.45
2.4965e+05,-701.44
2.5064e+05,-700.42
2.5163e+05,-699.4
2.5262e+05,-698.39
2.536e+05,-697.37
2.5459e+05,-696.37
2.5558e+05,-695.35
2.5656e+05,-694.31
2.5755e+05,-693.29
2.5854e+05,-692.3
2.5952e+05,-691.34
2.6051e+05,-690.36
2.615e+05,-689.35
2.6248e+05,-688.31
2.6346e+05,-687.31
2.6445e+05,-686.31
2.6543e+05,-685.29
2.6641e+05,-684.21
2.6738e+05,-683.07
2.6836e+05,-681.88
2.6934e+05,-680.63
2.7031e+05,-679.31
2.7129e+05,-677.95
2.7226e+05,-676.53
2.7324e+05,-675.06
2.7421e+05,-673.56
2.7518e+05,-672.02
2.7614e+05,-670.46
2.7711e+05,-668.89
2.7807e+05,-667.32
2.7903e+05,-665.74
2.8e+05,-664.18
2.8096e+05,-662.65
2.8191e+05,-661.12
2.8286e+05,-659.61
2.8382e+05,-658.09
2.8477e+05,-656.58
2.8572e+05,-655.06
2.8666e+05,-653.51
2.8761e+05,-651.97
2.8856e+05,-650.43
2.8951e+05,-648.87
2.9045e+05,-647.3
2.9139e+05,-645.72
2.9234e+05,-644.13
2.9328e+05,-642.55
2.9422e+05,-640.97
2.9516e+05,-639.36
2.961e+05,-637.74
2.9703e+05,-636.14
2.9797e+05,-634.53
2.9891e+05,-632.93
2.9985e+05,-631.38
3.0078e+05,-629.88
3.0172e+05,-628.41
3.0265e+05,-626.95
3.0359e+05,-625.5
3.0453e+05,-624.07
3.0546e+05,-622.62
3.0639e+05,-621.16
3.0733e+05,-619.68
3.0826e+05,-618.22
3.0919e+05,-616.81
3.1012e+05,-614.99
3.1105e+05,-613.33
3.1198e+05,-611.5
3.1291e+05,-609.79
3.1384e+05,-607.98
3.1476e+05,-606.22
3.1568e+05,-604.43
3.1661e+05,-602.62
3.1753e+05,-600.73
3.1845e+05,-598.76
3.1938e+05,-596.69
3.203e+05,-594.53
3.2123e+05,-592.27
3.2215e+05,-589.95
3.2307e+05,-587.55
3.2399e+05,-585.09
3.249e+05,-582.59
3.2582e+05,-580.07
3.2673e+05,-577.53
3.2765e+05,-574.98
3.2856e+05,-572.46
3.2947e+05,-569.96
3.3038e+05,-567.48
3.3129e+05,-564.97
3.322e+05,-562.48
3.3311e+05,-559.97
3.3401e+05,-557.51
3.3492e+05,-555.04
3.3582e+05,-552.54
3.3672e+05,-550.03
3.3763e+05,-547.49
3.3853e+05,-544.98
3.3943e+05,-542.43
3.4033e+05,-539.88
3.4123e+05,-537.32
3.4213e+05,-534.73
3.4303e+05,-532.13
3.4393e+05,-529.55
3.4483e+05,-526.98
3.4573e+05,-524.35
3.4663e+05,-521.75
3.4753e+05,-519.15
3.4844e+05,-516.57
3.4934e+05,-513.96
3.5025e+05,-511.38
3.5115e+05,-508.75
3.5206e+05,-506.11
3.5297e+05,-503.42
3.5388e+05,-500.77
3.5479e+05,-498.23
3.5571e+05,-495.66
3.5662e+05,-493.17
3.5753e+05,-490.72
3.5844e+05,-488.3
3.5935e+05,-485.97
3.6026e+05,-483.72
3.6118e+05,-481.53
3.6209e+05,-479.38
3.63e+05,-477.3
3.6391e+05,-475.21
3.6482e+05,-473.13
3.6573e+05,-471.04
3.6664e+05,-468.95
3.6755e+05,-466.47
3.6847e+05,-463.15
3.6938e+05,-459.68
3.7029e+05,-456.26
3.712e+05,-453.06
3.7211e+05,-449.97
3.7302e+05,-447.01
3.7393e+05,-444.8
3.7484e+05,-443.28
3.7575e+05,-441.82
3.7666e+05,-440.34
3.7757e+05,-438.86
3.7847e+05,-437.37
3.7938e+05,-435.85
3.8029e+05,-434.29
3.812e+05,-432.73
3.821e+05,-431.15
3.8301e+05,-429.58
3.8391e+05,-428.03
3.8482e+05,-426.51
3.8572e+05,-425
3.8663e+05,-423.54
3.8753e+05,-422.13
3.8844e+05,-420.71
3.8934e+05,-419.35
3.9025e+05,-418.02
3.9115e+05,-416.72
3.9205e+05,-415.44
3.9296e+05,-414.18
3.9386e+05,-412.92
3.9476e+05,-411.68
3.9567e+05,-410.44
3.9657e+05,-409.21
3.9747e+05,-407.96
3.9837e+05,-406.67
3.9928e+05,-405.33
4.0018e+05,-403.9
4.0108e+05,-402.81
4.0198e+05,-401.5
4.0288e+05,-400.28
4.0378e+05,-398.91
4.0469e+05,-397.59
4.0559e+05,-396.26
4.0649e+05,-394.95
4.0739e+05,-393.65
4.0829e+05,-392.4
4.0919e+05,-391.24
4.101e+05,-390.11
4.11e+05,-389.03
4.119e+05,-388.02
4.128e+05,-387.05
4.137e+05,-386.14
4.146e+05,-385.24
4.155e+05,-384.38
4.164e+05,-383.54
4.173e+05,-382.75
4.182e+05,-382.01
4.191e+05,-381.28
4.2e+05,-380.59
4.209e+05,-379.91
4.218e+05,-379.23
4.227e+05,-378.54
4.236e+05,-377.88
4.245e+05,-377.19
4.254e+05,-376.52
4.263e+05,-375.92
4.272e+05,-375.32
4.281e+05,-374.8
4.29e+05,-374.25
4.299e+05,-373.75
4.308e+05,-373.24
4.3171e+05,-372.74
4.3261e+05,-372.26
4.3351e+05,-371.82
4.3441e+05,-371.35
4.3531e+05,-370.88
4.3621e+05,-370.48
4.3711e+05,-370.06
4.3801e+05,-369.66
4.3891e+05,-369.26
4.3981e+05,-368.9
4.4071e+05,-368.55
4.4161e+05,-368.26
4.4252e+05,-367.99
4.4342e+05,-367.76
4.4432e+05,-367.52
4.4522e+05,-367.19
4.4612e+05,-366.96
4.4702e+05,-366.72
4.4793e+05,-366.48
4.4883e+05,-366.24
4.4973e+05,-365.98
4.5063e+05,-365.68
4.5154e+05,-365.35
4.5244e+05,-365.03
4.5334e+05,-364.69
4.5425e+05,-364.41
4.5515e+05,-364.14
4.5605e+05,-363.91
4.5695e+05,-363.7
4.5786e+05,-363.94
4.5876e+05,-365.03
4.5967e+05,-366.3
4.6057e+05,-367.54
4.6148e+05,-368.6
4.6238e+05,-369.56
4.6328e+05,-370.39
4.6419e+05,-370.51
4.6509e+05,-369.97
4.66e+05,-369.35
4.6691e+05,-368.76
4.6781e+05,-368.17
4.6872e+05,-367.6
4.6962e+05,-367.08
4.7053e+05,-366.63
4.7144e+05,-366.2
4.7234e+05,-365.81
4.7325e+05,-365.39
4.7416e+05,-364.96
4.7506e+05,-364.51
4.7597e+05,-364.04
4.7688e+05,-363.54
4.7779e+05,-363
4.787e+05,-362.46
4.796e+05,-361.89
4.8051e+05,-361.32
4.8142e+05,-360.75
4.8233e+05,-360.16
4.8324e+05,-359.57
4.8415e+05,-359
4.8506e+05,-358.42
4.8597e+05,-357.83
4.8688e+05,-357.25
4.8779e+05,-356.71
4.8871e+05,-356.22
4.8962e+05,-355.76
4.9053e+05,-355.35
4.9144e+05,-354.98
4.9235e+05,-354.67
4.9327e+05,-354.41
4.9418e+05,-354.17
4.9509e+05,-353.95
4.9601e+05,-353.73
4.9692e+05,-353.52
4.9783e+05,-353.34
4.9875e+05,-353.15
4.9966e+05,-352.94
5.0058e+05,-352.72
5.0149e+05,-352.56
5.0241e+05,-352.37
5.0332e+05,-352.24
5.0424e+05,-352.07
5.0515e+05,-351.91
5.0607e+05,-351.71
5.0698e+05,-351.49
5.079e+05,-351.24
5.0882e+05,-350.94
5.0973e+05,-350.61
5.1065e+05,-350.2
5.1157e+05,-349.78
5.1248e+05,-349.34
5.134e+05,-348.9
5.1432e+05,-348.45
5.1524e+05,-347.98
5.1616e+05,-347.5
5.1707e+05,-346.94
5.1799e+05,-346.39
5.1891e+05,-345.75
5.1983e+05,-345.13
5.2075e+05,-344.54
5.2167e+05,-344.05
5.2259e+05,-343.6
5.2351e+05,-343.16
5.2443e+05,-342.76
5.2534e+05,-342.38
5.2626e+05,-341.96
5.2718e+05,-341.49
5.281e+05,-340.98
5.2902e+05,-340.48
5.2994e+05,-339.97
5.3087e+05,-339.43
5.3179e+05,-338.87
5.3271e+05,-338.33
5.3363e+05,-337.74
5.3455e+05,-337.11
5.3547e+05,-336.46
5.3639e+05,-335.8
5.3732e+05,-335.14
5.3824e+05,-334.49
5.3916e+05,-333.86
5.4008e+05,-333.29
5.41e+05,-332.78
5.4193e+05,-332.26
5.4285e+05,-331.76
5.4377e+05,-331.29
5.447e+05,-330.85
5.4562e+05,-330.43
5.4654e+05,-330.04
5.4747e+05,-329.65
5.4839e+05,-329.24
5.4931e+05,-328.81
5.5024e+05,-328.4
5.5116e+05,-327.98
5.5209e+05,-327.57
5.5301e+05,-327.14
5.5394e+05,-326.7
5.5486e+05,-326.24
5.5579e+05,-325.81
5.5671e+05,-325.45
5.5764e+05,-325.16
5.5856e+05,-324.96
5.5949e+05,-324.81
5.6041e+05,-324.67
5.6134e+05,-324.56
5.6227e+05,-324.42
5.6319e+05,-324.29
5.6412e+05,-324.18
5.6504e+05,-324.07
5.6597e+05,-323.96
5.6689e+05,-323.85
5.6782e+05,-323.76
5.6874e+05,-323.69
5.6967e+05,-323.65
5.7059e+05,-323.62
5.7152e+05,-323.6
5.7245e+05,-323.58
5.7337e+05,-323.53
5.743e+05,-323.46
5.7523e+05,-323.36
5.7616e+05,-323.23
5.7708e+05,-323.12
5.7801e+05,-323.05
5.7894e+05,-323.01
5.7987e+05,-322.98
5.808e+05,-323.01
5.8172e+05,-323.08
5.8265e+05,-323.16
5.8358e+05,-323.25
5.8451e+05,-323.32
5.8544e+05,-323.39
5.8637e+05,-323.44
5.873e+05,-323.46
5.8823e+05,-323.39
5.8916e+05,-323.3
5.9009e+05,-323.18
5.9102e+05,-323.01
5.9195e+05,-322.89
5.9288e+05,-322.8
5.9381e+05,-322.72
5.9473e+05,-322.66
5.9566e+05,-322.52
5.966e+05,-322.41
5.9753e+05,-322.27
5.9846e+05,-322.17
5.9939e+05,-322.07
6.0032e+05,-321.98
6.0125e+05,-321.91
6.0218e+05,-321.84
6.0311e+05,-321.83
6.0404e+05,-321.82
6.0497e+05,-321.86
6.059e+05,-321.9
6.0683e+05,-321.93
6.0776e+05,-321.95
6.087e+05,-321.97
6.0963e+05,-322.05
6.1056e+05,-322.12
6.1149e+05,-322.23
6.1242e+05,-322.32
6.1336e+05,-322.37
6.1429e+05,-322.35
6.1522e+05,-322.29
6.1615e+05,-322.23
6.1709e+05,-322.14
6.1802e+05,-322.03
6.1895e+05,-321.97
6.1988e+05,-321.92
6.2082e+05,-321.89
6.2175e+05,-321.83
6.2268e+05,-321.77
6.2361e+05,-321.71
6.2455e+05,-321.67
6.2548e+05,-321.6
6.2641e+05,-321.53
6.2735e+05,-321.48
6.2828e+05,-321.46
6.2921e+05,-321.48
6.3015e+05,-321.48
6.3108e+05,-321.48
6.3201e+05,-321.46
6.3295e+05,-321.42
6.3388e+05,-321.31
6.3481e+05,-321.22
6.3575e+05,-321.11
6.3668e+05,-320.96
6.3762e+05,-320.79
6.3855e+05,-320.58
6.3949e+05,-320.35
6.4042e+05,-320.11
6.4136e+05,-319.9
6.4229e+05,-319.7
6.4323e+05,-319.5
6.4417e+05,-319.29
6.451e+05,-319.06
6.4604e+05,-318.85
6.4697e+05,-318.65
6.4791e+05,-318.49
6.4885e+05,-318.3
6.4978e+05,-318.06
6.5072e+05,-317.77
6.5166e+05,-317.4
6.5259e+05,-317.01
6.5353e+05,-316.63
6.5447e+05,-316.23
6.554e+05,-315.84
6.5634e+05,-315.44
6.5727e+05,-315.04
6.5821e+05,-314.68
6.5915e+05,-314.3
6.6008e+05,-313.95
6.6102e+05,-313.57
6.6196e+05,-313.21
6.629e+05,-312.8
6.6383e+05,-312.37
6.6477e+05,-311.91
6.6571e+05,-311.43
6.6665e+05,-310.98
6.6758e+05,-310.54
6.6852e+05,-310.15
6.6946e+05,-309.78
6.704e+05,-309.37
6.7134e+05,-308.94
6.7227e+05,-308.44
6.7321e+05,-307.92
6.7415e+05,-307.32
6.7509e+05,-306.68
6.7603e+05,-306.01
6.7697e+05,-305.32
6.7791e+05,-304.63
6.7885e+05,-303.92
6.7979e+05,-302.52
6.8073e+05,-299.18
6.8167e+05,-295.9
6.8261e+05,-292.65
6.8355e+05,-289.42
6.8449e+05,-286.24
6.8543e+05,-283
6.8637e+05,-282.56
6.8731e+05,-282.07
6.8825e+05,-281.57
6.8919e+05,-281.1
6.9013e+05,-280.63
6.9107e+05,-280.18
6.9201e+05,-279.72
6.9294e+05,-279.28
6.9388e+05,-278.81
6.9482e+05,-278.38
6.9576e+05,-277.95
6.967e+05,-277.5
6.9764e+05,-277.06
6.9858e+05,-276.59
6.9952e+05,-276.13
7.0046e+05,-275.68
7.014e+05,-275.25
7.0234e+05,-274.82
7.0328e+05,-274.39
7.0422e+05,-273.95
7.0516e+05,-273.52
7.061e+05,-273.09
7.0704e+05,-272.64
7.0798e+05,-272.19
7.0892e+05,-271.71
7.0986e+05,-271.21
7.108e+05,-270.68
7.1174e+05,-270.16
7.1268e+05,-269.62
7.1363e+05,-269.08
7.1457e+05,-268.55
7.1551e+05,-268.03
7.1646e+05,-267.51
7.174e+05,-266.98
7.1834e+05,-266.43
7.1929e+05,-265.87
7.2023e+05,-265.32
7.2117e+05,-264.78
7.2212e+05,-264.2
7.2306e+05,-263.59
7.2401e+05,-262.95
7.2495e+05,-262.28
7.259e+05,-261.56
7.2684e+05,-260.79
7.2779e+05,-260
7.2874e+05,-259.18
7.2968e+05,-258.33
7.3063e+05,-257.46
7.3157e+05,-256.57
