0,8.120577873510099,0.0004797896316501386,0.002109308188246119,-2.448214220012988,34.26651141031422,-1,34.65,-2.39192112226442,29.91485379170017,0.0002200120321265447,6.200339087202623e-06,-2.641271103811004,23.7621791665727,-1000,0.009999500037496875,0.0002200120321265447,6.200339087202623e-06
3.127151878810664e-06,8.120577873510099,0.0004797896316501386,0.002109308188246119,-2.448214220012988,34.18930896309826,-1,34.65,-2.467326771972143,31.23083413208689,0.0002200120187145878,6.200338709229293e-06,-2.636847379789094,23.7489315128299,-999.9999687300447,0.009999500037496875,0.0002200120187145878,6.200338709229293e-06
6.146569236140264e-06,8.120577873510099,0.0004797896316501386,0.002109308188246119,-2.448214220012988,34.14078621621007,-1,34.65,-2.516955970711816,32.09696365593141,0.0002200120923697346,6.200340784965248e-06,-2.634067003415783,23.82159349117228,-999.9999385373807,0.009999500037496875,0.0002200120923697346,6.200340784965248e-06
9.527890627185522e-06,8.120577873510099,0.0004797896316501386,0.002109308188246119,-2.448214220012988,34.10548798443666,-1,34.65,-2.554169957508293,32.7464228623371,0.0002200122349076295,6.200344801942286e-06,-2.632044389004598,23.96158367827831,-999.9999047258573,0.009999500037496875,0.0002200122349076295,6.200344801942286e-06
1.325397903728911e-05,5.169407570487868,0.0004776502515794123,0.002126314742895766,-2.512944268178505,34.08114833615953,-1,34.65,-2.580383775800574,33.20390709700369,0.0002200124329882448,6.200350384214171e-06,-2.630649698804203,24.15477687052375,-999.9998674668361,0.009999500037496875,0.0002200124329882448,6.200350384214171e-06
1.737590479264453e-05,3.225773422790613,0.0004747810640763263,0.002146972637522909,-2.555985548245437,34.06496615311053,-1,34.65,-2.598064424942714,33.51247045666211,0.0002200126757364734,6.200357225300615e-06,-2.629722428349209,24.38944901254817,-999.9998262496393,0.009999500037496875,0.0002200126757364734,6.200357225300615e-06
2.195271259656377e-05,1.997881175719458,0.0004714697122830594,0.002170380433874209,-2.583349904292158,34.05467902567973,-1,34.65,-2.609409752442253,33.71046979919797,0.0002200129536345203,6.200365056972846e-06,-2.629132941119658,24.65535983303483,-999.9997804838496,0.009999500037496875,0.0002200129536345203,6.200365056972846e-06
2.706543173981823e-05,1.26011392150682,0.0004679546993349723,0.002195819935294014,-2.599857181096534,34.04847397765843,-1,34.65,-2.616293128569392,33.83059920640542,0.0002200132590697156,6.200373664691985e-06,-2.62877735296219,24.94435067154819,-999.9997293592144,0.009999500037496875,0.0002200132590697156,6.200373664691985e-06
3.282463344614629e-05,0.8435974180225467,0.0004644297006226664,0.002222752547835855,-2.609198611961442,34.04496296691555,-1,34.65,-2.620201585159787,33.89881038294518,0.0002200135863099268,6.200382886916119e-06,-2.628576128221289,25.25030314103183,-999.9996717700767,0.009999500037496875,0.0002200135863099268,6.200382886916119e-06
3.938362500346498e-05,0.6265861327209249,0.0004610543262391544,0.002250806006636077,-2.61407197559747,34.04313170921125,-1,34.65,-2.622244382056675,33.93446215970466,0.0002200139314100183,6.200392612464151e-06,-2.628471147243403,25.5689883404031,-999.9996061834404,0.009999500037496875,0.0002200139314100183,6.200392612464151e-06
4.695941977329479e-05,0.52541552715701,0.0004579699760654775,0.002279753690081119,-2.616345426554169,34.04227791235166,-1,34.65,-2.623198242344531,33.95110994219633,0.0002200142920472073,6.200402775875841e-06,-2.628422167034433,25.89783186503637,-999.9995304292802,0.009999500037496875,0.0002200142920472073,6.200402775875841e-06
5.58684155688353e-05,0.4859968170204149,0.0004553204497033475,0.002309495644331724,-2.61723148076623,34.04194579718845,-1,34.65,-2.623570147770427,33.9576016214278,0.0002200146673789244,6.200413353406052e-06,-2.628403069041512,26.23569824677359,-999.9994413437764,0.009999500037496875,0.0002200146673789244,6.200413353406052e-06
6.659083282173554e-05,0.4760408933430165,0.0004532800967225496,0.002340050911252348,-2.617455294656323,34.04186281583257,-1,34.65,-2.623664096148763,33.95924263315297,0.0002200150580399064,6.200424362942817e-06,-2.628398232616305,26.58280379977456,-999.9993341249647,0.009999500037496875,0.0002200150580399064,6.200424362942817e-06
7.98965439170568e-05,0.4782378213471596,0.0004520977705967875,0.00237157974940906,-2.617405907023957,34.04188280041614,-1,34.65,-2.62364335126755,33.95888236038135,0.0002200154665302294,6.200435874942827e-06,-2.628399276481544,26.94096904939564,-999.9992010745061,0.009999500037496875,0.0002200154665302294,6.200435874942827e-06
9.712109161876729e-05,0.48462813924054,0.0004521789007413664,0.002404490183215918,-2.617262247329926,34.04193861773698,-1,34.65,-2.623583027372996,33.95783187482638,0.0002200158987513853,6.200448055720859e-06,-2.628402343741774,27.31482912254463,-999.9990288376408,0.009999500037496875,0.0002200158987513853,6.200448055720859e-06
0.0001209216006526189,0.4924034780436648,0.0004542828757022073,0.00243986246055259,-2.617087447035533,34.04200678264609,-1,34.65,-2.62350962609399,33.95655403597494,0.0002200163699452384,6.200461334820354e-06,-2.628406068478247,27.71665555455537,-999.9987908444497,0.009999500037496875,0.0002200163699452384,6.200461334820354e-06
0.0001591928122258003,0.5016615711728377,0.0004604329096454538,0.002482255574934058,-2.616879296897367,34.0420888382884,-1,34.65,-2.623422210891055,33.95503354777989,0.000220016943727556,6.200477505049306e-06,-2.628410479037193,28.19823817168776,-999.9984081514682,0.009999500037496875,0.000220016943727556,6.200477505049306e-06
0.0002131231555246277,0.5107051619564336,0.0004717704412443949,0.002527556039099794,-2.61667593349079,34.04217035218449,-1,34.65,-2.623336782674093,33.95354981605968,0.0002200175677822848,6.200495092046207e-06,-2.628414739394045,28.71284806550071,-999.9978688749984,0.009999500037496875,0.0002200175677822848,6.200495092046207e-06
0.0002433457924876507,0.5158171803173781,0.0004787163825628139,0.002549605340239246,-2.616560973083401,34.04221625647254,-1,34.65,-2.623288487938239,33.9527109896533,0.0002200178756141034,6.200503767306551e-06,-2.628417139726982,28.96332648171539,-999.9975666637389,0.009999500037496875,0.0002200178756141034,6.200503767306551e-06
0.0002748529986920095,0.5199504950941483,0.0004861628417011017,0.002571354294509057,-2.616468003464842,34.04225389894123,-1,34.65,-2.623249418871082,33.95203334027624,0.0002200181818716775,6.20051239820182e-06,-2.628419056882586,29.2103929798948,-999.9972516074292,0.009999500037496875,0.0002200181818716775,6.20051239820182e-06
0.0003124785315109883,0.5252030870711464,0.0004952005919788964,0.002596357779409645,-2.616349857699375,34.04230138932418,-1,34.65,-2.623199770480133,33.95117187299946,0.0002200185371717566,6.20052241120405e-06,-2.62842149176554,29.49443070327376,-999.9968753709124,0.009999500037496875,0.0002200185371717566,6.20052241120405e-06
0.0003559489446593108,0.5304958578877395,0.0005057413026415903,0.002624454905237825,-2.616230787716764,34.04234952767466,-1,34.65,-2.623149720220991,33.95030416853459,0.0002200189405344346,6.200533778697702e-06,-2.628423919299717,29.81361195682535,-999.9964406885146,0.009999500037496875,0.0002200189405344346,6.200533778697702e-06
0.0003986136627569475,0.5365651289534775,0.0005161340188788437,0.002651505687942792,-2.616094261514079,34.04240399249678,-1,34.65,-2.623092341562262,33.94930846179014,0.0002200193329771726,6.200544838447593e-06,-2.628426715471753,30.12090683054741,-999.9960140626644,0.009999500037496875,0.0002200193329771726,6.200544838447593e-06
0.0004366360455068955,0.5406176036773382,0.0005254159133346402,0.002675283693099014,-2.616003070111573,34.0424409386121,-1,34.65,-2.62305399437579,33.94864427591569,0.0002200196812624604,6.200554653760249e-06,-2.628428543148294,30.39102319544291,-999.9956338578465,0.009999500037496875,0.0002200196812624604,6.200554653760249e-06
0.0004725743336221568,0.5455302548693839,0.0005341962279450406,0.002697528709250227,-2.615892549357355,34.04248489514753,-1,34.65,-2.623007537357782,33.94783828043036,0.0002200200099081355,6.20056391559291e-06,-2.628430788381075,30.64372491959216,-999.9952744929332,0.009999500037496875,0.0002200200099081355,6.20056391559291e-06
0.0005117981265544199,0.5500917635085962,0.000543784627360874,0.002721572679060287,-2.615789905548693,34.04252599663687,-1,34.65,-2.622964376315807,33.94709024266712,0.0002200203681912095,6.200574012661357e-06,-2.628432845018274,30.91686262311609,-999.9948822746144,0.009999500037496875,0.0002200203681912095,6.200574012661357e-06
0.0005580402766411487,0.5559551923704853,0.0005550914148306689,0.002749633290017597,-2.615657974939931,34.04257841391547,-1,34.65,-2.622908906733735,33.94612832823599,0.0002200207903465211,6.200585909765595e-06,-2.628435496643169,31.23562907045837,-999.9944198762328,0.009999500037496875,0.0002200207903465211,6.200585909765595e-06
0.0006085861683169549,0.5615941338615065,0.0005674531342259205,0.002779966837586479,-2.615531068286389,34.04262903954253,-1,34.65,-2.622855531648861,33.94520353853495,0.00022002125156652,6.200598907783746e-06,-2.628438012856595,31.58021590816232,-999.993914442587,0.009999500037496875,0.00022002125156652,6.200598907783746e-06
0.0006567591328375173,0.5679557994629781,0.0005792343938379326,0.002808568824133924,-2.615387924883909,34.04268548205967,-1,34.65,-2.622795346509951,33.94415958459117,0.0002200216910924836,6.200611294424538e-06,-2.628440880434896,31.90513234182556,-999.9934327370266,0.009999500037496875,0.0002200216910924836,6.200611294424538e-06
0.0007008167536934702,0.5725352856420682,0.0005900107977943171,0.002834465792755147,-2.615284841980087,34.04272652128966,-1,34.65,-2.622751978580754,33.94340857817817,0.0002200220929305957,6.200622618953151e-06,-2.628442896721042,32.19931997362306,-999.9929921828452,0.009999500037496875,0.0002200220929305957,6.200622618953151e-06
0.0007446273355514556,0.5780083757740023,0.0006007260099277778,0.002859985960005248,-2.615161676871593,34.042774991365,-1,34.65,-2.62270018325846,33.94251046403447,0.0002200224925293472,6.200633880372511e-06,-2.6284453406745,32.48922716995145,-999.9925540989302,0.009999500037496875,0.0002200224925293472,6.200633880372511e-06
0.0007936574317769097,0.5834124114104668,0.0006127186913807546,0.002888273210761337,-2.615040038495136,34.04282302932547,-1,34.65,-2.622649012158817,33.94162393699667,0.0002200229396399144,6.200646480761224e-06,-2.628447720149258,32.81056822850206,-999.9920638224812,0.009999500037496875,0.0002200229396399144,6.200646480761224e-06
0.0008498512645672778,0.5901219517922003,0.0006264631395417344,0.002920355300635734,-2.614889031254777,34.04288230392314,-1,34.65,-2.622585496802165,33.94052292926604,0.0002200234520564778,6.200660921591646e-06,-2.628450688970017,33.17501837636717,-999.9915019122482,0.009999500037496875,0.0002200234520564778,6.200660921591646e-06
0.0009085824205925446,0.596264608127785,0.0006408292689597216,0.00295350592963571,-2.614750746353071,34.04293675966423,-1,34.65,-2.62252730901564,33.93951523529095,0.0002200239874847841,6.200676010934826e-06,-2.628453362362229,33.55160704899303,-999.9909146300513,0.009999500037496875,0.0002200239874847841,6.200676010934826e-06
0.0009640847119874818,0.6030573860656756,0.0006544044996653158,0.002984496728330726,-2.614597866156537,34.0429964359918,-1,34.65,-2.622463005871563,33.93840038724982,0.0002200244934935039,6.200690271180564e-06,-2.628456359464479,33.90366021046338,-999.9903596348863,0.009999500037496875,0.0002200244934935039,6.200690271180564e-06
0.001016612730321623,0.6083535438252592,0.0006672536677285941,0.003013525076678506,-2.614478623581362,34.04304324106408,-1,34.65,-2.622412821317913,33.93753154195461,0.0002200249722495136,6.200703763395382e-06,-2.628458641676886,34.23342008237469,-999.989834380965,0.009999500037496875,0.0002200249722495136,6.200703763395382e-06
0.001070992680994535,0.6146181174410911,0.0006805549353059503,0.003043285896179254,-2.614337612424882,34.04309819587893,-1,34.65,-2.622353497851306,33.93650345022908,0.0002200254678957541,6.200717731607616e-06,-2.628461376777042,34.57150077194632,-999.9892906086462,0.009999500037496875,0.0002200254678957541,6.200717731607616e-06
0.001132250663639629,0.6209730068732402,0.0006955395042417991,0.003076459257168087,-2.614194536442323,34.04315405602544,-1,34.65,-2.622293284883624,33.93546074834879,0.0002200260261148413,6.200733463236438e-06,-2.628464111413496,34.94834767826995,-999.9886780594466,0.009999500037496875,0.0002200260261148413,6.200733463236438e-06
0.001200144364131142,0.6285750665416673,0.0007121465882716185,0.00311281164357954,-2.614023406395674,34.04322055276224,-1,34.65,-2.622221281370269,33.93421315902722,0.0002200266447763938,6.200750898243825e-06,-2.628467405031286,35.36130807626064,-999.987999156386,0.009999500037496875,0.0002200266447763938,6.200750898243825e-06
0.001268978081353546,0.6353379572086962,0.0007289849858416071,0.003149229747565065,-2.613871121942377,34.0432798622457,-1,34.65,-2.62215717787627,33.93310356573577,0.0002200272718416596,6.200768570083135e-06,-2.628470279666289,35.77501502099069,-999.9873108536278,0.009999500037496875,0.0002200272718416596,6.200768570083135e-06
0.001334485710974001,0.642719478166445,0.0007450084804641246,0.003183502073407292,-2.6137049565981,34.04334417549888,-1,34.65,-2.622087262612606,33.9318921036847,0.0002200278686198551,6.200785388377733e-06,-2.628473466327559,36.1643460860735,-999.9866558100831,0.009999500037496875,0.0002200278686198551,6.200785388377733e-06
0.001398723683160196,0.6489220321586407,0.0007607229776797465,0.003216746368753664,-2.613565281496784,34.04339839435717,-1,34.65,-2.622028461095581,33.93087443020306,0.0002200284536672771,6.200801876077808e-06,-2.628476084241611,36.54199880140754,-999.9860134624778,0.009999500037496875,0.0002200284536672771,6.200801876077808e-06
0.001467076254003634,0.6562006841496948,0.0007774430804277167,0.003251746538296512,-2.613401411205631,34.04346171707412,-1,34.65,-2.621959497375321,33.92967995231123,0.0002200290761813418,6.200819419655995e-06,-2.628479192496235,36.93959811663716,-999.9853299709431,0.009999500037496875,0.0002200290761813418,6.200819419655995e-06
0.001543546814693376,0.6636216591885928,0.000796150165805099,0.003290453664375652,-2.613234299472253,34.04352634831164,-1,34.65,-2.621889145068694,33.92846231889492,0.0002200297724700775,6.200839042338547e-06,-2.628482313954273,37.37930818160505,-999.9845653035685,0.009999500037496875,0.0002200297724700775,6.200839042338547e-06
0.001625694942182828,0.6721931181235591,0.00081624528417534,0.003331531620272622,-2.613041314881633,34.04360071621718,-1,34.65,-2.621807922224311,33.92705572677644,0.0002200305204160405,6.200860120815688e-06,-2.628485950119265,37.84595069645553,-999.9837438633647,0.009999500037496875,0.0002200305204160405,6.200860120815688e-06
0.001707666152265027,0.6797566001626194,0.0008362989001666874,0.003372011068082661,-2.612870971922472,34.04366645146008,-1,34.65,-2.621736194163412,33.92581481419046,0.0002200312665394588,6.200881147930203e-06,-2.628489092978962,38.30579420408314,-999.9829241922464,0.009999500037496875,0.0002200312665394588,6.200881147930203e-06
0.001786983401036099,0.687950932952462,0.0008557018292664509,0.003410722766585017,-2.612686476263808,34.04373734945032,-1,34.65,-2.621658541474269,33.92447015249659,0.0002200319885063227,6.200901494269095e-06,-2.628492551859718,38.74555621143769,-999.9821310594143,0.009999500037496875,0.0002200319885063227,6.200901494269095e-06
0.001867279054669299,0.695285686488483,0.0008753459011118395,0.003449458729137508,-2.612521281884591,34.04380091622382,-1,34.65,-2.62158897832586,33.92326679945933,0.000220032719172136,6.200922085760197e-06,-2.628495583216465,39.18559385659182,-999.9813281430229,0.009999500037496875,0.000220032719172136,6.200922085760197e-06
0.001953998355440926,0.7038120085197618,0.0008965604758146867,0.003490809175454243,-2.612329291180614,34.04387457522462,-1,34.65,-2.621508156446382,33.92186781204932,0.0002200335082570978,6.20094432360912e-06,-2.628499143976327,39.65533184228489,-999.9804609933715,0.009999500037496875,0.0002200335082570978,6.20094432360912e-06
0.002049652781678651,0.7124499605915274,0.0009199624811547853,0.003535848066455317,-2.612134743528784,34.04394923975005,-1,34.65,-2.621426229390146,33.92045072369949,0.0002200343784231782,6.200968846471384e-06,-2.628502694359844,40.16697028445887,-999.9795044969328,0.009999500037496875,0.0002200343784231782,6.200968846471384e-06
0.002149929509095862,0.7221295331898813,0.0009444942170113691,0.003582452643047006,-2.611916780482268,34.04403266856124,-1,34.65,-2.621334469219811,33.91886264162981,0.0002200352905785729,6.200994552668873e-06,-2.628506711762982,40.69639479815265,-999.9785017797933,0.009999500037496875,0.0002200352905785729,6.200994552668873e-06
0.002249635183945535,0.7307434111159405,0.0009688885101928304,0.00362818449464917,-2.611722755362361,34.0441069864526,-1,34.65,-2.621252747501769,33.91744967486208,0.000220036197259678,6.201020104590926e-06,-2.628510211455906,41.21590522106481,-999.9775047728939,0.009999500037496875,0.000220036197259678,6.201020104590926e-06
0.002348152836362181,0.7400453218756187,0.0009929905623516915,0.003672811119838916,-2.611513291617702,34.04418699886071,-1,34.65,-2.621164560108443,33.91592371131105,0.0002200370931121424,6.201045351342197e-06,-2.628514046485039,41.72286035437438,-999.9765196456248,0.009999500037496875,0.0002200370931121424,6.201045351342197e-06
0.002450451977783702,0.7487907422793768,0.001018019905167567,0.003718570729832039,-2.611316304560992,34.04426228052465,-1,34.65,-2.621081589318196,33.91448929014695,0.0002200380230769447,6.20107155944117e-06,-2.628517581666838,42.24268611053727,-999.9754967053561,0.009999500037496875,0.0002200380230769447,6.20107155944117e-06
0.002561437550204746,0.7588284532600403,0.001045173391207045,0.003767583927752011,-2.61109025372729,34.04434849832832,-1,34.65,-2.620986404243466,33.91284285879004,0.0002200390319313138,6.20109999079157e-06,-2.628521677389009,42.79947238285338,-999.9743869051206,0.009999500037496875,0.0002200390319313138,6.20109999079157e-06
0.002681922872887042,0.7689004924431581,0.00107465322803266,0.003820065716198302,-2.610863379833767,34.04443503088365,-1,34.65,-2.620890838833015,33.91119105140808,0.0002200401268212506,6.2011308467807e-06,-2.628525718856966,43.39566158481497,-999.973182112132,0.009999500037496875,0.0002200401268212506,6.2011308467807e-06
0.002806247809546954,0.7799173107053521,0.001105071117837373,0.0038734703746624,-2.610615278276886,34.04452948329639,-1,34.65,-2.620786364579094,33.90938427674045,0.0002200412565066368,6.201162683368854e-06,-2.62853018491475,44.00233452133895,-999.9719389249232,0.009999500037496875,0.0002200412565066368,6.201162683368854e-06
0.002930565503126372,0.7899158185856764,0.001135490124647972,0.003926128372381548,-2.610390045026002,34.04461524709826,-1,34.65,-2.620691476827143,33.90774480481023,0.0002200423857479183,6.201194507441334e-06,-2.628534153170248,44.60052544749617,-999.9706958101416,0.009999500037496875,0.0002200423857479183,6.201194507441334e-06
0.003056022695027803,0.8007031096798035,0.001166186201440599,0.003978559459222613,-2.610147105190272,34.04470759279847,-1,34.65,-2.620589167849506,33.90597596892646,0.0002200435252667036,6.201226621152555e-06,-2.628538489897372,45.19613868300439,-999.9694413009464,0.009999500037496875,0.0002200435252667036,6.201226621152555e-06
0.003188691124441006,0.8112130793855956,0.00119864940360652,0.004033245914299087,-2.609910353739433,34.04479758696095,-1,34.65,-2.620489426114762,33.90425289425852,0.000220044729902473,6.201260569978785e-06,-2.628542637006611,45.81737273343157,-999.9681146829815,0.009999500037496875,0.000220044729902473,6.201260569978785e-06
0.003332258917283053,0.8230879029004651,0.001233778280754199,0.004091595727903873,-2.609642907215354,34.04489911395722,-1,34.65,-2.620376782954436,33.90230611129088,0.0002200460333618326,6.201297303833465e-06,-2.628547362007217,46.48022226347849,-999.9666790768317,0.009999500037496875,0.0002200460333618326,6.201297303833465e-06
0.003486004569522868,0.8349154066308473,0.001271400534110686,0.004153153370487907,-2.609376469709691,34.04500024036329,-1,34.65,-2.62026452550716,33.90036741144169,0.0002200474287655544,6.201336628847443e-06,-2.628551986604367,47.17951249144718,-999.9651416971764,0.009999500037496875,0.0002200474287655544,6.201336628847443e-06
0.003643475885176311,0.8476225598223478,0.001309932750931717,0.004215264269665295,-2.609090278262116,34.04510872821912,-1,34.65,-2.620143982539748,33.89828460741703,0.0002200488578201768,6.201376902204983e-06,-2.628557004661708,47.88508767304717,-999.9635670627496,0.009999500037496875,0.0002200488578201768,6.201376902204983e-06
0.003802784937359317,0.8594548500394045,0.001348918412489831,0.004277160200334407,-2.608823722335922,34.04520976372959,-1,34.65,-2.620031662952684,33.89634556194078,0.0002200503030223976,6.201417630631205e-06,-2.628561581715184,48.58822082842833,-999.9619740518763,0.009999500037496875,0.0002200503030223976,6.201417630631205e-06
0.00396656065236474,0.8722151822555368,0.00138899519396521,0.004339865097555099,-2.60853632469588,34.0453185807688,-1,34.65,-2.619910600585319,33.89425453058849,0.0002200517885843436,6.201459496467864e-06,-2.628566570660651,49.300543783492,-999.960336376608,0.009999500037496875,0.0002200517885843436,6.201459496467864e-06
0.004141825049581506,0.8849572491981312,0.001431886942021349,0.004405957596698915,-2.608249278254358,34.04542724291275,-1,34.65,-2.619789643762932,33.8921668669409,0.000220053377796016,6.201504283342268e-06,-2.628571463306119,50.05134964371003,-999.9585838202613,0.009999500037496875,0.000220053377796016,6.201504283342268e-06
0.004330303362191166,0.899106343349093,0.001478010901941602,0.004475934150493992,-2.607930592095978,34.04554777620063,-1,34.65,-2.619655387895561,33.88984886311678,0.0002200550865662702,6.201552439594887e-06,-2.628576935615266,50.84627807504206,-999.9566991313674,0.009999500037496875,0.0002200550865662702,6.201552439594887e-06
0.00453037213185672,0.9131666795427682,0.001526975516801607,0.004549009330290259,-2.607613842024976,34.0456675458022,-1,34.65,-2.619521902387708,33.88754584286134,0.0002200568997280553,6.201603537790648e-06,-2.62858227596622,51.67640666661096,-999.9546985436976,0.009999500037496875,0.0002200568997280553,6.201603537790648e-06
0.004735181709222641,0.9280881618050799,0.001577098339297637,0.004622608931575182,-2.607277761486687,34.0457945221166,-1,34.65,-2.619380311472955,33.88510199658223,0.0002200587555657227,6.201655838670368e-06,-2.628587993186076,52.51249264717266,-999.9526505503211,0.009999500037496875,0.0002200587555657227,6.201655838670368e-06
0.004945522662364962,0.9423717728374856,0.001628579910221505,0.004696966527000575,-2.606955976765389,34.04591606966942,-1,34.65,-2.619244692267326,33.88276310319645,0.0002200606607470142,6.201709530143128e-06,-2.628593357246227,53.35718938462887,-999.9505472459523,0.009999500037496875,0.0002200606607470142,6.201709530143128e-06
0.005164907262648307,0.9577525004198368,0.001682272777361671,0.004773275586867896,-2.60660954486291,34.04604683899488,-1,34.65,-2.619098725535177,33.8802448257303,0.0002200626475197282,6.201765521010521e-06,-2.628599180895237,54.22405461257923,-999.9483535096335,0.009999500037496875,0.0002200626475197282,6.201765521010521e-06
0.005401482825143325,0.9733744545070556,0.00174017810587346,0.004854188459446404,-2.606257616087849,34.04617964700545,-1,34.65,-2.618950395465578,33.87768758629611,0.000220064789110334,6.201825874927595e-06,-2.628604990544223,55.14321880951523,-999.9459878722874,0.009999500037496875,0.000220064789110334,6.201825874927595e-06
0.005654056134793807,0.9904217994293523,0.001801997283453619,0.004939093663113921,-2.605873641610706,34.04632446581823,-1,34.65,-2.618788595464874,33.87489739408121,0.0002200670750519436,6.201890296918409e-06,-2.628611366675406,56.10773558982135,-999.9434622654683,0.009999500037496875,0.0002200670750519436,6.201890296918409e-06
0.005921437041006157,1.007428170536429,0.001867446944021525,0.005027376605491452,-2.605490521642209,34.04646892132138,-1,34.65,-2.618627103512688,33.8721145444264,0.0002200694939417899,6.20195846563226e-06,-2.628617609308771,57.11062322991665,-999.9407885900864,0.009999500037496875,0.0002200694939417899,6.20195846563226e-06
0.006196306438508195,1.025333168432035,0.001934727295292829,0.005116526619817706,-2.605087234059497,34.04662090500779,-1,34.65,-2.618457153745895,33.86918508342713,0.0002200719800475019,6.202028528611418e-06,-2.628624226322467,58.12336074267169,-999.9380400335358,0.009999500037496875,0.0002200719800475019,6.202028528611418e-06
0.006483393194533599,1.042946704556375,0.002005005240033864,0.005207968938780284,-2.604690438235538,34.04677040287368,-1,34.65,-2.618289883450408,33.86630400708329,0.0002200745754465187,6.202101671674618e-06,-2.628630607929198,59.16213866510488,-999.9351693095082,0.009999500037496875,0.0002200745754465187,6.202101671674618e-06
0.006785773133867574,1.061842877552438,0.002079024568585819,0.005302556950693135,-2.604264821902967,34.04693069300113,-1,34.65,-2.618110504629268,33.86321364364789,0.0002200773084699115,6.202178693242961e-06,-2.628637491557209,60.23665142480566,-999.9321456612935,0.009999500037496875,0.0002200773084699115,6.202178693242961e-06
0.007113880121745625,1.08128977294503,0.002159349158877994,0.005403273718898535,-2.603826734526375,34.04709563533084,-1,34.65,-2.617925815703322,33.860034024859,0.0002200802726141678,6.202262228217458e-06,-2.628644445983359,61.3807863988258,-999.9288647554558,0.009999500037496875,0.0002200802726141678,6.202262228217458e-06
0.00746186180774557,1.102164174393319,0.002244537333253547,0.005508052002591131,-2.603356564379955,34.04727259429477,-1,34.65,-2.617727640329089,33.85662167990264,0.0002200834154374303,6.202350798691218e-06,-2.628651937723759,62.57105988581876,-999.9253851125736,0.009999500037496875,0.0002200834154374303,6.202350798691218e-06
0.007831753034325253,1.123202428008848,0.002335098498289426,0.005617229924444639,-2.602882631755827,34.04745092273794,-1,34.65,-2.617527818828537,33.8531835163939,0.0002200867543927829,6.202444896523882e-06,-2.628659341212051,63.81131293413628,-999.9216863852397,0.009999500037496875,0.0002200867543927829,6.202444896523882e-06
0.008214440203189047,1.145230747678446,0.002428790067763546,0.005727964404786569,-2.60238648082123,34.04763755548058,-1,34.65,-2.617318673391914,33.84958433082898,0.0002200902078403972,6.202542220956649e-06,-2.628667123164451,65.06924837077352,-999.9178597048802,0.009999500037496875,0.0002200902078403972,6.202542220956649e-06
0.008621606185169044,1.167481937218453,0.002528485295391692,0.005843417750795049,-2.601885236787485,34.04782605850889,-1,34.65,-2.617107317435365,33.84594981811795,0.0002200938801796236,6.202645714153028e-06,-2.628674826009765,66.38078976938708,-999.9137882486282,0.009999500037496875,0.0002200938801796236,6.202645714153028e-06
0.009052578725327828,1.191190300210479,0.002634007336182915,0.005963150284799102,-2.601351251018693,34.04802682496813,-1,34.65,-2.616882195782269,33.84207822796022,0.0002200977659704799,6.202755222804433e-06,-2.628683050390822,67.74094242443175,-999.9094787386966,0.009999500037496875,0.0002200977659704799,6.202755222804433e-06
0.009524125882513656,1.215917891646097,0.002749475803636779,0.006091388999496846,-2.600794241235297,34.04823619976779,-1,34.65,-2.616647303335352,33.8380415062768,0.0002201020151523636,6.2028749724757e-06,-2.628691459272387,69.1977246576529,-999.9047635028808,0.009999500037496875,0.0002201020151523636,6.2028749724757e-06
0.01002126135613821,1.242045518490682,0.002871208521983666,0.006223678676560913,-2.600205782700571,34.04845734910833,-1,34.65,-2.616399188148699,33.83377741945577,0.0002201064932101859,6.203001172287056e-06,-2.628700348117791,70.70052552118096,-999.8997923966936,0.009999500037496875,0.0002201064932101859,6.203001172287056e-06
0.01055603352847257,1.268828407749357,0.00300217214425305,0.00636282969463279,-2.599602494210899,34.04868402309139,-1,34.65,-2.616144748383062,33.82940795430967,0.0002201113072472305,6.20313684060377e-06,-2.628709267124254,72.28127070674786,-999.8944449423361,0.009999500037496875,0.0002201113072472305,6.20313684060377e-06
0.01111234820747795,1.29670819913988,0.003138409642213357,0.006504373289167942,-2.598974595078158,34.04891990328646,-1,34.65,-2.615879970433177,33.82486092801229,0.0002201163131505266,6.203277916060294e-06,-2.628718549716387,73.88919538246746,-999.8888820736827,0.009999500037496875,0.0002201163131505266,6.203277916060294e-06
0.01171760706727547,1.3256609515469,0.003286650046216839,0.006654855957923867,-2.59832246143268,34.04916484005024,-1,34.65,-2.615604897280783,33.82014072970942,0.0002201217558544886,6.20343130135377e-06,-2.628727978803312,75.59866727454026,-999.8828297876914,0.009999500037496875,0.0002201217558544886,6.20343130135377e-06
0.01235756262477123,1.356147957935244,0.003443387396856913,0.006810282305077119,-2.597635868815135,34.04942268237818,-1,34.65,-2.615315325622955,33.81517211121866,0.0002201275078983555,6.203593404408202e-06,-2.628737883350395,77.36429898444155,-999.8764305520702,0.009999500037496875,0.0002201275078983555,6.203593404408202e-06
0.01306851627998335,1.388536522009652,0.003617533152746118,0.00697878029195765,-2.596906388047086,34.04969658249669,-1,34.65,-2.615007585184669,33.80989583981436,0.0002201338935352295,6.203773363265558e-06,-2.628748167740367,79.27842354658836,-999.8693213709682,0.009999500037496875,0.0002201338935352295,6.203773363265558e-06
0.01381217907620539,1.422159019329448,0.003799691993539023,0.007150696332334677,-2.596149224337345,34.04998084289358,-1,34.65,-2.614688200879885,33.80442070344704,0.0002201405693510969,6.203961499894549e-06,-2.628758796870172,81.23137694149156,-999.8618851148096,0.009999500037496875,0.0002201405693510969,6.203961499894549e-06
0.01463057087220171,1.457532480900933,0.004000179962407195,0.007335096051071339,-2.595352566275942,34.05027988291205,-1,34.65,-2.614352066174574,33.7986631632181,0.0002201479102722416,6.204168380399535e-06,-2.628769704213038,83.32614399136183,-999.8537016060149,0.009999500037496875,0.0002201479102722416,6.204168380399535e-06
0.01548164182513921,1.493947368778176,0.004208675772002041,0.007521961872335705,-2.59453257343928,34.0505876528503,-1,34.65,-2.614006118221545,33.7927387020159,0.0002201555397703968,6.204383393529363e-06,-2.628780863104355,85.44892578199217,-999.845191321989,0.009999500037496875,0.0002201555397703968,6.204383393529363e-06
0.01643800103285524,1.533107459659569,0.0044429924077755,0.007726395536129433,-2.593650708858082,34.0509185989103,-1,34.65,-2.613633967838248,33.78637093842789,0.0002201641060605854,6.204624807161952e-06,-2.628792548783891,87.77127695331319,-999.8356282080556,0.009999500037496875,0.0002201641060605854,6.204624807161952e-06
0.01743717112084531,1.573440613450946,0.004687804601302092,0.007934222544024599,-2.592742556762174,34.05125938365561,-1,34.65,-2.613250748225325,33.77981567998619,0.0002201730496308018,6.204876853231688e-06,-2.628804472445583,90.13217626050593,-999.8256370067234,0.009999500037496875,0.0002201730496308018,6.204876853231688e-06
0.01858046950845471,1.617613387833117,0.004967961812042904,0.008165348325140355,-2.591747907112461,34.05163258066655,-1,34.65,-2.612830915923282,33.77264059732816,0.0002201832741718993,6.205164999389889e-06,-2.628817156568573,92.75774789355287,-999.8142045944535,0.009999500037496875,0.0002201832741718993,6.205164999389889e-06
0.01975565456134057,1.662234420815536,0.005255948272647772,0.008396115439992982,-2.590743313455486,34.05200948555964,-1,34.65,-2.612406904307562,33.76539681190771,0.0002201937752365467,6.205460938484498e-06,-2.628829810507819,95.37924510460476,-999.8024533314732,0.009999500037496875,0.0002201937752365467,6.205460938484498e-06
0.02110340494547109,1.711185595921716,0.005586258627149654,0.008652965613853645,-2.589641198619377,34.05242293416698,-1,34.65,-2.61194160042065,33.75745531069882,0.0002202058067237025,6.205800007667978e-06,-2.628843245245376,98.2970439203672,-999.7889765014564,0.009999500037496875,0.0002202058067237025,6.205800007667978e-06
0.02248173176180265,1.760233885585528,0.005924088161687083,0.008907763865812003,-2.588537068136111,34.05283711949304,-1,34.65,-2.61147545304216,33.74950314951501,0.0002202180995991878,6.206146443249837e-06,-2.628856489521901,101.1915330563791,-999.7751939224049,0.009999500037496875,0.0002202180995991878,6.206146443249837e-06
0.02411810082670203,1.815919432498709,0.006325194906779677,0.009200838095309026,-2.587283517103828,34.05330731287425,-1,34.65,-2.610946068284767,33.74048163797224,0.0002202326793648115,6.206557327553779e-06,-2.628870979456653,104.5208344420998,-999.7588310498791,0.009999500037496875,0.0002202326793648115,6.206557327553779e-06
0.02576392687995597,1.870602206445285,0.006728676493201398,0.009486166543772793,-2.586052743979899,34.05376894615509,-1,34.65,-2.610426295193519,33.73162912521182,0.0002202473262048654,6.206970102137117e-06,-2.628884906933569,107.7621443330659,-999.7423736121978,0.009999500037496875,0.0002202473262048654,6.206970102137117e-06
0.02773887311007149,1.933275080638032,0.007212864307049208,0.009817299189066948,-2.584642153026151,34.05429798324978,-1,34.65,-2.609830394387241,33.72149173922791,0.0002202648837869416,6.207464906722898e-06,-2.628900192169695,111.5237864833402,-999.7226251372958,0.009999500037496875,0.0002202648837869416,6.207464906722898e-06
0.02969213387053681,1.9936243521894,0.007691834462597535,0.01013374440421006,-2.583284107643395,34.05480730094057,-1,34.65,-2.609256665689802,33.71173842114393,0.000220282224109292,6.207953588534592e-06,-2.628914512502149,115.1185805226823,-999.7030935062481,0.009999500037496875,0.000220282224109292,6.207953588534592e-06
0.03211323847867625,2.064978545502662,0.008285507892380049,0.01051242791879441,-2.581678481677805,34.0554094307416,-1,34.65,-2.608578108425823,33.70021776531371,0.0002203036960205274,6.208558706033044e-06,-2.628930590854841,119.4203970011183,-999.6788836706284,0.009999500037496875,0.0002203036960205274,6.208558706033044e-06
0.03444653883258212,2.131744836210191,0.00885784435644396,0.01086430554303413,-2.580176403805839,34.05597272051661,-1,34.65,-2.607943262528364,33.68944829987706,0.0002203243520205341,6.209140829669597e-06,-2.628945111831011,123.4177005647786,-999.6555518336519,0.009999500037496875,0.0002203243520205341,6.209140829669597e-06
0.03737734487621115,2.211623661634432,0.009576654130781015,0.01129040466132179,-2.578379447536292,34.05664655416804,-1,34.65,-2.607183494479479,33.67657804280932,0.0002203502725600172,6.209871317600483e-06,-2.628961420180334,128.2581547643993,-999.6262452385088,0.009999500037496875,0.0002203502725600172,6.209871317600483e-06
0.04015568867365766,2.284963119472137,0.01025838209459566,0.01167920795980141,-2.57672998620458,34.05726507526191,-1,34.65,-2.606486006458316,33.66477444975618,0.0002203747914741331,6.210562305180114e-06,-2.628975719299794,132.674931233018,-999.5984631896022,0.009999500037496875,0.0002203747914741331,6.210562305180114e-06
0.04383947363399406,2.377379565118743,0.01116199936178843,0.01217528292416136,-2.574651686651711,34.05804436685553,-1,34.65,-2.605606792587387,33.64991962132763,0.0002204072761781763,6.211477783203152e-06,-2.628992340506136,138.3103058242927,-999.561627181753,0.009999500037496875,0.0002204072761781763,6.211477783203152e-06
0.04714472766239249,2.457559681662147,0.01197341201910972,0.01260256387413412,-2.572849072899316,34.05872028803905,-1,34.65,-2.604844096687735,33.63704799525345,0.0002204363349940385,6.212296713468359e-06,-2.629005919064351,143.1641855436995,-999.5285762939722,0.009999500037496875,0.0002204363349940385,6.212296713468359e-06
0.05126793943224588,2.552638924851085,0.01298525337755133,0.01311578672088075,-2.570711779021534,34.05952167132471,-1,34.65,-2.603939349310596,33.62180591315336,0.0002204725580932517,6.213317546264367e-06,-2.629020462253814,148.9943587997702,-999.4873462377249,0.009999500037496875,0.0002204725580932517,6.213317546264367e-06
0.05520861240055369,2.640255219397195,0.01395283408270209,0.01358703763421137,-2.568742822883675,34.06025993804059,-1,34.65,-2.603105668340692,33.60777984076368,0.0002205070864755256,6.214290618855721e-06,-2.629032777914659,154.3477340230589,-999.4479414782305,0.009999500037496875,0.0002205070864755256,6.214290618855721e-06
0.05967326866258135,2.735112228705761,0.01504897783212403,0.01410132224737577,-2.566611585963112,34.06105903473881,-1,34.65,-2.602202866598122,33.59261705879003,0.000220546152131114,6.215391560058666e-06,-2.629044591819988,160.1899688664349,-999.4032971477709,0.009999500037496875,0.000220546152131114,6.215391560058666e-06
0.06456364717613897,2.834811323612228,0.01624988207880271,0.01464294025832001,-2.564372209627944,34.06189867379363,-1,34.65,-2.601253902032204,33.57670518014991,0.0002205888551044331,6.216595007488569e-06,-2.62905548921799,166.3427090697024,-999.3543958076414,0.009999500037496875,0.0002205888551044331,6.216595007488569e-06
0.07018521081807318,2.944329432701519,0.01763048614832962,0.01524072623522239,-2.561913032871612,34.06282071705208,-1,34.65,-2.600211304124167,33.55925631544542,0.0002206378446250193,6.217975621250545e-06,-2.629065544336229,173.1335131765019,-999.2981829817929,0.009999500037496875,0.0002206378446250193,6.217975621250545e-06
0.07614804634751704,3.05539970508701,0.01909543552820301,0.01584875206409016,-2.559419883286162,34.06375549514689,-1,34.65,-2.599153798738625,33.54159260731538,0.0002206896720732683,6.219436212973926e-06,-2.629073732211371,180.0406412378042,-999.2385576076927,0.009999500037496875,0.0002206896720732683,6.219436212973926e-06
0.08299260687736382,3.176938179903145,0.02077704533663239,0.0165179335132501,-2.556692776809775,34.06477798573344,-1,34.65,-2.597996393821044,33.52230254769743,0.0002207490407098823,6.221109329096683e-06,-2.629080236420508,187.6424925838279,-999.1701154244179,0.009999500037496875,0.0002207490407098823,6.221109329096683e-06
0.0900109307659207,3.296010106411015,0.02250218005951857,0.01717525162641798,-2.554022164954842,34.06577929579169,-1,34.65,-2.596862338600594,33.50344306347527,0.0002208097303444784,6.222819673344391e-06,-2.629084204712326,195.1095773179068,-999.0999356944311,0.009999500037496875,0.0002208097303444784,6.222819673344391e-06
0.09819769503508198,3.428258451729023,0.02451433267141748,0.01791030657690312,-2.551057349604384,34.06689090768181,-1,34.65,-2.595602493065491,33.48254345834707,0.0002208803809504846,6.224810735877293e-06,-2.629085601912371,203.4597467252647,-999.0180721448145,0.009999500037496875,0.0002208803809504846,6.224810735877293e-06
0.106384930460603,3.554607420156375,0.0265278372629447,0.01861419080673124,-2.548226247537897,34.06795239113638,-1,34.65,-2.594398701430757,33.46262216885047,0.0002209507877339685,6.226794927048202e-06,-2.62908412316774,211.455819071085,-998.93620388387,0.009999500037496875,0.0002209507877339685,6.226794927048202e-06
0.1160804397185963,3.696989145181892,0.02891182966789988,0.01941345700936909,-2.545037593636838,34.06914792925441,-1,34.65,-2.593041795791282,33.44022903616484,0.0002210339964774561,6.22913990072831e-06,-2.629078848365314,220.5354235131704,-998.8392536386813,0.009999500037496875,0.0002210339964774561,6.22913990072831e-06
0.1256838350620108,3.83167223561579,0.03127482137903765,0.02017132233072004,-2.542023187046677,34.07027814406865,-1,34.65,-2.591758088810441,33.41910113396423,0.00022111609510827,6.231453589414881e-06,-2.629070531489424,229.1447170320638,-998.7432244865847,0.009999500037496875,0.00022111609510827,6.231453589414881e-06
0.1370706094992491,3.98360619937642,0.03407604588302997,0.02103307224793833,-2.538624831572263,34.07155231326711,-1,34.65,-2.590309541971809,33.39533328374595,0.0002212132275771643,6.234190958992812e-06,-2.629056892363372,238.9341318109183,-998.6293624351725,0.009999500037496875,0.0002212132275771643,6.234190958992812e-06
0.1484233070093652,4.128168349801593,0.03687085094306842,0.02185547534681667,-2.535393675557803,34.07276380287946,-1,34.65,-2.588931057212063,33.3727836318948,0.0002213096716846978,6.23690892929603e-06,-2.629039921009485,248.2765696684389,-998.5158411359944,0.009999500037496875,0.0002213096716846978,6.23690892929603e-06
0.1617177196936983,4.289231989254183,0.04014316940998763,0.02277898296677045,-2.531796402163253,34.07411256479765,-1,34.65,-2.587394760645955,33.34773771315614,0.0002214223279135384,6.240083786654264e-06,-2.629016039645014,258.7675473436596,-998.382903655859,0.009999500037496875,0.0002214223279135384,6.240083786654264e-06
0.1752076086844573,4.445063605818189,0.04346574198903658,0.02367599910691036,-2.528318901097611,34.07541642966462,-1,34.65,-2.585908069927318,33.32358347587977,0.0002215361574321213,6.24329170945069e-06,-2.62898809817919,268.9575837842808,-998.24801151039,0.009999500037496875,0.0002215361574321213,6.24329170945069e-06
0.1907154392121627,4.61549980074431,0.04728514750317989,0.02466459055622766,-2.524518894579652,34.07684121907617,-1,34.65,-2.584281540100662,33.29725675447267,0.0002216666277386849,6.246968599908393e-06,-2.628951729922442,280.1879089062554,-998.0929409584469,0.009999500037496875,0.0002216666277386849,6.246968599908393e-06
0.2067809942372886,4.783697651603573,0.05124414069291079,0.02564498328635152,-2.520772485831255,34.0782459231854,-1,34.65,-2.582675971487888,33.27136991587725,0.0002218012057067912,6.250761251736841e-06,-2.628909966706645,291.3250971897615,-997.9322934403706,0.009999500037496875,0.0002218012057067912,6.250761251736841e-06
0.2249313935838529,4.964444785139969,0.05571717505706296,0.0267064113418684,-2.516750832923741,34.07975383552546,-1,34.65,-2.580950041588183,33.24365940512006,0.0002219527229213035,6.255031282327643e-06,-2.628858252450413,303.3828407250426,-997.7507985214241,0.009999500037496875,0.0002219527229213035,6.255031282327643e-06
0.2440720330509082,5.145849434156192,0.06043656435689031,0.02777786826708967,-2.512719228884539,34.08126549049411,-1,34.65,-2.579217312013217,33.21596173337332,0.0002221117918036123,6.259514132647254e-06,-2.628799217296239,315.5545114720794,-997.5594016963555,0.009999500037496875,0.0002221117918036123,6.259514132647254e-06
0.2654153845062598,5.338161069640511,0.06569989331938624,0.02892226301123355,-2.508450596942855,34.08286602824165,-1,34.65,-2.57737973823011,33.18672684682762,0.0002222884651307982,6.264493108231585e-06,-2.628728513325134,328.5547504014064,-997.3459788526775,0.009999500037496875,0.0002222884651307982,6.264493108231585e-06
0.2882125196412234,5.533470743888909,0.07132421655242557,0.03009211190727024,-2.504121344861816,34.08448930806076,-1,34.65,-2.575512850286823,33.15717343638138,0.0002224762854572101,6.269786226521374e-06,-2.628648049734051,341.8441465975272,-997.1180188990404,0.009999500037496875,0.0002224762854572101,6.269786226521374e-06
0.3134144347495293,5.738604483123544,0.07754326510957724,0.0313302369951315,-2.499581085290245,34.08619171751765,-1,34.65,-2.573551259312804,33.12628663029666,0.0002226829951696066,6.275611682052551e-06,-2.628553820810566,355.9091552398309,-996.8660123479701,0.009999500037496875,0.0002226829951696066,6.275611682052551e-06
0.3405589457926914,5.948488703277162,0.08424446658556679,0.03260617246917241,-2.494943170835362,34.08793075696693,-1,34.65,-2.57154339264234,33.09485020326111,0.0002229045235174428,6.281854753673388e-06,-2.628446908369683,370.4036870487347,-996.5945808087761,0.009999500037496875,0.0002229045235174428,6.281854753673388e-06
0.3704100562885449,6.167605034651861,0.09161595492827775,0.03394886531161129,-2.490109731704645,34.08974312363654,-1,34.65,-2.569446220165738,33.06221465556086,0.0002231469376928453,6.288686425889277e-06,-2.628323601386475,385.6565775829891,-996.2960846282535,0.009999500037496875,0.0002231469376928453,6.288686425889277e-06
0.4026985675645638,6.392542083298135,0.09959257846820634,0.03533797802770828,-2.485157311858697,34.09160011848791,-1,34.65,-2.567292256134524,33.02891167571339,0.0002234077325345187,6.296036098700073e-06,-2.628184303905505,401.4367944193895,-995.9732156585382,0.009999500037496875,0.0002234077325345187,6.296036098700073e-06
0.4373559469147031,6.621699952301058,0.1081575645718251,0.03676465420826391,-2.480122231138735,34.09348812298015,-1,34.65,-2.565096676360777,32.99519701073892,0.000223686128664373,6.303881807814147e-06,-2.6280287570922,417.6437294100583,-995.6266591924268,0.009999500037496875,0.000223686128664373,6.303881807814147e-06
0.4743722200022076,6.854105641410191,0.1173089090186853,0.0382234403389865,-2.475026848868298,34.09539875342104,-1,34.65,-2.562868674122094,32.96122977715913,0.0002239818027955199,6.312214442419197e-06,-2.627856556461902,434.2154310394375,-995.2565149683004,0.009999500037496875,0.0002239818027955199,6.312214442419197e-06
0.51387147376752,7.089707417467252,0.1270776595554697,0.03971460011597161,-2.469873258888792,34.09733122481359,-1,34.65,-2.560608609365461,32.92703273590576,0.0002242955011797374,6.321055033247144e-06,-2.62766671277988,451.1548948755029,-994.8615421787931,0.009999500037496875,0.0002242955011797374,6.321055033247144e-06
0.5559482424372471,7.328266973661488,0.1374876934352708,0.04123713883940036,-2.46466765166946,34.09928321602786,-1,34.65,-2.558318621461894,32.89265577773822,0.0002246277074623445,6.330417210302434e-06,-2.627458373675891,468.4508212025096,-994.4407955289025,0.009999500037496875,0.0002246277074623445,6.330417210302434e-06
0.6007447215535623,7.569805587986415,0.1485746512260775,0.04279172535462174,-2.459410566278657,34.10125452494617,-1,34.65,-2.555998344883196,32.85811140746937,0.0002249792644404784,6.340324725140756e-06,-2.627230445514617,486.110808053731,-993.9928531342991,0.009999500037496875,0.0002249792644404784,6.340324725140756e-06
0.648385965359822,7.814222722906651,0.1603700067127971,0.04437822635648671,-2.454105225224282,34.10324394317552,-1,34.65,-2.553648567828713,32.82342998835504,0.0002253508523152344,6.350796747065696e-06,-2.626981907439927,504.1333410926177,-993.5164645150721,0.009999500037496875,0.0002253508523152344,6.350796747065696e-06
0.6990175054975291,8.061501245499844,0.172910314827489,0.04599705111999453,-2.448753062455554,34.10525093291407,-1,34.65,-2.551269259329365,32.78863030698059,0.0002257432872561216,6.361856277217973e-06,-2.626711621195355,522.523069652632,-993.0101744275664,0.009999500037496875,0.0002257432872561216,6.361856277217973e-06
0.7527809906258833,8.311578355210118,0.1862312184475044,0.04764830242013646,-2.443356526442281,34.10727457587019,-1,34.65,-2.548860807925448,32.75373795553971,0.000226157326822414,6.373524664995303e-06,-2.626418456270385,541.2811612500085,-992.4725664560095,0.009999500037496875,0.000226157326822414,6.373524664995303e-06
0.8098282750835051,8.564415941211795,0.2003709179029868,0.04933224229743791,-2.437917551929433,34.10931414631938,-1,34.65,-2.546423343130759,32.71877536104004,0.0002265937793881657,6.385824691848305e-06,-2.626101215527265,560.410592645569,-991.9021221329365,0.009999500037496875,0.0002265937793881657,6.385824691848305e-06
0.8703135007054359,8.81996225161847,0.215368221452975,0.05104903580332679,-2.432438384966589,34.11136880173483,-1,34.65,-2.543957102384745,32.68376713779514,0.0002270534406440557,6.398778781787024e-06,-2.62575867772849,579.9132388112233,-991.2973001170619,0.009999500037496875,0.0002270534406440557,6.398778781787024e-06
0.9343974987722571,9.078171768346431,0.2312636315119986,0.05279888404543674,-2.426921150530004,34.11343774492222,-1,34.65,-2.541462237487005,32.6487372939106,0.0002275371262218467,6.412409920797499e-06,-2.625389573329971,599.7913843146879,-990.6564921759898,0.009999500037496875,0.0002275371262218467,6.412409920797499e-06
1.002245649305052,9.338995527632628,0.2480988177989115,0.05458195827650589,-2.421368056167112,34.11552014765635,-1,34.65,-2.538938905685268,32.61371053665984,0.0002280456535539559,6.426741145611484e-06,-2.624992596395368,620.0469745742939,-989.978044592193,0.009999500037496875,0.0002280456535539559,6.426741145611484e-06
1.074029097938255,9.602385907302958,0.2659169187891045,0.0563984322345763,-2.415781284721449,34.11761519090901,-1,34.65,-2.536387221093112,32.57871158623033,0.0002285798495532948,6.441795760138309e-06,-2.6245663976412,640.6819832412392,-989.2602459948937,0.009999500037496875,0.0002285798495532948,6.441795760138309e-06
1.149924323730646,9.868294582722831,0.28476243613058,0.0582484679210293,-2.410163032875663,34.11972205039658,-1,34.65,-2.533807271924448,32.54376541910378,0.0002291405456446504,6.457597195440147e-06,-2.624109586897525,661.6982506391317,-988.5013316817368,0.009999500037496875,0.0002291405456446504,6.457597195440147e-06
1.230113488270327,10.1366735409089,0.3046813220399546,0.0601322225573122,-2.404515484112089,34.12183990672104,-1,34.65,-2.531199108028495,32.50889709687874,0.0002297285786956324,6.474169035967823e-06,-2.623620731032459,683.097562791885,-987.6994801279155,0.009999500037496875,0.0002297285786956324,6.474169035967823e-06
1.314784429769197,10.40747472810224,0.3257209790021914,0.06204984619013697,-2.398840810356155,34.12396794475526,-1,34.65,-2.528562741508212,32.4741317762792,0.0002303447892373209,6.491534969415408e-06,-2.623098353961891,704.8816242189548,-986.8528130452227,0.009999500037496875,0.0002303447892373209,6.491534969415408e-06
1.404130813377777,10.68065023632649,0.3479302981379815,0.06400148319449947,-2.393141161849196,34.12610535744248,-1,34.65,-2.5258981419748,32.43949464629838,0.0002309900208230345,6.509718768649156e-06,-2.622540935723357,727.0520750095246,-985.9593938789785,0.009999500037496875,0.0002309900208230345,6.509718768649156e-06
1.498352215912365,10.95615223764614,0.3713596814039273,0.06598727213203399,-2.387418661991247,34.12825134773242,-1,34.65,-2.523205234109875,32.40501089690587,0.0002316651188697747,6.528744259057285e-06,-2.621946911942237,749.6104892134242,-985.0172269608007,0.009999500037496875,0.0002316651188697747,6.528744259057285e-06
1.59765423768132,11.23393298304608,0.3960610705737736,0.06800734620239419,-2.381675400479589,34.13040513115671,-1,34.65,-2.520483894459997,32.37070567795644,0.0002323709296714322,6.548635290740363e-06,-2.621314673128373,772.5583799687832,-984.0242563903987,0.009999500037496875,0.0002323709296714322,6.548635290740363e-06
1.702248603890739,11.51394474341199,0.4220879737316145,0.07006183341580006,-2.375913427320751,34.13256593807713,-1,34.65,-2.517733948656892,32.33660406414452,0.0002331082993093893,6.569415707810063e-06,-2.620642564033231,795.8972014621522,-982.9783650215655,0.009999500037496875,0.0002331082993093893,6.569415707810063e-06
1.812353270150707,11.79613973848391,0.4494954928940785,0.07215085681499071,-2.370134746764572,34.13473301596328,-1,34.65,-2.514955168619253,32.30273102018145,0.0002338780725684991,6.59110931783952e-06,-2.619928882977553,819.6283514498691,-981.8773734071705,0.009999500037496875,0.0002338780725684991,6.59110931783952e-06
1.92819252648623,12.08047003737827,0.4783403513978099,0.07427453462676864,-2.364341311510997,34.13690563156832,-1,34.65,-2.512147269899477,32.2691113683037,0.0002346810918198735,6.613739860378254e-06,-2.619171881184539,843.7531729795915,-980.7190387590997,0.009999500037496875,0.0002346810918198735,6.613739860378254e-06
2.049997101726955,12.36688743658208,0.5086809215420263,0.07643298038431107,-2.358535017077922,34.1390830730445,-1,34.65,-2.509309909121553,32.23576975742225,0.0002355181958860471,6.637330974970419e-06,-2.618369762106708,868.2729557797437,-979.5010539044129,0.009999500037496875,0.0002355181958860471,6.637330974970419e-06
2.178004267483768,12.65534331380328,0.5405772523174101,0.07862630300599609,-2.352717696375589,34.14126465198159,-1,34.65,-2.506442681530489,32.20273063416347,0.0002363902188850308,6.661906168578141e-06,-2.617520680751467,893.1889371549768,-978.2210462456277,0.009999500037496875,0.0002363902188850308,6.661906168578141e-06
2.31245794179241,12.94578845856161,0.5740910972711635,0.08085460683430999,-2.346891114482979,34.14344970536968,-1,34.65,-2.503545118649835,32.17001821575245,0.0002372979890560819,6.687488782489579e-06,-2.616622743004903,918.5023024281511,-976.8765767243369,0.009999500037496875,0.0002372979890560819,6.687488782489579e-06
2.45360879216983,13.23817287964912,0.6092859424778257,0.0831179916322061,-2.341056963638366,34.14563759748206,-1,34.65,-2.500616686051832,32.13765646478382,0.0002382423275677425,6.714101958727287e-06,-2.615674004955441,944.2141848989747,-975.4651387906952,0.009999500037496875,0.0002382423275677425,6.714101958727287e-06
2.601714338039006,13.53244559017586,0.6462270346399229,0.08541655253821247,-2.335216858445657,34.14782772167719,-1,34.65,-2.497656781239585,32.10566906586382,0.000239224047310238,6.741768606015799e-06,-2.614672472217691,970.3256653340302,-973.9841573792228,0.009999500037496875,0.000239224047310238,6.741768606015799e-06
2.757039052216161,13.82855437044567,0.6849814092802105,0.08775037997739514,-2.329372331308764,34.15001950211559,-1,34.65,-2.494664731645893,32.07407940416355,0.0002402439516726164,6.77051136531919e-06,-2.613616099258545,996.8377709553225,-972.4309878939841,0.009999500037496875,0.0002402439516726164,6.77051136531919e-06
2.919854461306555,14.12644550936149,0.7256179190277418,0.0901195595282295,-2.323524828098149,34.15221239538967,-1,34.65,-2.491639792749468,32.04291054587622,0.0002413028333061387,6.800352574991181e-06,-2.612502788726589,1023.751473927948,-970.8029152046796,0.009999500037496875,0.0002413028333061387,6.800352574991181e-06
3.090439244915463,14.4260635252322,0.7682072620176731,0.09252417174636227,-2.317675704051377,34.1544058920661,-1,34.65,-2.488581146308016,32.01218522055631,0.0002424014728758757,6.831314235592861e-06,-2.611330390785528,1051.067689358045,-969.097152654586,0.009999500037496875,0.0002424014728758757,6.831314235592861e-06
3.269079333200449,14.72735086625444,0.8128220103327594,0.09496429194094613,-2.311826219922115,34.15659951813515,-1,34.65,-2.485487898714293,31.98192580538475,0.0002435406378000451,6.863417974364907e-06,-2.610096702454891,1078.787272751971,-967.3108410850818,0.009999500037496875,0.0002435406378000451,6.863417974364907e-06
3.456068002802893,15.03024759198555,0.859536638544613,0.09743998990708111,-2.305977538372321,34.15879283636892,-1,34.65,-2.482359079471181,31.95215431129591,0.0002447210809800443,6.896685009437613e-06,-2.608799466957865,1106.911016976854,-965.4410478763807,0.009999500037496875,0.0002447210809800443,6.896685009437613e-06
3.65170597065392,15.3346910362328,0.9084275522803436,0.09995132961031961,-2.300130720620504,34.16098544758382,-1,34.65,-2.479193639791381,31.92289237099717,0.0002459435395206665,6.931136113764237e-06,-2.607436373079796,1135.4396486766,-963.4847660095186,0.009999500037496875,0.0002459435395206665,6.931136113764237e-06
3.856301485554066,15.64061545258965,0.959573116843651,0.1024983688252607,-2.294286723343798,34.16317699180787,-1,34.65,-2.475990451319535,31.89416122882943,0.0002472087334426626,6.966791578838674e-06,-2.6060050545382,1164.373824166345,-961.438913150603,0.009999500037496875,0.0002472087334426626,6.966791578838674e-06
4.07017041711555,15.94795164340525,1.013053685844727,0.1050811587262823,-2.288446395840718,34.16536714935044,-1,34.65,-2.472748304979615,31.86598173246358,0.0002485173643878882,7.00367117820412e-06,-2.604503089367232,1193.714124783203,-959.3003307614345,0.009999500037496875,0.0002485173643878882,7.00367117820412e-06
4.293636341828346,16.25662657333964,1.068951629839102,0.1076997434310927,-2.282610477454796,34.16755564177421,-1,34.65,-2.469465909947014,31.83837432639127,0.0002498701143184176,7.041794130791768e-06,-2.602927999318457,1223.461051701049,-957.0657832388895,0.009999500037496875,0.0002498701143184176,7.041794130791768e-06
4.527030625857199,16.56656296849726,1.127351364939789,0.1103541594961329,-2.276779595262673,34.16974223276812,-1,34.65,-2.466141892746834,31.81135904718383,0.0002512676442101102,7.081179064103105e-06,-2.601277249280814,1253.615020198328,-954.7319570869914,0.009999500037496875,0.0002512676442101102,7.081179064103105e-06
4.770692504338287,16.87767890242694,1.188339381410136,0.1130444353650867,-2.270954262024816,34.17192672892187,-1,34.65,-2.46277479647708,31.78495552046648,0.0002527105927421398,7.121843977278485e-06,-2.599548246721574,1284.176353393167,-952.2954601239833,0.009999500037496875,0.0002527105927421398,7.121843977278485e-06
5.024969156582875,17.18988736986194,1.252004272157237,0.115770590767903,-2.265134874405043,34.17410898039974,-1,34.65,-2.459363080160263,31.75918295958957,0.0002541995749818765,7.1638062040347e-06,-2.597738341152685,1315.145275416312,-949.7528207303289,0.009999500037496875,0.0002541995749818765,7.1638062040347e-06
5.290215777073809,17.50309584977344,1.318436761168011,0.1185326360735245,-2.25932171145189,34.17628888151627,-1,34.65,-2.455905118219694,31.73406016591763,0.000255735181067431,7.207082375536692e-06,-2.595844823623497,1346.521904058177,-947.1004871387839,0.009999500037496875,0.000255735181067431,7.207082375536692e-06
5.566795641730519,17.81720585880801,1.38772973183024,0.1213305715950161,-2.25351493334441,34.17846637121286,-1,34.65,-2.452399200082414,31.70960553069966,0.0002573179748877325,7.251688383199735e-06,-2.59386492624382,1378.306242875158,-944.3348267717782,0.009999500037496875,0.0002573179748877325,7.251688383199735e-06
5.855080168883783,18.13211249624415,1.459978255074782,0.1241643868460494,-2.247714580403676,34.18064143343479,-1,34.65,-2.448843529910401,31.68583703847606,0.0002589484927599214,7.297639341415967e-06,-2.591795821741536,1410.498172743347,-941.4521256316995,0.009999500037496875,0.0002589484927599214,7.297639341415967e-06
6.155448974929245,18.44770398223721,1.535279617410128,0.1270340597532374,-2.241920572359439,34.18281409741265,-1,34.65,-2.445236226454824,31.66277227192578,0.0002606272421068849,7.344949550284939e-06,-2.589634623055222,1443.097442910713,-938.4485877443849,0.009999500037496875,0.0002606272421068849,7.344949550284939e-06
6.468289923749647,18.76386119016625,1.613733348702915,0.1299395558201328,-2.236132707879056,34.18498443784548,-1,34.65,-2.441575323039014,31.64042841813276,0.0002623547001327543,7.393632458286712e-06,-2.587378382968554,1476.103661500189,-935.3203346649248,0.009999500037496875,0.0002623547001327543,7.393632458286712e-06
6.793999169700467,19.08045717475456,1.695441249737275,0.1328808272462286,-2.230350664349725,34.18715257498891,-1,34.65,-2.43785876766653,31.61882227618036,0.0002641313124982854,7.443700624951679e-06,-2.58502409378826,1509.51628550158,-932.0634050478264,0.009999500037496875,0.0002641313124982854,7.443700624951679e-06
7.132981193725869,19.39735669738471,1.780507419531612,0.1358578120019954,-2.224573997909708,34.18931867465014,-1,34.65,-2.434084423253585,31.59797026600411,0.0002659574919967158,7.495165683543809e-06,-2.582568687069003,1543.33461026406,-928.6737542858737,0.009999500037496875,0.0002659574919967158,7.495165683543809e-06
7.485648832029081,19.7144157499229,1.869038282358294,0.138870432859945,-2.218802143725954,34.19148294809043,-1,34.65,-2.430250067986558,31.57788843843845,0.0002678336172299461,7.548038303753026e-06,-2.580009033389617,1577.557758489123,-925.1472542234367,0.009999500037496875,0.0002678336172299461,7.548038303753026e-06
7.852423296660153,20.03148107837658,1.961142614399427,0.1419185963815698,-2.213034416515284,34.19364565183648,-1,34.65,-2.426353395805582,31.55859248639042,0.0002697600312846347,7.602328154385159e-06,-2.577341942185641,1612.184668722293,-921.4796929506055,0.009999500037496875,0.0002697600312846347,7.602328154385159e-06
8.233734187888254,20.34838970818402,2.056931570100891,0.1450021918644965,-2.207270011297533,34.19580708740477,-1,34.65,-2.422392017009634,31.54009775704287,0.0002717370404105134,7.65804386611447e-06,-2.574564161639371,1647.214083392866,-917.6667746794722,0.009999500037496875,0.0002717370404105134,7.65804386611447e-06
8.630019497336669,20.66496847216431,2.156518708067357,0.1481210902467362,-2.201508004383021,34.19796760093823,-1,34.65,-2.418363458988098,31.52241926503788,0.0002737649126984993,7.715192994230436e-06,-2.571672378635188,1682.644536366276,-913.7041197127832,0.009999500037496875,0.0002737649126984993,7.715192994230436e-06
9.041725601980884,20.98103354315946,2.260020016625055,0.1512751429744966,-2.195747354578453,34.20012758276101,-1,34.65,-2.414265167071718,31.50557170653068,0.0002758438767621366,7.773781981478397e-06,-2.568663218779716,1718.474340082524,-909.5872645039557,0.009999500037496875,0.0002758438767621366,7.773781981478397e-06
9.469307247659353,21.29638997221621,2.367553938818789,0.1544641808283629,-2.189986904616878,34.20228746684938,-1,34.65,-2.41009450551089,31.48956947407291,0.0002779741204183627,7.833816120881132e-06,-2.565533246496982,1754.701572221681,-905.3116618219608,0.009999500037496875,0.0002779741204183627,7.833816120881132e-06
9.913227522443549,21.61083123455549,2.479241397038831,0.1576880127163215,-2.184225382791924,34.20444773022608,-1,34.65,-2.405848758571792,31.47442667220577,0.0002801557893723626,7.895299518675673e-06,-2.562278965196356,1791.324061992725,-900.8726810176107,0.009999500037496875,0.0002801557893723626,7.895299518675673e-06
10.37395781852104,21.9241387842651,2.595205817051725,0.1609464244289656,-2.178461404800616,34.20660889227661,-1,34.65,-2.401525131757972,31.46015713371709,0.0002823889859026502,7.958235057256507e-06,-2.558896817523432,1828.339375992773,-896.265608404708,0.009999500037496875,0.0002823889859026502,7.958235057256507e-06
10.8519777827201,22.23608161979827,2.715573151583814,0.1642391773635715,-2.172693475778232,34.20877151399365,-1,34.65,-2.397120753150339,31.44677443645646,0.0002846737675499551,8.022624358226008e-06,-2.55538318569322,1865.744803712684,-891.4856477547751,0.009999500037496875,0.0002846737675499551,8.022624358226008e-06
11.34777525437184,22.54641586135686,2.840471903249797,0.1675660072133244,-2.16691999252741,34.21093619714875,-1,34.65,-2.392632674872367,31.4342919206538,0.0002870101458064387,8.088467745454183e-06,-2.551734391915528,1903.537342646755,-886.5279209184027,0.009999500037496875,0.0002870101458064387,8.088467745454183e-06
11.8618461907825,22.8548843423505,2.970033147019795,0.1709266226292914,-2.161139245923541,34.21310358339803,-1,34.65,-2.388057874672433,31.42272270663686,0.0002893980848094576,8.155764208266532e-06,-2.547946698910849,1941.713683092843,-881.3874685704883,0.009999500037496875,0.0002893980848094576,8.155764208266532e-06
12.39469457907041,23.16121621611895,3.104390552041048,0.1743207038520778,-2.15534942349739,34.21527435332165,-1,34.65,-2.383393257629514,31.41207971289069,0.0002918375000367421,8.224511364671823e-06,-2.544016310526208,1980.270192608077,-876.0592510918231,0.009999500037496875,0.0002918375000367421,8.224511364671823e-06
12.94683233396385,23.46512657972674,3.243680402847394,0.1777479013162322,-2.149548612184986,34.21744922540066,-1,34.65,-2.378635657980493,31.40237567437513,0.000294328257004001,8.294705424658212e-06,-2.539939372454256,2019.202900155,-870.5381495910626,0.009999500037496875,0.000294328257004001,8.294705424658212e-06
13.51877918144296,23.76631611678233,3.388041620067156,0.1812078342320132,-2.143734801232539,34.2196289549359,-1,34.65,-2.373781841065221,31.39362316101717,0.0002968701699671739,8.366341153620355e-06,-2.535711973056765,2058.507479990559,-864.8189670682491,0.009999500037496875,0.0002968701699671739,8.366341153620355e-06
14.11106252686344,24.06447076056673,3.53761578043245,0.1847000891413111,-2.137905885257451,34.22181433290861,-1,34.65,-2.368828505396338,31.38583459632005,0.0002994630006258838,8.43941183582036e-06,-2.531330144302863,2098.179235261466,-858.8964297335084,0.009999500037496875,0.0002994630006258838,8.43941183582036e-06
14.7242173076779,24.35926137963246,3.692547136271711,0.1882242184539225,-2.132059667450651,34.22400618478814,-1,34.65,-2.363772284848087,31.37902227600329,0.0003021064568314187,8.513909237976346e-06,-2.52678986282146,2138.213081376398,-852.7651884797627,0.009999500037496875,0.0003021064568314187,8.513909237976346e-06
15.35878582992098,24.65034348751895,3.852982634434663,0.1917797389642969,-2.126193862916014,34.22620536928856,-1,34.65,-2.358609750966789,31.37319838660985,0.0003048001912982155,8.589823572949711e-06,-2.522087051074279,2178.603529156346,-846.4198205177986,0.009999500037496875,0.0003048001912982155,8.589823572949711e-06
16.01531758783522,24.93735697840273,4.019071934659891,0.195366130350322,-2.120306102140266,34.22841277707646,-1,34.65,-2.353337415403802,31.36837502401195,0.0003075438003188349,8.667143463530803e-06,-2.517217578654399,2219.344667780926,-839.8548311799174,0.009999500037496875,0.0003075438003188349,8.667143463530803e-06
16.69436906633562,25.21992589068424,4.190967427483929,0.1989828336574823,-2.114393934584126,34.23062932943356,-1,34.65,-2.347951732469379,31.36456421174763,0.0003103368224837929,8.745855906361434e-06,-2.512177263712783,2260.430147568535,-833.0646558951903,0.009999500037496875,0.0003103368224837929,8.745855906361434e-06
17.39650352516164,25.49765820017826,4.368824251585507,0.202629249767038,-2.108454832393314,34.23285597687453,-1,34.65,-2.342449101812738,31.36177791912807,0.0003131787374040498,8.825946235932312e-06,-2.50696187452161,2301.853162574982,-826.0436623478316,0.009999500037496875,0.0003131787374040498,8.825946235932312e-06
18.12229076531333,25.77014564535402,4.552800310909828,0.2063047378562565,-2.102486194212993,34.23509369772628,-1,34.65,-2.336825871219914,31.36002807904772,0.000316068964441221,8.907398088798047e-06,-2.501567131170195,2343.606433101825,-818.78615281272,0.009999500037496875,0.000316068964441221,8.907398088798047e-06
18.87230687604125,26.03696358612465,4.743056291339961,0.2100086138461323,-2.096485349110044,34.23734349666705,-1,34.65,-2.331078339539636,31.35932660544621,0.0003190068614409171,8.990193367880388e-06,-2.495988707406591,2385.682188062588,-811.286366685373,0.009999500037496875,0.0003190068614409171,8.990193367880388e-06
19.64713396253463,26.29767089852928,4.939755677167671,0.2137401488421576,-2.090449560591304,34.23960640322968,-1,34.65,-2.325202759732635,31.35968541036099,0.0003219917234724394,9.074312206950566e-06,-2.490222232624011,2428.072147270033,-803.5384832049289,0.009999500037496875,0.0003219917234724394,9.074312206950566e-06
20.42842302405812,26.54596624546748,5.138252126301038,0.2174106869772913,-2.084517978548044,34.24183025152576,-1,34.65,-2.319336828842649,31.3610707787731,0.0003249516306197658,9.157727772011581e-06,-2.484404346631377,2469.769186687707,-795.7259832049289,0.009999500037496875,0.0003249516306197658,9.157727772011581e-06
21.2097120855816,26.78033992154911,5.336907808346365,0.2209938218474665,-2.078729140759349,34.24400059596737,-1,34.65,-2.313525069493845,31.36340154930008,0.0003278632425976527,9.239782291388394e-06,-2.478583394867881,2510.473331535147,-787.9134832049289,0.009999500037496875,0.0003278632425976527,9.239782291388394e-06
21.99100114710509,27.00145291804609,5.535724802779868,0.224494187492928,-2.073071936024173,34.24612160477783,-1,34.65,-2.307763270116467,31.36660422159715,0.0003307282036112328,9.320522101771105e-06,-2.472759616172721,2550.237224163865,-780.1009832049289,0.009999500037496875,0.0003307282036112328,9.320522101771105e-06
22.77229020862858,27.20990814493489,5.734705385600444,0.2279159960624853,-2.067536432604341,34.2481970037276,-1,34.65,-2.302047671351542,31.37061318730527,0.0003335480453038173,9.399990367653032e-06,-2.466933224032542,2589.108714270142,-772.2884832049289,0.009999500037496875,0.0003335480453038173,9.399990367653032e-06
23.55357927015206,27.40625786366378,5.933851884562513,0.2312630938629147,-2.062113721525483,34.25023013491408,-1,34.65,-2.296374905411795,31.37536967177739,0.0003363242014567005,9.478227495597923e-06,-2.461104409949527,2627.131495612046,-764.4759832049288,0.009999500037496875,0.0003363242014567005,9.478227495597923e-06
24.33486833167555,27.59100977043358,6.13316664302338,0.23453900525947,-2.056795784411486,34.25222400633952,-1,34.65,-2.290741945014433,31.3808208428531,0.0003390580178016781,9.555271410774566e-06,-2.455273346282205,2664.345604715967,-756.6634832049288,0.009999500037496875,0.0003390580178016781,9.555271410774566e-06
25.11615739319904,27.76463212725183,6.332652009378671,0.2377469693588234,-2.051575381686458,34.25418133384905,-1,34.65,-2.285146060244978,31.38691905804585,0.0003417507599721755,9.631157781034035e-06,-2.449440188648501,2700.787837592086,-748.8509832049289,0.009999500037496875,0.0003417507599721755,9.631157781034035e-06
25.89744645472252,27.92755814276094,6.532310333115664,0.2408899713336184,-2.046445957569113,34.25610457676972,-1,34.65,-2.279584781950053,31.39362122567369,0.0003444036203785101,9.705920210667104e-06,-2.443605077967856,2736.492105578959,-741.0384832049288,0.009999500037496875,0.0003444036203785101,9.705920210667104e-06
26.67873551624601,28.0801897390137,6.732143962863013,0.2439707694261148,-2.041401558950355,34.25799596834185,-1,34.65,-2.274055870520576,31.40088826006328,0.0003470177242801703,9.779590411532072e-06,-2.437768142204939,2771.48974210291,-733.2259832049289,0.009999500037496875,0.0003470177242801703,9.779590411532072e-06
27.4600245777695,28.22290080785303,6.932155245219866,0.2469919183644925,-2.036436765805221,34.25985754182359,-1,34.65,-2.268557289147424,31.40868461480757,0.0003495941351942568,9.852198355474508e-06,-2.431929497865442,2805.809768685499,-725.413483204929,0.009999500037496875,0.0003495941351942568,9.852198355474508e-06
28.24131363929298,28.3560400394415,7.132346524003219,0.2499557897636415,-2.031546631237782,34.261691152982,-1,34.65,-2.263087180807552,31.41697788112742,0.0003521338597351901,9.923772410718995e-06,-2.426089251284819,2839.479126694968,-717.6009832049288,0.009999500037496875,0.0003521338597351901,9.923772410718995e-06
29.02260270081647,28.47993338990285,7.332720139780569,0.2528645899727976,-2.026726629611987,34.26349849955096,-1,34.65,-2.257643848377591,31.42573844081396,0.0003546378519604956,9.994339464341239e-06,-2.420247499743221,2872.522880094059,-709.7884832049289,0.009999500037496875,0.0003546378519604956,9.994339464341239e-06
29.80389176233995,28.59488624293334,7.533278429622346,0.2557203757496841,-2.021972611502726,34.26528113813066,-1,34.65,-2.252225737382194,31.43493916515259,0.000357107017284745,1.006392503257009e-05,-2.414404332433838,2904.964393497087,-701.9759832049288,0.009999500037496875,0.000357107017284745,1.006392503257009e-05
30.58518082386344,28.70118531064475,7.734023727031743,0.258525068075615,-2.017280764425933,34.26704049891914,-1,34.65,-2.2468314209723,31.44455515276352,0.0003595422160142487,1.013255336040155e-05,-2.408559831307017,2936.825489108487,-694.1634832049288,0.009999500037496875,0.0003595422160142487,1.013255336040155e-05
31.36646988538693,28.79910031119728,7.934958362019492,0.2612804643736404,-2.012647578486728,34.26877789859905,-1,34.65,-2.241459586798936,31.45456350052331,0.0003619442665474884,1.020024751179285e-05,-2.402714071808677,2968.126585520032,-686.3509832049288,0.009999500037496875,0.0003619442665474884,1.020024751179285e-05
32.14775894691041,28.88888545455206,8.136084661297978,0.2639882493492713,-2.008069816230104,34.27049455164789,-1,34.65,-2.236109025504988,31.46494310272317,0.0003643139482799644,1.026702945152627e-05,-2.396867123528375,2998.886820860649,-678.5384832049288,0.009999500037496839,0.0003643139482799644,1.026702945152627e-05
32.9290480084339,28.97078076261083,8.337404948572669,0.2666500046386063,-2.003544486096759,34.27219158029578,-1,34.65,-2.230778620603458,31.47567447442421,0.0003666520042468883,1.033292011968504e-05,-2.391019050769899,3029.124162398462,-670.7259832049289,0.009999500037496839,0.0003666520042468883,1.033292011968504e-05
33.71033706995738,29.04501324585949,8.538921544913014,0.2692672174201069,-1.999068818983054,34.27387002331882,-1,34.65,-2.22546733954827,31.48673959562511,0.0003689591435326847,1.039793949955748e-05,-2.385169913055119,3058.855504369845,-662.9134832049289,0.009999500037496839,0.0003689591435326847,1.039793949955748e-05
34.49162613148087,29.11179795522781,8.740636769187732,0.2718412881226813,-1.994640247483128,34.27553084382635,-1,34.65,-2.220174225834454,31.49812177339448,0.0003712360434725061,1.046210667967972e-05,-2.379319765570201,3088.096755542736,-655.100983204929,0.009999500037496839,0.0003712360434725061,1.046210667967972e-05
35.27291519300436,29.17133892505671,8.942552938551728,0.2743735373431644,-1.990256387456322,34.27717493617576,-1,34.65,-2.214898391989887,31.50980551956259,0.0003734833516677591,1.052543991063685e-05,-2.373468659561822,3116.862917798671,-647.288483204929,0.009999500037496839,0.0003734833516677591,1.052543991063685e-05
36.05420425452785,29.22383002072639,9.144672368974033,0.2768652120699525,-1.985915021617017,34.27880313212871,-1,34.65,-2.209639013341671,31.5217764419323,0.0003757016878349007,1.058795665716538e-05,-2.367616642689926,3145.168156832816,-639.4759832049289,0.009999500037496839,0.0003757016878349007,1.058795665716538e-05
36.83549331605133,29.26945570254543,9.346997375798196,0.2793174912958762,-1.981614084888796,34.28041620634551,-1,34.65,-2.204395322457692,31.53402114727298,0.0003778916455044018,1.064967364603314e-05,-2.361763759342549,3173.02586591578,-631.663483204929,0.009999500037496839,0.0003778916455044018,1.064967364603314e-05
37.61678237757482,29.30839171586777,9.549530274327651,0.2817314910919122,-1.977351651302265,34.28201488130031,-1,34.65,-2.199166604178343,31.54652715461418,0.0003800537935847705,1.071060691011626e-05,-2.355910050917458,3200.448723530608,-623.850983204929,0.009999500037496839,0.0003800537935847705,1.071060691011626e-05
38.3980714390983,29.34080571603013,9.752273380429758,0.2841082692036432,-1.973125922247266,34.28359983168827,-1,34.65,-2.193952191165597,31.55928281756801,0.0003821886778047809,1.077077182904383e-05,-2.350055556074689,3227.448745588216,-616.038483204929,0.009999500037496839,0.0003821886778047809,1.077077182904383e-05
39.17936050062179,29.36685783554011,9.955229011153943,0.2864488292241335,-1.968935215916553,34.28517168838581,-1,34.65,-2.188751459906798,31.57227725458721,0.0003842968220455264,1.083018316673756e-05,-2.344200310963458,3254.037332830959,-608.2259832049291,0.009999500037496839,0.0003842968220455264,1.083018316673756e-05
39.96064956214528,29.38670119996311,10.15839948535951,0.2887541243899306,-1.964777957800331,34.2867310420165,-1,34.65,-2.18356382711915,31.5855002862164,0.0003863787295726262,1.088885510613765e-05,-2.338344349426496,3280.225313954906,-600.4134832049291,0.009999500037496839,0.0003863787295726262,1.088885510613765e-05
40.74193862366877,29.40048239812115,10.36178712434958,0.2910250610409375,-1.960652672109889,34.28827844616853,-1,34.65,-2.178388746508207,31.59894237852106,0.0003884348841777686,1.094680128137348e-05,-2.332487703184408,3306.022984913751,-592.6009832049291,0.009999500037496839,0.0003884348841777686,1.094680128137348e-05
41.52322768519225,29.40834191149985,10.56539425250877,0.2932625017797873,-1.956557974024637,34.28981442030322,-1,34.65,-2.173225705839799,31.61259459198689,0.0003904657512377611,1.100403480760963e-05,-2.326630402002325,3331.440144809061,-584.7884832049292,0.009999500037496839,0.0003904657512377611,1.100403480760963e-05
42.30451674671573,29.41041450715324,10.76922319794207,0.2954672683619974,-1.95249256267052,34.29133945238918,-1,34.65,-2.168074224290179,31.62644853527449,0.00039247177869841,1.106056830877337e-05,-2.320772473840851,3356.486128722216,-576.9759832049292,0.009999500037496839,0.00039247177869841,1.106056830877337e-05
43.08580580823922,29.40682959786733,10.97327629311302,0.2976401443443963,-1.948455214749484,34.29285400129224,-1,34.65,-2.162933850043605,31.64049632329239,0.0003944533979897717,1.111641394334811e-05,-2.314913944992997,3381.16983780034,-569.1634832049291,0.009999500037496839,0.0003944533979897717,1.111641394334811e-05
43.86709486976271,29.39771157289509,11.17755587548022,0.2997818775160572,-1.944444778749709,34.29435849894745,-1,34.65,-2.157804158110511,31.65473053911971,0.0003964110248786395,1.117158342839802e-05,-2.30905484020864,3405.499766871525,-561.3509832049292,0.009999500037496839,0.0003964110248786395,1.117158342839802e-05
44.6483839312862,29.38318010218364,11.38206428813032,0.3018931821331779,-1.940460169674968,34.29585335233642,-1,34.65,-2.152684748342682,31.66914419936703,0.0003983450602635614,1.122608806197309e-05,-2.303195182807828,3429.484029832898,-553.5384832049292,0.009999500037496839,0.0003983450602635614,1.122608806197309e-05
45.42967299280969,29.36335041667521,11.58680388040736,0.3039747409768617,-1.936500364238905,34.29733894529014,-1,34.65,-2.147575243624742,31.68373072261415,0.0004002558909171229,1.127993874402801e-05,-2.297334994784076,3453.130383026863,-545.7259832049292,0.009999500037496839,0.0004002558909171229,1.127993874402801e-05
46.21096205433317,29.33833356697317,11.79177700853718,0.3060272072506619,-1.932564396476476,34.29881564013542,-1,34.65,-2.142475288223734,31.69848390060704,0.0004021438901798011,1.133314599597621e-05,-2.291474296898711,3476.44624679706,-537.9134832049293,0.009999500037496839,0.0004021438901798011,1.133314599597621e-05
46.99225111585665,29.30823666240432,11.99698603624686,0.3080512063328593,-1.92865135373038,34.30028377920053,-1,34.65,-2.137384546280698,31.71339787193277,0.0004040094186092536,1.138571997898806e-05,-2.285613108767142,3499.43872539411,-530.1009832049293,0.009999500037496839,0.0004040094186092536,1.138571997898806e-05
47.77354017738014,29.27316309229023,12.20243333537857,0.3100473373968428,-1.924760372975167,34.3017436861943,-1,34.65,-2.132302700430053,31.72846709792499,0.0004058528245885628,1.143767051113222e-05,-2.279751448937884,3522.114625383016,-522.2884832049294,0.009999500037496839,0.0004058528245885628,1.143767051113222e-05
48.55482923890363,29.23321273103935,12.40812128649798,0.3120161749115086,-1.920890637445918,34.30319566747077,-1,34.65,-2.127229450534152,31.74368634057942,0.000407674444896605,1.148900708344978e-05,-2.273889334965027,3544.480472687589,-514.4759832049294,0.009999500037496839,0.000407674444896605,1.148900708344978e-05
49.33611830042712,29.18848212850618,12.6140522794967,0.3139582700323718,-1.917041373542127,34.30464001319081,-1,34.65,-2.122164512521842,31.75905064228431,0.000409474605243452,1.153973887504274e-05,-2.268026783474785,3566.542528393367,-506.6634832049294,0.009999500037496839,0.000409474605243452,1.153973887504274e-05
50.1174073619506,29.13906468690881,12.8202287141891,0.3158741518929505,-1.913211847980591,34.30607699839017,-1,34.65,-2.11710761732109,31.77455530719265,0.0004112536207734223,1.158987476725099e-05,-2.262163810226708,3588.306803417647,-498.8509832049295,0.009999500037496839,0.0004112536207734223,1.158987476725099e-05
50.89869642347409,29.08505082546432,13.02665300090368,0.3177643288050161,-1.909401365173999,34.3075068839629,-1,34.65,-2.112058509876776,31.79019588408072,0.0004130117965381764,1.163942335698497e-05,-2.256300430170025,3609.779072144233,-491.0384832049295,0.009999500037496839,0.0004130117965381764,1.163942335698497e-05
51.67998548499757,29.02652813378611,13.23332756106842,0.319629289375468,-1.905609264814367,34.30892991756798,-1,34.65,-2.107016948245779,31.80596815055545,0.0004147494279420608,1.168839296927626e-05,-2.250436657495596,3630.964885111056,-483.2259832049295,0.009999500037496839,0.0004147494279420608,1.168839296927626e-05
52.46127454652106,28.96358151498089,13.44025482779137,0.3214695035467715,-1.901834919642671,34.310346334466,-1,34.65,-2.101982702762238,31.82186809848669,0.0004164668011616717,1.173679166910166e-05,-2.244572505683853,3651.86958082947,-475.4134832049295,0.009999500037496839,0.0004164668011616717,1.173679166910166e-05
53.24256360804455,28.89629331929317,13.64743724643565,0.3232854235672823,-1.898077733387975,34.31175635829231,-1,34.65,-2.096955555266697,31.83789192055403,0.0004181641935414884,1.178462727253285e-05,-2.238707987549101,3672.498296807057,-467.6009832049295,0.009999500037496839,0.0004181641935414884,1.178462727253285e-05
54.02385266956804,28.82474346906141,13.85487727518997,0.3250774848971247,-1.89433713886103,34.31316020177226,-1,34.65,-2.091935298393388,31.85403599780867,0.0004198418739672341,1.183190735725842e-05,-2.232843115280502,3692.855979838351,-459.7884832049296,0.009999500037496839,0.0004198418739672341,1.183190735725842e-05
54.80514173109152,28.7490095756802,14.06257738563422,0.3268461070547942,-1.890612596188873,34.3145580673834,-1,34.65,-2.086921734910603,31.87029688816147,0.0004215001032185134,1.187863927252174e-05,-2.226977900480021,3712.947395622163,-451.9759832049296,0.009999500037496839,0.0004215001032185134,1.187863927252174e-05
55.586430792615,28.66916704919393,14.27054006330111,0.3285916944091387,-1.886903591178262,34.31595014796954,-1,34.65,-2.081914677109504,31.88667131571645,0.000423139134302122,1.192483014851435e-05,-2.221112354197606,3732.777137758446,-444.1634832049297,0.009999500037496839,0.000423139134302122,1.192483014851435e-05
56.36771985413849,28.58528920109394,14.4787678082337,0.3303146369209782,-1.883209633797001,34.31733662731041,-1,34.65,-2.07691394623726,31.90315616087799,0.0004247592127673367,1.197048690526131e-05,-2.215246486963838,3752.349636173026,-436.3509832049297,0.009999500037496839,0.0004247592127673367,1.197048690526131e-05
57.14900891566198,28.49744734083546,14.68726313553932,0.3320153108382123,-1.879530256763257,34.31871768065093,-1,34.65,-2.071919371970757,31.9197484511659,0.0004263605770043751,1.201561626103239e-05,-2.20938030882025,3771.669165013974,-428.5384832049297,0.009999500037496839,0.0004263605770043751,1.201561626103239e-05
57.93029797718547,28.40571086654756,14.89602857594031,0.3336940793479314,-1.875865014233921,34.32009347519325,-1,34.65,-2.066930791927499,31.93644535267972,0.0004279434585271223,1.206022474030981e-05,-2.203513829347524,3790.739850059548,-420.7259832049297,0.009999500037496839,0.0004279434585271223,1.206022474030981e-05
58.71158703870896,28.31014735036487,15.10506667632154,0.3353512931887437,-1.872213480583917,34.32146417055466,-1,34.65,-2.061948051210638,31.95324416215858,0.0004295080822411483,1.210431868134145e-05,-2.197647057691734,3809.565675674175,-412.9134832049297,0.009999500037496839,0.0004295080822411483,1.210431868134145e-05
59.49287610023244,28.21082261877384,15.31438000027579,0.3369872912262302,-1.868575249269103,34.32282991919426,-1,34.65,-2.056971001985372,31.9701422995885,0.0004310546666979381,1.214790424330553e-05,-2.191780002588783,3828.150491345576,-405.1009832049298,0.009999500037496839,0.0004310546666979381,1.214790424330553e-05
60.27416516175592,28.10780082833327,15.52397112864657,0.3386024009942167,-1.8649499317661,34.3241908668106,-1,34.65,-2.05199950308418,31.98713730131288,0.0004325834243362181,1.21909874131116e-05,-2.185912672387199,3846.498017833582,-397.2884832049298,0.009999500037496839,0.0004325834243362181,1.21909874131116e-05
61.05545422327941,28.00114453709624,15.73384266006916,0.3401969392043039,-1.861337156582983,34.32554715271286,-1,34.65,-2.047033419638609,32.00422681360659,0.0004340945617111692,1.223357401186022e-05,-2.180045075069398,3864.611852958351,-389.4759832049299,0.009999500037496839,0.0004340945617111692,1.223357401186022e-05
61.8367432848029,27.89091477203477,15.94399721151018,0.3417712122259012,-1.857736568335322,34.32689891016747,-1,34.65,-2.04207262273555,32.02140858667711,0.0004355882797122738,1.227566970098226e-05,-2.174177218271548,3882.495477053522,-381.6634832049299,0.009999500037496839,0.0004355882797122738,1.227566970098226e-05
62.61803234632639,27.77717109274446,16.15443741880598,0.3433255165388224,-1.854147826882529,34.32824626672209,-1,34.65,-2.037116989096082,32.03868046905986,0.0004370647737704854,1.231727998807732e-05,-2.168309109302127,3900.152258107664,-373.8509832049299,0.009999500037496839,0.0004370647737704854,1.231727998807732e-05
63.39932140784987,27.65997165168073,16.3651659372002,0.3448601391603362,-1.85057060651994,34.32958934450872,-1,34.65,-2.032166400775177,32.05604040237741,0.0004385242340553605,1.235841023246925e-05,-2.162440755159301,3917.585456615539,-366.0384832049299,0.009999500037496839,0.0004385242340553605,1.235841023246925e-05
64.18061046937336,27.53937325116199,16.57618544188086,0.3463753580484089,-1.847004595222436,34.33092826052744,-1,34.65,-2.027220744880688,32.0734864164352,0.0004399668456627474,1.239906565049561e-05,-2.156572162547174,3934.798230158911,-358.2259832049299,0.009999500037496839,0.0004399668456627474,1.239906565049561e-05
64.96189953089684,27.41543139735298,16.78749862851729,0.3478714424827388,-1.843449493935771,34.3322631269123,-1,34.65,-2.022279913310165,32.0910166246285,0.0004413927887935823,1.243925132054641e-05,-2.150703337891026,3951.793637735067,-350.4134832049299,0.009999500037496839,0.0004413927887935823,1.243925132054641e-05
65.74318859242034,27.28820035142649,16.99910821379765,0.3493486534250541,-1.839905015912102,34.33359405118051,-1,34.65,-2.017343802504189,32.10862921963766,0.000442802238924305,1.247897218786678e-05,-2.144834287351595,3968.574643849773,-342.6009832049299,0.009999500037496839,0.000442802238924305,1.247897218786678e-05
66.52447765394383,27.15773317808762,17.21101693596634,0.3508072438600485,-1.836370886086512,34.33492113646646,-1,34.65,-2.012412313215036,32.12632246939067,0.0004441953669693856,1.251823306913723e-05,-2.13896501683848,3985.144122390277,-334.7884832049299,0.009999500037496839,0.0004441953669693856,1.251823306913723e-05
67.30576671546733,27.02408179162641,17.42322755536307,0.3522474591181868,-1.832846840491581,34.33624448174123,-1,34.65,-2.007485350289528,32.14409471327358,0.0004455723394363868,1.255703865684363e-05,-2.133095532022724,4001.504860292361,-326.9759832049299,0.009999500037496839,0.0004455723394363868,1.255703865684363e-05
68.08705577699082,26.88729699965775,17.63574285496261,0.3536695371815658,-1.829332625707287,34.33756418201902,-1,34.65,-2.002562822465075,32.16194435857109,0.0004469333185740014,1.259539352344913e-05,-2.127225838348641,4017.659561014892,-319.1634832049298,0.009999500037496839,0.0004469333185740014,1.259539352344913e-05
68.86834483851432,26.74742854469073,17.84856564091642,0.3550737089738861,-1.825827998343778,34.33888032855114,-1,34.65,-1.997644642177992,32.17986987712113,0.0004482784625134372,1.263330212537868e-05,-2.121355941044932,4033.610847833883,-311.3509832049297,0.009999500037496839,0.0004482784625134372,1.263330212537868e-05
69.64963390003781,26.60452514366231,18.06169874309613,0.3564601986355366,-1.822332724554703,34.34019300900864,-1,34.65,-1.992730725383199,32.19786980216837,0.0004496079254035191,1.267076880682645e-05,-2.115485845135147,4049.361266967434,-303.5384832049297,0.009999500037496839,0.0004496079254035191,1.267076880682645e-05
70.43092296156129,26.45863452555895,18.27514501563917,0.3578292237847143,-1.818846579579013,34.34150230765416,-1,34.65,-1.987820991384539,32.21594272540293,0.0004509218575398504,1.270779780339578e-05,-2.109615555447535,4064.913290542027,-295.7259832049297,0.009999500037496839,0.0004509218575398504,1.270779780339578e-05
71.21221202308479,26.30980346724058,18.48890733749711,0.3591809957654269,-1.815369347309286,34.34280830550386,-1,34.65,-1.982915362674982,32.23408729417157,0.0004522204054883446,1.274439324558062e-05,-2.103745076624322,4080.26931940983,-287.9134832049296,0.009999500037496839,0.0004522204054883446,1.274439324558062e-05
71.99350108460828,26.15807782757576,18.70298861298666,0.3605157198831825,-1.811900819884798,34.3441110804801,-1,34.65,-1.978013764786045,32.25230220884981,0.0004535037122034351,1.278055916209681e-05,-2.097874413130461,4095.431685826095,-280.1009832049296,0.009999500037496839,0.0004535037122034351,1.278055916209681e-05
72.77479014613178,26.00350257998456,18.91739177234407,0.36183359562909,-1.808440797307669,34.34541070755545,-1,34.65,-1.973116126145799,32.27058622036384,0.0004547719171412301,1.281629948307103e-05,-2.092003569261879,4110.402655994942,-272.2884832049295,0.009999500037496839,0.0004547719171412301,1.281629948307103e-05
73.55607920765527,25.84612184348384,19.13211977228288,0.3631348168930675,-1.804989087080584,34.34670725888856,-1,34.65,-1.968222377944917,32.28893812785281,0.0004560251563678847,1.285161804309493e-05,-2.086132549153266,4125.184432491375,-264.4759832049294,0.009999500037496839,0.0004560251563678847,1.285161804309493e-05
74.33736826917877,25.68597891232064,19.34717559655564,0.364419572166789,-1.801545503864653,34.34800080395253,-1,34.65,-1.963332454010207,32.3073567764617,0.0004572635626634304,1.288651858415122e-05,-2.080261356785432,4139.779156566752,-256.6634832049294,0.009999500037496839,0.0004572635626634304,1.288651858415122e-05
75.11865733070226,25.52311628427268,19.56256225651965,0.365688044736965,-1.798109869156131,34.3492914096562,-1,34.65,-1.958446290685159,32.32584105525668,0.0004584872656212917,1.292100475841822e-05,-2.074389995992252,4154.188910344434,-248.8509832049294,0.009999500037496839,0.0004584872656212917,1.292100475841822e-05
75.89994639222576,25.35757568769218,19.77828279170718,0.3669404128695153,-1.794682010980769,34.35057914045878,-1,34.65,-1.953563826717055,32.34438989525486,0.0004596963917437127,1.295508013095918e-05,-2.068518470467239,4168.415718911971,-241.0384832049293,0.009999500037496839,0.0004596963917437127,1.295508013095918e-05
76.68123545374925,25.18939810736334,19.99434027040032,0.3681768499851449,-1.79126176360468,34.35186405847833,-1,34.65,-1.948685003150212,32.36300226756127,0.0004608910645332913,1.298874818230185e-05,-2.06264678376976,4182.461552315633,-233.2259832049293,0.009999500037496839,0.0004608910645332913,1.298874818230185e-05
77.46252451527275,25.01862380923609,20.21073779021107,0.369397524826806,-1.787848967260696,34.35314622359442,-1,34.65,-1.943809763224978,32.38167718160606,0.0004620714045808144,1.302201231091386e-05,-2.056774939330912,4196.328327462772,-225.4134832049293,0.009999500037496839,0.0004620714045808144,1.302201231091386e-05
78.24381357679624,24.84529236410061,20.42747847866671,0.3706026016194979,-1.784443467889227,34.35442569354532,-1,34.65,-1.938938052282123,32.40041368347595,0.0004632375296495737,1.30548758355789e-05,-2.050902940459098,4210.017909937133,-217.6009832049292,0.009999500037496839,0.0004632375296495737,1.30548758355789e-05
79.02510263831974,24.66944267025721,20.64456549380076,0.3717922402228267,-1.781045116892746,34.35570252402014,-1,34.65,-1.934069817672279,32.41921085433382,0.0004643895547563369,1.308734199767859e-05,-2.045030790345305,4223.532115731913,-209.7884832049292,0.009999500037496839,0.0004643895547563369,1.308734199767859e-05
79.80639169984323,24.49111297523624,20.86200202475006,0.372966596276715,-1.777653770903064,34.35697676874609,-1,34.65,-1.929205008670138,32.43806780892125,0.0004655275922491256,1.311941396338445e-05,-2.039158492068102,4236.872712905025,-201.9759832049291,0.009999500037496839,0.0004655275922491256,1.311941396338445e-05
80.58768076136671,24.31034089661783,21.07979129235805,0.3741258213406328,-1.774269291560604,34.3582484795713,-1,34.65,-1.924343576393096,32.45698369413866,0.0004666517518819594,1.315109482576431e-05,-2.033286048598387,4250.041423160741,-194.1634832049291,0.009999500037496839,0.0004666517518819594,1.315109482576431e-05
81.36896982289021,24.12716344199844,21.29793654978451,0.3752700630266979,-1.770891545304982,34.35951770654341,-1,34.65,-1.91948547372409,32.47595768769877,0.0004677621408867062,1.318238760680718e-05,-2.027413462803888,4263.03992336171,-186.350983204929,0.009999500037496839,0.0004677621408867062,1.318238760680718e-05
82.1502588844137,23.94161702814826,21.51644108312248,0.3763994651269594,-1.767520403176194,34.36078449798408,-1,34.65,-1.914630655238371,32.49498899684853,0.0004688588640421678,1.321329525937018e-05,-2.021540737453439,4275.869846974884,-178.538483204929,0.009999500037496839,0.0004688588640421678,1.321329525937018e-05
82.9315479459372,23.75373749940126,21.73530821202203,0.3775141677351821,-1.764155740625805,34.36204890055988,-1,34.65,-1.909779077133989,32.51407685715598,0.0004699420237405382,1.324382066905153e-05,-2.015667875221032,4288.53278545498,-170.7259832049289,0.009999500037496839,0.0004699420237405382,1.324382066905153e-05
83.71283700746069,23.56356014531643,21.95454129032181,0.3786143073634022,-1.76079743733754,34.36331095934957,-1,34.65,-1.904930697165755,32.53322053135783,0.0004710117200513436,1.327396665599241e-05,-2.009794878689681,4301.030289568547,-162.9134832049289,0.009999500037496839,0.0004710117200513436,1.327396665599241e-05
84.49412606898419,23.37111971764618,22.17414370668828,0.379700017053533,-1.757445377056744,34.36457071790807,-1,34.65,-1.900085474582492,32.55241930826424,0.0004720680507829866,1.330373597661144e-05,-2.003921750355083,4313.363870661796,-155.1009832049288,0.009999500037496839,0.0004720680507829866,1.330373597661144e-05
85.27541513050768,23.17645044664786,22.39411888526321,0.3807714264842632,-1.7540994474282,34.36582821832732,-1,34.65,-1.895243370067383,32.57167250171785,0.0004731111115419944,1.333313132527438e-05,-1.998048492629106,4325.535001874957,-147.2884832049288,0.009999500037496839,0.0004731111115419944,1.333313132527438e-05
86.05670419203118,22.97958605676921,22.6144702863195,0.3818286620734914,-1.750759539841818,34.36708350129413,-1,34.65,-1.890404345681236,32.59097944960358,0.0004741409957900786,1.336215533590221e-05,-1.992175107843104,4337.545119305927,-139.4759832049288,0.009999500037496839,0.0004741409957900786,1.336215533590221e-05
86.83799325355467,22.78055978173965,22.83520140692562,0.3828718470765181,-1.747425549285768,34.36833660614528,-1,34.65,-1.885568364808494,32.61033951290651,0.0004751577948991045,1.339081058352022e-05,-1.986301598251075,4349.395623125729,-131.6634832049287,0.009999500037496839,0.0004751577948991045,1.339081058352022e-05
87.61928231507817,22.57940437909431,23.05631578161957,0.3839011016801948,-1.744097374206629,34.36958757092003,-1,34.65,-1.880735392105858,32.62975207481513,0.0004761615982040482,1.341909958575045e-05,-1.980427966032668,4361.087878648029,-123.8509832049287,0.009999500037496839,0.0004761615982040482,1.341909958575045e-05
88.40057137660166,22.37615214415995,23.27781698309188,0.3849165430932412,-1.740774916376167,34.37083643241003,-1,34.65,-1.875905393453346,32.64921653986729,0.0004771524930540443,1.344702480425034e-05,-1.974554213296045,4372.623217355139,-116.0384832049286,0.009999500037496839,0.0004771524930540443,1.344702480425034e-05
89.18186043812516,22.17083492352706,23.49970862287837,0.385918285632908,-1.737458080764379,34.37208322620697,-1,34.65,-1.871078335907685,32.66873233313672,0.000478130564861597,1.347458864609955e-05,-1.96868034208061,4384.002937882501,-108.2259832049286,0.009999500037496839,0.000478130564861597,1.347458864609955e-05
89.96314949964864,21.96348412803274,23.72199435206328,0.3869064408081587,-1.734146775418461,34.37332798674799,-1,34.65,-1.866254187657881,32.68829889945778,0.000479095897150031,1.350179346513724e-05,-1.96280635435961,4395.228306963621,-100.4134832049285,0.009999500037496839,0.000479095897150031,1.350179346513724e-05
90.74443856117213,21.75413074527678,23.94467786199248,0.387881117399541,-1.730840911347382,34.37457074735897,-1,34.65,-1.861432917982872,32.70791570268624,0.0004800485715992612,1.352864156325191e-05,-1.956932252042619,4406.300560337409,-92.60098320492848,0.009999500037496839,0.0004800485715992612,1.352864156325191e-05
91.52572762269563,21.54280535169315,24.16776288499752,0.3888424215359033,-1.727540402411752,34.37581154029583,-1,34.65,-1.856614497211127,32.72758222499436,0.0004809886680899512,1.35551351916259e-05,-1.951058036977901,4417.220903619664,-84.78848320492843,0.009999500037496839,0.0004809886680899512,1.35551351916259e-05
92.30701668421912,21.32953812419674,24.3912531951309,0.3897904567680947,-1.724245165218717,34.37705039678397,-1,34.65,-1.851798896682117,32.74729796619837,0.0004819162647461182,1.358127655193606e-05,-1.945183710954672,4427.99051314031,-76.97598320492838,0.009999500037496839,0.0004819162647461182,1.358127655193606e-05
93.08830574574262,21.11435885142486,24.61515260891254,0.390725324139802,-1.72095511902161,34.37828734705592,-1,34.65,-1.846986088709528,32.76706244311654,0.0004828314379762627,1.360706779751286e-05,-1.939309275705255,4438.61053674809,-69.16348320492834,0.009999500037496839,0.0004828314379762627,1.360706779751286e-05
93.86959480726611,20.89729694459169,24.83946498608828,0.3916471222556391,-1.717670185624102,34.37952242038727,-1,34.65,-1.842176046546148,32.78687518895633,0.0004837342625130656,1.363251103445912e-05,-1.933434732907141,4449.082094584061,-61.35098320492829,0.009999500037496839,0.0004837342625130656,1.363251103445912e-05
94.65088386878961,20.67838144797316,25.06419423040045,0.3925559473466254,-1.71439028928863,34.38075564513104,-1,34.65,-1.837368744350327,32.80673575272908,0.0004846248114517249,1.365760832273043e-05,-1.927560084184959,4459.406279825432,-53.53848320492825,0.009999500037496839,0.0004846248114517249,1.365760832273043e-05
95.4321729303131,20.45764104903806,25.28934429037086,0.3934518933331647,-1.711115356648875,34.38198704875048,-1,34.65,-1.832564157153932,32.82664369869078,0.0004855031562869772,1.368236167717845e-05,-1.921685331112353,4469.584159400974,-45.7259832049282,0.009999500037496839,0.0004855031562869772,1.368236167717845e-05
96.2134619918366,20.23510408824198,25.51491916009699,0.3943350518856342,-1.707845316626085,34.38321665785051,-1,34.65,-1.82776226083173,32.84659860580768,0.0004863693669488566,1.370677306855868e-05,-1.915810475213785,4479.616774679342,-37.91348320492816,0.009999500037496839,0.0004863693669488566,1.370677306855868e-05
96.99475105336009,20.01079856849771,25.74092288006108,0.395205512482696,-1.704580100349043,34.38444449820768,-1,34.65,-1.822963032072106,32.8666000672453,0.0004872235118372466,1.373084442450422e-05,-1.90993551796625,4489.505142131461,-30.10098320492811,0.009999500037496839,0.0004872235118372466,1.373084442450422e-05
97.77604011488359,19.78475216433663,25.96735953795301,0.3960633624674256,-1.70131964107751,34.38567059479892,-1,34.65,-1.818166448349064,32.88664768987982,0.0004880656578552666,1.37545776304666e-05,-1.904060460800928,4499.250253968154,-22.28848320492806,0.009999500037496839,0.0004880656578552666,1.37545776304666e-05
98.55732917640708,19.55699223077487,26.19423326950739,0.3969086871013485,-1.69806387412895,34.38689497182902,-1,34.65,-1.81337248789545,32.90674109383072,0.0004888958704415333,1.377797453062503e-05,-1.898185305104753,4508.853078753988,-14.47598320492802,0.009999500037496839,0.0004888958704415333,1.377797453062503e-05
99.33861823793058,19.32754581189533,26.42154825935503,0.3977415696164812,-1.694812736808395,34.38811765275693,-1,34.65,-1.80858112967732,32.92687991201343,0.0004897142136013498,1.380103692876531e-05,-1.892310052221922,4518.314561998463,-6.663483204927971,0.009999500037496839,0.0004897142136013498,1.380103692876531e-05
100.0049998750065,19.13053246523019,26.61578295608366,0.3984421859278126,-1.692043370374159,34.38915918576659,-1,34.65,-1.804496497399656,32.94409245025577,0.0004904028674341022,1.382044444587015e-05,-1.887298821344426,4526.273511033926,0,0.009999500037496839,0.0004904028674341022,1.382044444587015e-05
