0,0.2994408140799605,0.0005337633408423074,0.002154718089017617,-2.033790010509474,34.26651141031422,-1,34.65,-2.391921122264419,29.91485379170017,2.300930344819635e-06,6.484440062673518e-08,-2.641271103811004,23.7621791665727,-1000,0.009999500037496875,2.300930344819635e-06,6.484440062673518e-08
6.6155421496374e-05,0.2994408140799605,0.0005337633408423074,0.002154718089017617,-2.033790010509474,34.26443966680871,-1,34.65,-2.393865623148882,29.94879802035724,2.307491249775356e-06,6.50292988573055e-08,-2.641151889490551,23.82993497647964,-999.9993384788603,0.009999500037496875,2.307491249775356e-06,6.50292988573055e-08
0.0001941323964106306,0.2994408140799605,0.0005337633408423074,0.002154718089017617,-2.033790010509474,34.26133669411769,-1,34.65,-2.396779048594563,29.99966013731654,2.370189897919379e-06,6.679626075954613e-08,-2.640973115299269,24.47743676376948,-999.9980587730948,0.009999500037496875,2.370189897919379e-06,6.679626075954613e-08
0.0003608197979184996,0.3073016626299483,0.0005728947324120194,0.002240557490274219,-2.041192788078202,34.25850786554912,-1,34.65,-2.399433848927551,30.04601386786966,2.464613239301641e-06,6.945728219850078e-08,-2.640809754994584,25.45256595900275,-999.9963919824172,0.009999500037496875,2.464613239301641e-06,6.945728219850078e-08
0.0006975739195332813,0.3246607255444924,0.0006524459391996281,0.002404309708202738,-2.049850112292657,34.25518391557763,-1,34.65,-2.402544344085807,30.10034297308776,2.644740679023012e-06,7.453360095428488e-08,-2.640616730090477,27.31277893985714,-999.9930246095654,0.009999500037496875,2.644740679023012e-06,7.453360095428488e-08
0.001133217617879221,0.3467371430672845,0.0007592757102325722,0.00259235913906487,-2.055074056856965,34.25315914500319,-1,34.65,-2.404423183202206,30.13319034131102,2.851595052971357e-06,8.036313331101097e-08,-2.640497395653767,29.44900644722878,-999.9886683903875,0.009999500037496875,2.851595052971357e-06,8.036313331101097e-08
0.001465045886289631,0.365067363189974,0.0008378491050189036,0.002739437927456535,-2.057073961600446,34.25237421426662,-1,34.65,-2.405142096657158,30.14578089177913,3.013381720202188e-06,8.492257575115258e-08,-2.640449894035691,31.11981051227014,-999.9853502736051,0.009999500037496875,3.013381720202188e-06,8.492257575115258e-08
0.001801943088410165,0.3810635150962205,0.000921417237138562,0.002865800221616832,-2.058274214317557,34.25189693249821,-1,34.65,-2.405572896737345,30.15334395878988,3.152380243778515e-06,8.88398068701218e-08,-2.640419982130832,32.55527674815425,-999.9819814700198,0.009999500037496875,3.152380243778515e-06,8.88398068701218e-08
0.002209767389530293,0.4011459446647287,0.001019011389654035,0.003021616408778744,-2.059131762187064,34.25155007385527,-1,34.65,-2.405879799104165,30.15875418138301,3.323778049656618e-06,9.367010867214106e-08,-2.640397003742826,34.32533701147447,-999.9779034309056,0.009999500037496875,3.323778049656618e-06,9.367010867214106e-08
0.002683061886759091,0.4222927259192863,0.001135362035166795,0.003184245533144787,-2.059697368474868,34.25131571272748,-1,34.65,-2.406081110859707,30.16233033053816,3.502670086459266e-06,9.871161152748839e-08,-2.640379973259155,36.17279173323435,-999.9731707225628,0.009999500037496875,3.502670086459266e-06,9.871161152748839e-08
0.003252494968744069,0.4479487785349516,0.001272006595984744,0.00338005781758532,-2.060070489346817,34.25115575547041,-1,34.65,-2.406212535777209,30.16469958161327,3.718063599343852e-06,1.047817923451449e-07,-2.640366474539224,38.39720467819998,-999.9674766764381,0.009999500037496875,3.718063599343852e-06,1.047817923451449e-07
0.00383079755590383,0.4709598862084726,0.001416083941878607,0.003555086186129028,-2.060278262094922,34.25106251042052,-1,34.65,-2.406284349513297,30.16602967583226,3.910594804741931e-06,1.102076717699999e-07,-2.640356730935205,40.38551388891795,-999.9616939396961,0.009999500037496875,3.910594804741931e-06,1.102076717699999e-07
0.004448464466285321,0.4962935149012501,0.001563817616558246,0.003747227003818931,-2.060404342415092,34.25100265960037,-1,34.65,-2.40632655531634,30.16684827990253,4.121949704200825e-06,1.161640371183869e-07,-2.640348601273027,42.56821924546313,-999.9555175794026,0.009999500037496875,4.121949704200825e-06,1.161640371183869e-07
0.005098905199303169,0.5200090926052735,0.00172422687565335,0.003926884747836615,-2.060481118889265,34.25096355976572,-1,34.65,-2.40635086639673,30.16735893761447,4.319573222620277e-06,1.217334271829351e-07,-2.640341411245997,44.60911781624521,-999.9490134972684,0.009999500037496875,4.319573222620277e-06,1.217334271829351e-07
0.005891276116879053,0.5488794701466446,0.001914856595145297,0.004145354378790207,-2.060533942400709,34.25093403335779,-1,34.65,-2.406365867071083,30.16772595882845,4.559889816669228e-06,1.285059857424964e-07,-2.640333689741615,47.0909165275136,-999.9410901842483,0.009999500037496875,4.559889816669228e-06,1.285059857424964e-07
0.006772147220965648,0.5780632098323373,0.00213134553288629,0.004366071716201357,-2.060565452940795,34.2509139437723,-1,34.65,-2.406372792243822,30.16796379943395,4.802678887821493e-06,1.353482232022421e-07,-2.640325835514409,49.59824901647608,-999.9322819136099,0.009999500037496875,4.802678887821493e-06,1.353482232022421e-07
0.007805215859455518,0.6120465141440599,0.002379770114856306,0.004622973313001333,-2.060584091410163,34.25089957682984,-1,34.65,-2.406374370310805,30.16812853462188,5.085270644301467e-06,1.433121727030413e-07,-2.640317151029322,52.51663199299333,-999.9219517437207,0.009999500037496875,5.085270644301467e-06,1.433121727030413e-07
0.008857878466641617,0.6431730427514102,0.00263965859717035,0.004858232803478061,-2.060592814813684,34.25089055339787,-1,34.65,-2.406372324364858,30.16823262565129,5.344056083825867e-06,1.506052169078199e-07,-2.640308623624737,55.189162256034,-999.9114256439407,0.009999500037496875,5.344056083825867e-06,1.506052169078199e-07
0.01002521923691571,0.6777488358209932,0.002920154222094086,0.005119520523917523,-2.060596338673458,34.2508842973012,-1,34.65,-2.406367879384457,30.16831007833404,5.631472576309275e-06,1.587051362414432e-07,-2.640299382131275,58.15737126992051,-999.8997528198645,0.009999500037496875,5.631472576309275e-06,1.587051362414432e-07
0.0112700617773441,0.7112733456795737,0.003225677360626943,0.00537284977198966,-2.060596373673467,34.25088018928034,-1,34.65,-2.406361831227417,30.16836984484477,5.910134749188627e-06,1.665583429316795e-07,-2.640289673963574,61.0351726313627,-999.8873050168348,0.009999500037496875,5.910134749188627e-06,1.665583429316795e-07
0.01278472558769508,0.7514512650681294,0.003590732791218864,0.00567644083519009,-2.060593749382604,34.25087732697565,-1,34.65,-2.406353544549084,30.16842637777633,6.244084918709099e-06,1.759696658908928e-07,-2.640277983938205,64.4839444634691,-999.8721591360064,0.009999500037496875,6.244084918709099e-06,1.759696658908928e-07
0.0144052620629538,0.790816285203643,0.003988191845817172,0.005973889111221452,-2.060589274798843,34.25087584694144,-1,34.65,-2.406344106701217,30.16847688071073,6.571278022343597e-06,1.85190562447865e-07,-2.640265567466237,67.86293469154546,-999.8559545814613,0.009999500037496875,6.571278022343597e-06,1.85190562447865e-07
0.01628738861734904,0.8358033333929074,0.00444154514422467,0.006313817499437288,-2.060583004488451,34.2508753870023,-1,34.65,-2.406332784641228,30.16852924034415,6.945199249381017e-06,1.957283424825559e-07,-2.640251218844741,71.72449582530693,-999.8371342569101,0.009999500037496875,6.945199249381017e-06,1.957283424825559e-07
0.01821623664799979,0.8779081430842383,0.004914974833267641,0.006631977082225613,-2.06057596580744,34.2508758058279,-1,34.65,-2.40632098103803,30.16857940084055,7.295174790448175e-06,2.05591289548994e-07,-2.640236565043805,75.33876495321827,-999.8178467409552,0.009999500037496875,7.295174790448175e-06,2.05591289548994e-07
0.02043594981205072,0.925623719488526,0.005449970550869165,0.006992540808454179,-2.060567487946561,34.25087700530979,-1,34.65,-2.406307279207431,30.16863506126013,7.691794889299597e-06,2.167687650620795e-07,-2.640219742601477,79.43474198754699,-999.795650719088,0.009999500037496875,7.691794889299597e-06,2.167687650620795e-07
0.02278836552022516,0.9721975272693258,0.006025638451085184,0.00734449316125057,-2.060558270301373,34.25087883389656,-1,34.65,-2.406292688933344,30.16869283987139,8.078942477375627e-06,2.276792879987677e-07,-2.640201946390987,83.43289446203673,-999.7721277381261,0.009999500037496875,8.078942477375627e-06,2.276792879987677e-07
0.02564861978507769,1.027475089643407,0.006715901084862514,0.00776223397999478,-2.060546911500531,34.25088156738256,-1,34.65,-2.406274908610056,30.16876238827318,8.538457377994259e-06,2.406292533798382e-07,-2.640180337573024,88.17839900231679,-999.7435266254973,0.009999500037496875,8.538457377994259e-06,2.406292533798382e-07
0.02861175772922647,1.080278868292694,0.007441162984633804,0.008161305221824712,-2.060535049724611,34.25088479891593,-1,34.65,-2.406256466146546,30.16883404427413,8.977435744007184e-06,2.530004618765661e-07,-2.640157974387521,92.71181854147545,-999.7138967275138,0.009999500037496875,8.977435744007184e-06,2.530004618765661e-07
0.03206575143364414,1.140397106904287,0.008274550480610637,0.008615678486867869,-2.060521176019607,34.25088890716133,-1,34.65,-2.406234961888216,30.16891745299342,9.477246335554656e-06,2.67086033092904e-07,-2.640131926212038,97.87346493917755,-999.6793585173369,0.009999500037496875,9.477246335554656e-06,2.67086033092904e-07
0.03560849825414716,1.197364512719019,0.009141044040936765,0.009046271282830759,-2.060506911367717,34.25089338614718,-1,34.65,-2.406212900601697,30.16900292714475,9.950898411113835e-06,2.804344097677535e-07,-2.640105223902537,102.7649669819908,-999.6439328203725,0.009999500037496875,9.950898411113835e-06,2.804344097677535e-07
0.03980244510861895,1.26305859848216,0.01015392927725066,0.009542855914795537,-2.060490015700384,34.25089892194894,-1,34.65,-2.406186788224501,30.1691041830381,1.049714150627509e-05,2.958285333586616e-07,-2.640073626764092,108.4061313592386,-999.6019954486439,0.009999500037496875,1.049714150627509e-05,2.958285333586616e-07
0.04413915254306769,1.326169213477495,0.01121292881490583,0.01001995632787577,-2.060472531085748,34.25090483517059,-1,34.65,-2.406159787827712,30.16920890025963,1.102195196066334e-05,3.106186461641488e-07,-2.64004096489811,113.8259564633495,-999.5586305424905,0.009999500037496875,1.102195196066334e-05,3.106186461641488e-07
0.04939065814121257,1.400241156543718,0.01248224154597332,0.01057996614371018,-2.060451362418835,34.25091216833951,-1,34.65,-2.406127098940906,30.16933582997601,1.163796275808119e-05,3.279789504550155e-07,-2.640001423129136,120.1876261982644,-999.506118112065,0.009999500037496875,1.163796275808119e-05,3.279789504550155e-07
0.054667422604822,1.469564162171561,0.01377011568503936,0.01110413169558336,-2.060430084996517,34.25091967390224,-1,34.65,-2.406094254605679,30.16946340126191,1.22145448651417e-05,3.442280825630843e-07,-2.63996169902797,126.1421077683207,-999.4533531056131,0.009999500037496875,1.22145448651417e-05,3.442280825630843e-07
0.06101649396964898,1.550268850619811,0.01530560222565963,0.01171441638337599,-2.060404492920053,34.2509288257227,-1,34.65,-2.406054743178015,30.16961702412024,1.288585802171359e-05,3.631469078846556e-07,-2.639913909409837,133.0748962985137,-999.3898655662626,0.009999500037496875,1.288585802171359e-05,3.631469078846556e-07
0.06734962988205773,1.625556958344083,0.01684971802018731,0.01228381764019189,-2.060378960159319,34.25093805175209,-1,34.65,-2.406015332206381,30.16977028385988,1.351219940421108e-05,3.807983468459486e-07,-2.639866245306604,139.54325210244,-999.3265373734689,0.009999500037496875,1.351219940421108e-05,3.807983468459486e-07
0.07529903555306723,1.716691919496844,0.01877342738651891,0.01297315315938191,-2.060346921802504,34.25094972235213,-1,34.65,-2.405965870086167,30.16996277657228,1.42704684753201e-05,4.021677479408393e-07,-2.639806422079352,147.3740521806474,-999.2470472911637,0.009999500037496875,1.42704684753201e-05,4.021677479408393e-07
0.08298405699373002,1.799220364308216,0.02064659580923636,0.01359749211977993,-2.060315943937409,34.25096107677199,-1,34.65,-2.405918053460266,30.17014887540878,1.495724133175793e-05,4.215222557131779e-07,-2.639748592598378,154.4664961992835,-999.1702009189796,0.009999500037496875,1.495724133175793e-05,4.215222557131779e-07
0.09257164318179197,1.898427158236486,0.02296767082474164,0.01434811820984647,-2.060277308133867,34.25097530534438,-1,34.65,-2.405858405247114,30.17038115586141,1.578293003083112e-05,4.447916645052406e-07,-2.639676450012488,162.993552590784,-999.0743298505325,0.009999500037496875,1.578293003083112e-05,4.447916645052406e-07
0.1017373176287744,1.987536642561043,0.02520031246609145,0.01502247634206329,-2.060240367007476,34.25098895939168,-1,34.65,-2.405801381591488,30.1706032089092,1.652472397626962e-05,4.65696766603962e-07,-2.639607485094134,170.654210670188,-998.9826776885562,0.009999500037496875,1.652472397626962e-05,4.65696766603962e-07
0.1137643714947436,2.099974939646498,0.02811287648042636,0.01587354051931232,-2.060191905140237,34.2510069229342,-1,34.65,-2.40572656205628,30.17089468829421,1.746089457124356e-05,4.92079756098682e-07,-2.639516993101152,180.3222362400761,-998.8624131629725,0.009999500037496875,1.746089457124356e-05,4.92079756098682e-07
0.1247608027372756,2.196591696103066,0.03079162184646373,0.01660502291963153,-2.060147589153176,34.25102338590592,-1,34.65,-2.405658152763023,30.17116116935303,1.826552521159469e-05,5.147557105085776e-07,-2.639434257771504,188.6318217440373,-998.7524543483504,0.009999500037496875,1.826552521159469e-05,5.147557105085776e-07
0.1388317043676731,2.315553393884576,0.0342005923758016,0.01750587869886934,-2.060090894888811,34.25104448257444,-1,34.65,-2.405570622705236,30.17150225399603,1.925646656875627e-05,5.426822396649494e-07,-2.639328392402779,198.8654761983993,-998.6117523669697,0.009999500037496875,1.925646656875627e-05,5.426822396649494e-07
0.1518558172378168,2.419467048522151,0.0373706792067893,0.01829299842476204,-2.060038411580126,34.25106403764608,-1,34.65,-2.405489602931592,30.17181793933624,2.012229826723824e-05,5.670829511676232e-07,-2.639230404364746,207.8070975707053,-998.4815177498363,0.009999500037496875,2.012229826723824e-05,5.670829511676232e-07
0.1709961257351228,2.565945603076755,0.04200610124299091,0.01940285577536385,-2.059961297166171,34.25109280093628,-1,34.65,-2.40537054273112,30.17228199282406,2.134314135290024e-05,6.014885290362795e-07,-2.639086402035951,220.4149942856516,-998.2901242342998,0.009999500037496875,2.134314135290024e-05,6.014885290362795e-07
0.186427827331589,2.676678951273925,0.0457686732914557,0.02024217795082263,-2.059899112047088,34.25111601468453,-1,34.65,-2.405274548002104,30.17265607046473,2.226639574590489e-05,6.275075164755014e-07,-2.638970302805899,229.9496315910767,-998.1358149336074,0.009999500037496875,2.226639574590489e-05,6.275075164755014e-07
0.2042648476349391,2.800437379336155,0.0500938351727872,0.02118050167753637,-2.059827247737783,34.2511428566893,-1,34.65,-2.405163596438862,30.17308855519055,2.329855184529001e-05,6.565955520036275e-07,-2.638836107914741,240.6089191339086,-997.9574536484151,0.009999500037496875,2.329855184529001e-05,6.565955520036275e-07
0.2224281655348955,2.920495006817767,0.05450794088069159,0.02209109136582275,-2.059754064237292,34.25117020364466,-1,34.65,-2.405050614360271,30.17352893669148,2.430020050240503e-05,6.848238323405053e-07,-2.638699458956688,250.9531500689785,-997.7758295503935,0.009999500037496875,2.430020050240503e-05,6.848238323405053e-07
0.2471772791768004,3.077005825019177,0.06051169116005755,0.02327864037374601,-2.059654352647657,34.25120747785889,-1,34.65,-2.40489667014931,30.17412906108106,2.560650441112061e-05,7.216378515861262e-07,-2.63851326343068,264.4436182158215,-997.5283507876031,0.009999500037496875,2.560650441112061e-05,7.216378515861262e-07
0.269379746316536,3.210189372877443,0.0659111261963421,0.024289662450477,-2.059564895137953,34.25124092912314,-1,34.65,-2.404758565346373,30.17466741229556,2.67186286955247e-05,7.52979535964787e-07,-2.638346227860593,275.9287535920417,-997.3063372166068,0.009999500037496875,2.67186286955247e-05,7.52979535964787e-07
0.2941159094387744,3.352756589030572,0.07191548807988188,0.02537239258340633,-2.059465236207537,34.25127820330668,-1,34.65,-2.404604703954244,30.17526726217037,2.790963184174696e-05,7.865441700855962e-07,-2.638160130881355,288.2284871377365,-997.0589879525386,0.009999500037496875,2.790963184174696e-05,7.865441700855962e-07
0.3201658256540672,3.496299500872015,0.07824359495074495,0.02646307138029428,-2.05936028312414,34.25131746458083,-1,34.65,-2.404442671509174,30.17589898129915,2.910937851832371e-05,8.203552127891226e-07,-2.637964150601215,300.6185169130844,-996.798501814367,0.009999500037496875,2.910937851832371e-05,8.203552127891226e-07
0.3503706387791825,3.655696066858936,0.08557770972964629,0.02767486169070529,-2.059238593861937,34.25136299322283,-1,34.65,-2.404254797868573,30.17663150303059,3.044234785977582e-05,8.57920712411864e-07,-2.637736912256589,314.3843644479502,-996.4964687843898,0.009999500037496875,3.044234785977582e-05,8.57920712411864e-07
0.3811548229991294,3.81100187320114,0.09305643972985232,0.02885625177214401,-2.059114570214215,34.25140940069155,-1,34.65,-2.404063321827711,30.17737809794416,3.174187694935841e-05,8.945438049364644e-07,-2.637505315475136,327.8048676493434,-996.188642333128,0.009999500037496875,3.174187694935841e-05,8.945438049364644e-07
0.4158664100489274,3.97881749208025,0.101486149537195,0.03013360334152925,-2.05897472779011,34.25146173215522,-1,34.65,-2.403847420576227,30.17821999531234,3.314696367568217e-05,9.341417035874067e-07,-2.637244172097324,342.3154861957278,-995.8415438171221,0.009999500037496875,3.314696367568217e-05,9.341417035874067e-07
0.4513395035018742,4.143007931672479,0.1101041387864209,0.03138421269343409,-2.058831818137504,34.25151521544186,-1,34.65,-2.40362678479663,30.17908039609908,3.45226339627775e-05,9.729105934964568e-07,-2.636977299944971,356.5223151463244,-995.4868306178091,0.009999500037496875,3.45226339627775e-05,9.729105934964568e-07
0.49063460905091,4.317493639462304,0.1196484588188376,0.03271419486736573,-2.058673514883556,34.25157446327236,-1,34.65,-2.403382380276639,30.18003355984378,3.598561435410231e-05,1.014140040888338e-06,-2.636681674043097,371.6308134344667,-995.0938992083982,0.009999500037496875,3.598561435410231e-05,1.014140040888338e-06
0.5313082413072165,4.49068131338135,0.1295300702664841,0.0340353072201752,-2.058509659940213,34.25163579191614,-1,34.65,-2.403129404513118,30.18102021085238,3.743883794219272e-05,1.055094523825431e-06,-2.636375677308072,386.6385512162904,-994.6871832211261,0.009999500037496875,3.743883794219272e-05,1.055094523825431e-06
0.5755989470648247,4.67178372519134,0.1402894083545101,0.03541792811464595,-2.058331237663297,34.25170257555651,-1,34.65,-2.402853935783728,30.18209467315736,3.895972092611054e-05,1.097955771554024e-06,-2.636042468591199,402.3450214432629,-994.2442983072422,0.009999500037496875,3.895972092611054e-05,1.097955771554024e-06
0.6220130314252048,4.854030486887671,0.1515662459438261,0.03681051029789706,-2.058144264588191,34.25177256205244,-1,34.65,-2.402565264427179,30.18322071445228,4.049156132768677e-05,1.141125819234809e-06,-2.635693285294669,418.1646511677351,-993.7801806689401,0.009999500037496875,4.049156132768677e-05,1.141125819234809e-06
0.6719056886967354,5.042333325497575,0.1636881609060893,0.03825071073926784,-2.057943283120685,34.25184779410009,-1,34.65,-2.402254962925418,30.1844312316834,4.207578181319463e-05,1.185772032917303e-06,-2.635317931951894,434.5252207524453,-993.2812790406826,0.009999500037496875,4.207578181319463e-05,1.185772032917303e-06
0.7245809262901494,5.233468807079852,0.176487371153915,0.0397140332201162,-2.057731097067651,34.25192722207407,-1,34.65,-2.40192736056601,30.18570934961102,4.368543654212782e-05,1.231135029823602e-06,-2.634921644658143,451.1484549808719,-992.7545530003922,0.009999500037496875,4.368543654212782e-05,1.231135029823602e-06
0.7807627381024774,5.429590429672897,0.1901391785214924,0.04121711797438844,-2.057504791295159,34.25201193711356,-1,34.65,-2.401577955706462,30.18707265419685,4.533882977182729e-05,1.277730657206042e-06,-2.63449897661759,468.223385669396,-992.1927629710681,0.009999500037496875,4.533882977182729e-05,1.277730657206042e-06
0.8402489647447292,5.629436118900388,0.2045950804573328,0.04275046947216226,-2.057265180850087,34.25210163405976,-1,34.65,-2.401208006600491,30.18851625709327,4.702551641937849e-05,1.32526455363703e-06,-2.634051448700671,485.6421443064025,-991.5979304455284,0.009999500037496875,4.702551641937849e-05,1.32526455363703e-06
0.9034272045080718,5.833800695156951,0.2199491771116858,0.04432036813860917,-2.05701070569557,34.25219689686256,-1,34.65,-2.400815103974542,30.19004958590886,4.875240495247009e-05,1.373931412296884e-06,-2.63357614489219,503.4760760533626,-990.9661796346458,0.009999500037496875,4.875240495247009e-05,1.373931412296884e-06
0.9703386669588926,6.042279418737994,0.236211830877979,0.04592390572802557,-2.056741200964268,34.25229778721902,-1,34.65,-2.400398992844091,30.19167366341142,5.051629630082813e-05,1.423641077568793e-06,-2.633072755138267,521.6921434560187,-990.2970984633598,0.009999500037496875,5.051629630082813e-05,1.423641077568793e-06
1.04123284486626,6.255127462501745,0.2534438193567795,0.0475632570765411,-2.056455663119626,34.25240468080089,-1,34.65,-2.399958123131476,30.19339457105625,5.231958278419522e-05,1.474460969372774e-06,-2.632539402419844,540.3150524905756,-989.5881921287169,0.009999500037496875,5.231958278419522e-05,1.474460969372774e-06
1.116252954679775,6.472242571233793,0.2716802379304507,0.04923786400424065,-2.05615351678597,34.25251779301406,-1,34.65,-2.399491605834965,30.1952158135721,5.416165040466472e-05,1.52637378413146e-06,-2.631975009256989,559.3384622748337,-988.8380285378237,0.009999500037496875,5.416165040466472e-05,1.52637378413146e-06
1.195607621416441,6.693700048893818,0.2909720496122793,0.05094855184147812,-2.055833923357592,34.25263743782365,-1,34.65,-2.398998145407899,30.19714248712557,5.604340702562593e-05,1.579405107085822e-06,-2.631378006082899,578.7717485000497,-988.0445215448146,0.009999500037496875,5.604340702562593e-05,1.579405107085822e-06
1.279481173039461,6.919482435203975,0.3113643737382426,0.05269544797074138,-2.055496142269698,34.25276389250832,-1,34.65,-2.398476597610496,30.19917910176702,5.796499276781552e-05,1.633558887092983e-06,-2.630747006119972,598.6163582217839,-987.2058279622154,0.009999500037496875,5.796499276781552e-05,1.633558887092983e-06
1.368078988624623,7.149610780045635,0.3329074693627589,0.05447899534031836,-2.055139348400192,34.25289746601792,-1,34.65,-2.397925687539834,30.20133068286651,5.99268948743502e-05,1.688848855549869e-06,-2.63008046421441,618.8773232995458,-986.3198941019493,0.009999500037496875,5.99268948743502e-05,1.688848855549869e-06
1.461605680097706,7.38408305931275,0.3556514545625216,0.05629947766626985,-2.054762719950087,34.25303846607404,-1,34.65,-2.397344145323202,30.20360224170143,6.192942543289683e-05,1.745283807654365e-06,-2.629376840979753,639.5578667266228,-985.3846739470574,0.009999500037496875,6.192942543289683e-05,1.745283807654365e-06
1.56027543162235,7.622901754307659,0.3796488150365075,0.05815723378399611,-2.05436539683109,34.25318721474854,-1,34.65,-2.396730641851272,30.20599902697451,6.397295716239572e-05,1.802874247303879e-06,-2.628634525010724,660.6618376478875,-984.3980257629869,0.009999500037496875,6.397295716239572e-05,1.802874247303879e-06
1.664307496242957,7.866061664945621,0.4049533169459945,0.06005256421439702,-2.053946498822896,34.25334404166632,-1,34.65,-2.396083816805834,30.20852641589411,6.605782063583672e-05,1.861629490646308e-06,-2.627851866762582,682.1926499583451,-983.3577571289122,0.009999500037496875,6.605782063583672e-05,1.861629490646308e-06
1.773928295392045,8.113554807545738,0.4316205201958531,0.06198577022929531,-2.053505117145028,34.25350928716112,-1,34.65,-2.395402265633692,30.21118996566367,6.818434725222484e-05,1.921558877108154e-06,-2.627027162755496,704.1537260834291,-982.2616039437105,0.009999500037496875,6.818434725222484e-05,1.921558877108154e-06
1.889370680376282,8.365368208161545,0.4597076041089806,0.06395713777029552,-2.053040317457898,34.25368330115269,-1,34.65,-2.394684544168673,30.21399539606817,7.035285154732508e-05,1.982671270879161e-06,-2.626158661130016,726.5483142984381,-981.1072378107318,0.009999500037496875,7.035285154732508e-05,1.982671270879161e-06
2.010874368314178,8.621484531437327,0.4892734782126382,0.06596694346570262,-2.052551138137138,34.25386644379365,-1,34.65,-2.39392916595368,30.21694860063236,7.256363781227288e-05,2.044975247436781e-06,-2.625244558366822,749.3795570802816,-979.8922616786409,0.009999500037496875,7.256363781227288e-05,2.044975247436781e-06
2.138685904785691,8.881881598950084,0.5203787786164569,0.06801545202307008,-2.052036590455658,34.25405908540235,-1,34.65,-2.393134602507682,30.22005564632011,7.481699722537709e-05,2.108479012715173e-06,-2.624282999567094,772.6504614870216,-978.6142102149014,0.009999500037496875,7.481699722537709e-05,2.108479012715173e-06
2.273058807045982,9.146532312338714,0.5530859085907922,0.07010291681765209,-2.051495658041037,34.25426160666707,-1,34.65,-2.392299282472632,30.22332277766559,7.711320849941729e-05,2.173190421347215e-06,-2.623272077374417,796.3639058426457,-977.2705483737111,0.009999500037496875,7.711320849941729e-05,2.173190421347215e-06
2.414253636516855,9.415404418777598,0.587459062408106,0.07222957927965554,-2.050927296620057,34.25447439874299,-1,34.65,-2.391421591202684,30.22675641923141,7.945253720762109e-05,2.239116957669322e-06,-2.622209831428698,820.5226327762955,-975.8586706711227,0.009999500037496875,7.945253720762109e-05,2.239116957669322e-06
2.562538093777922,9.688460321476741,0.6235642550948168,0.07439566866754538,-2.050330433675225,34.25469786338213,-1,34.65,-2.390499870216323,30.23036317866232,8.183523553429993e-05,2.306265728693907e-06,-2.621094247650769,845.129246647031,-974.3759002351804,0.009999500037496875,8.183523553429993e-05,2.306265728693907e-06
2.718187102147956,9.965656864708277,0.6614693498904884,0.0766014016730871,-2.049703968149929,34.25493241304532,-1,34.65,-2.389532416722376,30.23414984951297,8.426154184039582e-05,2.3746434518657e-06,-2.619923257612779,870.1862090571447,-972.819487970148,0.009999500037496875,8.426154184039582e-05,2.3746434518657e-06
2.881482891587939,10.24694511774477,0.7012440862914928,0.07884698204923249,-2.049046770155159,34.25517847101359,-1,34.65,-2.388517483147114,30.23812341413755,8.673168025415575e-05,2.444256443526207e-06,-2.618694737906111,895.6958346249705,-971.1866117175198,0.009999500037496875,8.673168025415575e-05,2.444256443526207e-06
3.052715078556478,10.5322701497506,0.7429601076484202,0.0811326001970217,-2.048357680695539,34.25543647149267,-1,34.65,-2.387453276689786,30.24229104653792,8.924586021672388e-05,2.515110606107673e-06,-2.617406509539693,921.6602862921218,-969.4743754575072,0.009999500037496875,8.924586021672388e-05,2.515110606107673e-06
3.232180743129369,10.82157079870387,0.7866909886679323,0.08345843273470384,-2.047635511409538,34.25570685971212,-1,34.65,-2.386337958898593,30.24666011520533,9.180427600817423e-05,2.587211414775819e-06,-2.616056337358832,948.0815704287337,-967.6798085378812,0.009999500037496875,9.180427600817423e-05,2.587211414775819e-06
3.420184502576714,11.11477943349714,0.8325122626565538,0.08582464204097386,-2.046879044327294,34.25599009201812,-1,34.65,-2.385169645272301,30.25123818593896,9.440710624507125e-05,2.66056390327019e-06,-2.614641929490638,974.961531644669,-965.799864938238,0.009999500037496875,9.440710624507125e-05,2.66056390327019e-06
3.617038581423505,11.41182170988925,0.8805014485480651,0.08823137577615531,-2.046087031646103,34.25628663595982,-1,34.65,-2.383946404887515,30.25603302464539,9.705451335377084e-05,2.735172649060815e-06,-2.613160936815832,1002.301847350188,-963.831422569428,0.009999500037496875,9.705451335377084e-05,2.735172649060815e-06
3.823062877681258,11.71261632041625,0.9307380776756322,0.09067876638047884,-2.04525819552503,34.25659697036858,-1,34.65,-2.382666260053727,30.26105260011427,9.974664301852672e-05,2.811041757794844e-06,-2.611610952469299,1030.104022056433,-961.7712826112734,0.009999500037496875,9.974664301852672e-05,2.811041757794844e-06
4.038585025040684,12.01707473857781,0.9833037202765462,0.09316693055006221,-2.044391227899656,34.25692158542997,-1,34.65,-2.381327185997675,30.26630508676919,0.0001024836236050684,2.888174847051929e-06,-2.609989511370938,1058.369381422595,-959.6161688906714,0.009999500037496875,0.0001024836236050684,2.888174847051929e-06
4.263940450723345,12.32510095751319,1.038282011697045,0.09569596869014772,-2.043484790318382,34.2572609827477,-1,34.65,-2.379927110579058,30.27179886738907,0.0001052655655591625,2.966575029394579e-06,-2.608294089789108,1087.099066044739,-957.3627273031075,0.009999500037496875,0.0001052655655591625,2.966575029394579e-06
4.49947242894314,12.63659122376718,1.09575867832821,0.09826596434808829,-2.042537513800693,34.25761567539966,-1,34.65,-2.378463914038135,30.27754253580325,0.0001080925607828971,3.046244894790737e-06,-2.606522104937009,1116.29402501456,-955.0075252780669,0.009999500037496875,0.0001080925607828971,3.046244894790737e-06
4.745532129358047,12.95143376599031,1.155821563167343,0.100876983622132,-2.041547998720069,34.25798618798478,-1,34.65,-2.37693542877927,30.28354489954842,0.0001109646819843452,3.127186492286092e-06,-2.604670914606674,1145.955009203228,-952.5470512945416,0.009999500037496875,0.0001109646819843452,3.127186492286092e-06
5.002478660579841,13.26950851942305,1.2185606510686,0.1035290745500222,-2.040514814711494,34.25837305666094,-1,34.65,-2.375339439190235,30.28981498249327,0.0001138819820050244,3.209401311050687e-06,-2.602737816840043,1176.082564315923,-949.9777144459546,0.009999500037496875,0.0001138819820050244,3.209401311050687e-06
5.270679108296019,13.59068684633035,1.284068093624197,0.1062222664755713,-2.039436500605577,34.25877682917306,-1,34.65,-2.373673681500234,30.29636202742348,0.0001168444931231285,3.292890260742712e-06,-2.600720049640485,1206.677023696166,-947.2958440589599,0.009999500037496875,0.0001168444931231285,3.292890260742712e-06
5.550508567736272,13.91483125285878,1.352438233663107,0.1089565693935767,-2.038311564390591,34.25919806487092,-1,34.65,-2.371935843678576,30.30319549858505,0.0001198522263329344,3.377653651200879e-06,-2.598614790726756,1237.738500884109,-944.4976893687945,0.009999500037496875,0.0001198522263329344,3.377653651200879e-06
5.842350170153344,14.241795102756,1.423767629341722,0.1117319732728589,-2.037138483203988,34.25963733471622,-1,34.65,-2.370123565376275,30.31032508418176,0.0001229051706001449,3.463691171458627e-06,-2.5964191573319,1269.2668819263,-941.5794192544818,0.009999500037496875,0.0001229051706001449,3.463691171458627e-06
6.146595103094807,14.57142232856424,1.498155077829524,0.1145484473583418,-2.03591570335453,34.26009522127825,-1,34.65,-2.368234437912189,30.31776069882545,0.000126003292094176,3.551001868108597e-06,-2.594130206048735,1301.261817447371,-938.5371220361253,0.009999500037496875,0.000126003292094176,3.551001868108597e-06
6.463642624080469,14.90354714075659,1.575701638556315,0.1174059394515471,-2.034641640376843,34.26057231871775,-1,34.65,-2.366266004306366,30.3255124859344,0.0001291465333967018,3.639584122997959e-06,-2.591744932724852,1333.7227144765,-935.3668053381409,0.009999500037496875,0.0001291465333967018,3.639584122997959e-06
6.793900067393951,15.23799373545134,1.656510656013311,0.1203043751699239,-2.033314679119814,34.26106923275825,-1,34.65,-2.36421575936264,30.33359082007674,0.0001323348126869163,3.729435630267641e-06,-2.589260272409291,1366.64872803346,-932.0643960213441,0.009999500037496875,0.0001323348126869163,3.729435630267641e-06
7.137782843573855,15.57457600126266,1.740687782073656,0.1232436571843954,-2.031933173870755,34.26158658064426,-1,34.65,-2.362081149803322,30.34200630925348,0.0001355680229028349,3.820553372716257e-06,-2.586673099354013,1400.038752467195,-928.6257401880387,0.009999500037496875,0.0001355680229028349,3.820553372716257e-06
7.495714431274498,15.91309722600357,1.828340997821598,0.1262236644354461,-2.030495448516942,34.26212499108565,-1,34.65,-2.359859574458278,30.3507697971174,0.0001388460308789907,3.91293359749883e-06,-2.583980227072658,1433.891412550643,-925.0466032634047,0.009999500037496875,0.0001388460308789907,3.91293359749883e-06
7.868126361368716,16.25334980418913,1.919580634932897,0.1292442513297301,-2.028999796745304,34.26268510418808,-1,34.65,-2.357548384509473,30.35989236512961,0.0001421686764627032,4.006571791221634e-06,-2.581178408457523,1468.205054354252,-921.3226701544634,0.009999500037496875,0.0001421686764627032,4.006571791221634e-06
8.255458192459749,16.59511494567699,2.014519396479955,0.1323052469133812,-2.027444482283895,34.2632675713679,-1,34.65,-2.3551448837964,30.36938533463782,0.0001455357716047193,4.101462654314818e-06,-2.578264335961034,1502.977735854854,-917.4495454949449,0.009999500037496875,0.0001455357716047193,4.101462654314818e-06
8.658157477962757,16.93816238679435,2.113272377282125,0.1354064540266406,-2.025827739184793,34.26387305525186,-1,34.65,-2.352646329181681,30.37926026888515,0.0001489470994293047,4.19760007482586e-06,-2.575234641840494,1538.207217332298,-913.4227539744577,0.009999500037496875,0.0001489470994293047,4.19760007482586e-06
9.076679723709647,17.28225010425334,2.215957083630328,0.1385476484346696,-2.024147772152923,34.26450222955982,-1,34.65,-2.350049930983603,30.38952897492851,0.0001524024132781366,4.294977101474758e-06,-2.572085898473978,1573.890951495541,-909.2377407624182,0.009999500037496875,0.0001524024132781366,4.294977101474758e-06
9.511488336774031,17.62712403373932,2.322693452646343,0.1417285779431573,-2.022402756918296,34.26515577897153,-1,34.65,-2.347352853471541,30.4002035054885,0.000155901435737473,4.393585916237876e-06,-2.568814618742119,1610.026073436024,-904.8898720197769,0.009999500037496875,0.000155901435737473,4.393585916237876e-06
9.963054563385706,17.97251779274053,2.433603870848977,0.1449489614858141,-2.020590840660533,34.26583439897399,-1,34.65,-2.344552215437761,30.41129616068346,0.0001594438576343955,4.493417806060238e-06,-2.565417256491808,1646.609390261663,-900.3744355198413,0.009999500037496875,0.0001594438576343955,4.493417806060238e-06
10.43185741761882,18.31815241041526,2.548813192438786,0.1482084881997397,-2.01871014247922,34.26653879569196,-1,34.65,-2.34164509083544,30.42281948969365,0.0001630293370197137,4.594463134191932e-06,-2.561890207069143,1683.637370593098,-895.6866413613585,0.009999500037496875,0.0001630293370197137,4.594463134191932e-06
10.91838359862002,18.6637360641536,2.668448756858071,0.1515068164754068,-2.016758753919369,34.26726968569815,-1,34.65,-2.338628509497025,30.43478629230579,0.0001666574981229475,4.696711310737611e-06,-2.558229807938407,1721.10613377158,-890.8216227961939,0.009999500037496875,0.0001666574981229475,4.696711310737611e-06
11.4231273969247,19.00896382483058,2.792640405869871,0.1548435729888772,-2.014734739550114,34.26802779580358,-1,34.65,-2.335499457929822,30.44720962035612,0.0001703279302877649,4.800150762655194e-06,-2.554432339382962,1759.011438865021,-885.7744371661199,0.009999500037496875,0.0001703279302877649,4.800150762655194e-06
11.94659058931415,19.35351741189585,2.921520500137199,0.1582183517155804,-2.012636137599153,34.26881386282751,-1,34.65,-2.332254880192459,30.46010277906315,0.0001740401868871384,4.904768903182993e-06,-2.550494025292157,1797.348673464584,-880.5400669541933,0.009999500037496875,0.0001740401868871384,4.904768903182993e-06
12.48928232135829,19.69706495935104,3.055223935213623,0.1616307129233349,-2.010460960646693,34.26962863334523,-1,34.65,-2.328891678857826,30.47347932823426,0.0001777937842156684,5.010552100623383e-06,-2.546411034040685,1836.112842245491,-875.1134209592688,0.009999500037496875,0.0001777937842156684,5.010552100623383e-06
13.0517189776859,20.03926079435485,3.193888157083501,0.1650801821483228,-2.008207196379067,34.27047286341384,-1,34.65,-2.325406716062481,30.48735308335135,0.000181588200363155,5.117485646598006e-06,-2.542179479460062,1875.29855533416,-869.4893355932312,0.009999500037496875,0.000181588200363155,5.117485646598006e-06
13.63442403931673,20.37974522976455,3.337653177222891,0.1685662491530114,-2.005872808405027,34.27134731827476,-1,34.65,-2.32179681464691,30.50173811652398,0.0001854228740683126,5.225553723743354e-06,-2.537795421907231,1914.900016470282,-863.6625763076041,0.009999500037496875,0.0001854228740683126,5.225553723743354e-06
14.23792792743583,20.71814437206282,3.486661587170395,0.1720883668656281,-2.003455737137512,34.27225277203205,-1,34.65,-2.318058759390754,30.51664875729923,0.000189297203552191,5.334739372834472e-06,-2.533254869434945,1954.911010959326,-857.6278391557275,0.009999500037496875,0.000189297203552191,5.334739372834472e-06
14.86276783342259,21.05406994644551,3.641058572711754,0.1756459503034563,-2.000953900742015,34.273190007306,-1,34.65,-2.314189298344397,30.53209959332799,0.000193210545333802,5.445024459407147e-06,-2.528553779065338,1995.324893441269,-851.3797524923835,0.009999500037496875,0.000193210545333802,5.445024459407147e-06
15.50948753428586,21.38711914053322,3.800991927626814,0.1792383754783584,-1.998365196155254,34.27415981486063,-1,34.65,-2.310185144262423,30.54810547087081,0.0001971622130261942,5.55638963982911e-06,-2.523688058173041,2036.13457545741,-844.9128788193511,0.009999500037496875,0.0001971622130261942,5.55638963982911e-06
16.1786371937456,21.71687446883564,3.966612067225026,0.1828649782892475,-1.995687500173541,34.27516299320543,-1,34.65,-2.306042976137684,30.5646814951535,0.0002011514761181722,5.668814326966672e-06,-2.51865356597606,2077.332512868943,-838.2217167744925,0.009999500037496875,0.0002011514761181722,5.668814326966672e-06
16.87077314752587,22.04290365926575,4.138072041491541,0.1865250533967508,-1.992918670616941,34.27620034816884,-1,34.65,-2.301759440845083,30.5818430305407,0.0002051775587364259,5.782276655299276e-06,-2.513446115145176,2118.910693073206,-831.3007032787139,0.009999500037496875,0.0002051775587364259,5.782276655299276e-06
17.58645767303209,22.36475956395103,4.315527548072163,0.1902178530846168,-1.990056547568846,34.27727269244379,-1,34.65,-2.297331154894221,30.59960570053547,0.0002092396383930785,5.89675344562312e-06,-2.508061473530568,2160.860622069355,-824.1442158390785,0.009999500037496875,0.0002092396383930785,5.89675344562312e-06
18.32625874301011,22.68198009629324,4.499136945195423,0.1939425861088732,-1.98709895469294,34.27838084510448,-1,34.65,-2.292754706293575,30.61798538759812,0.0002133368447197606,6.012220169375071e-06,-2.502495366008689,2203.173311384889,-816.746575012093,0.009999500037496875,0.0002133368447197606,6.012220169375071e-06
19.09074976174236,22.99408819587823,4.689061264381468,0.1976984165307334,-1.984043700633651,34.27952563109204,-1,34.65,-2.288026656535344,30.63699823275176,0.0002174682581838067,6.128650912452734e-06,-2.496743476460242,2245.839264817543,-809.1020470416138,0.009999500037496875,0.0002174682581838067,6.128650912452734e-06
19.87203882326585,23.29738647949193,4.883356858891473,0.2014443348800056,-1.98092241416527,34.28069520267633,-1,34.65,-2.283195909309049,30.65644963368904,0.0002215887683680062,6.244774381280175e-06,-2.490865180412022,2288.392617844972,-801.2895470416138,0.009999500037496875,0.0002215887683680062,6.244774381280175e-06
20.65332788478934,23.58561434068428,5.077854240165387,0.2051018881265859,-1.977802242973598,34.28186440044054,-1,34.65,-2.278366368627576,30.67592209125494,0.0002256120769392445,6.358158531924164e-06,-2.484986862943911,2329.942149897264,-793.4770470416138,0.009999500037496875,0.0002256120769392445,6.358158531924164e-06
21.43461694631283,23.85947996190463,5.272554376796169,0.2086757404021062,-1.97468319051701,34.28303322304603,-1,34.65,-2.273538036996334,30.69541564917393,0.0002295433144423168,6.468947952465292e-06,-2.479108523979205,2370.540845161843,-785.6645470416138,0.009999500037496875,0.0002295433144423168,6.468947952465292e-06
22.21590600783631,24.11963036699548,5.467458587907084,0.2121701259732619,-1.97156526009543,34.28420166921344,-1,34.65,-2.268710916866615,30.71493035022596,0.0002333871385705881,6.57727390517112e-06,-2.473230163444598,2410.23680459252,-777.8520470416138,0.009999500037496875,0.0002333871385705881,6.57727390517112e-06
22.9971950693598,24.36665980304383,5.662568274707256,0.2155889109372209,-1.968448454991699,34.28536973766972,-1,34.65,-2.263885010687611,30.73446623715434,0.000237147802030943,6.683256239053849e-06,-2.467351781267143,2449.073946764742,-770.0395470416138,0.009999500037496875,0.000237147802030943,6.683256239053849e-06
23.77848413088329,24.6011160271763,5.857884864021203,0.218935638394455,-1.96533277850171,34.2865374271368,-1,34.65,-2.259060320917544,30.75402335285997,0.0002408292022339005,6.787004790228104e-06,-2.461473377373607,2487.092521035571,-762.2270470416138,0.009999500037496875,0.0002408292022339005,6.787004790228104e-06
24.55977319240677,24.82350551170939,6.053409796308199,0.2222135655262113,-1.962218233941125,34.28770473632908,-1,34.65,-2.254236850026174,30.77360174044514,0.0002444349220788325,6.888620531312551e-06,-2.455594951690324,2524.329528741016,-754.4145470416138,0.009999500037496875,0.0002444349220788325,6.888620531312551e-06
25.34106225393026,25.03429788386428,6.249144523480173,0.2254256950959433,-1.959104824646912,34.28887166395281,-1,34.65,-2.249414600495401,30.79320144322396,0.0002479682646055377,6.988196547974244e-06,-2.449716504143164,2560.81908104992,-746.6020470416138,0.009999500037496875,0.0002479682646055377,6.988196547974244e-06
26.12235131545374,25.23392975566397,6.445090508901168,0.2285748025533954,-1.955992553977689,34.29003820870602,-1,34.65,-2.244593574819422,30.81282250472521,0.000251432282808735,7.085818879155258e-06,-2.443838034657523,2596.592706864349,-738.7895470416138,0.009999500037496875,0.000251432282808735,7.085818879155258e-06
26.90364037697723,25.4228080489114,6.641249227825095,0.231663459513028,-1.952881425313816,34.2912043692784,-1,34.65,-2.239773775504812,30.83246496869362,0.0002548298054643308,7.181567244903869e-06,-2.43795954315832,2631.679619532749,-730.9770470416138,0.009999500037496875,0.0002548298054643308,7.181567244903869e-06
27.68492943850072,25.60131289592693,6.83762216787141,0.2346940541933723,-1.949771442057456,34.29237014435135,-1,34.65,-2.234955205070571,30.8521288790908,0.0002581634596127095,7.275515679994542e-06,-2.43208102957,2666.106949039491,-723.1645470416138,0.009999500037496875,0.0002581634596127095,7.275515679994542e-06
28.4662185000242,25.76980018103989,7.034210829455475,0.2376688092876442,-1.946662607632649,34.29353553259791,-1,34.65,-2.23013786604819,30.87181428009638,0.0002614356902164086,7.367733087916969e-06,-2.426202493816529,2699.899945013705,-715.3520470416138,0.009999500037496875,0.0002614356902164086,7.367733087916969e-06
29.24750756154769,25.92860377613617,7.231016726166191,0.2405897976504132,-1.943554925485402,34.29470053268273,-1,34.65,-2.225321760981725,30.8915212161092,0.0002646487774154545,7.458283727162808e-06,-2.420323935821389,2733.082154928684,-707.5395470416138,0.009999500037496875,0.0002646487774154545,7.458283727162808e-06
30.02879662307118,26.07803751438445,7.428041385099193,0.2434589561183268,-1.940448399083815,34.29586514326202,-1,34.65,-2.220506892427875,30.91124973174882,0.0002678048517301595,7.547227639668132e-06,-2.414445355507582,2765.675581104267,-699.7270470416138,0.009999500037496875,0.0002678048517301595,7.547227639668132e-06
30.81008568459466,26.21839693889931,7.625286347155969,0.2462780977294326,-1.937343031918209,34.29702936298348,-1,34.65,-2.215693262956069,30.93099987185691,0.0002709059075023759,7.634621029612411e-06,-2.408566752797621,2797.700819517435,-691.9145470416138,0.009999500037496875,0.0002709059075023759,7.634621029612411e-06
31.59137474611815,26.34996085713289,7.822753167316789,0.2490489225624138,-1.93423882750128,34.29819319048629,-1,34.65,-2.210880875148557,30.95077168149894,0.0002739538148186553,7.720516599434829e-06,-2.402688127613533,2829.177182935214,-684.1020470416138,0.009999500037496875,0.0002739538148186553,7.720516599434829e-06
32.37266380764164,26.47299272690894,8.020443414894979,0.2517730273817358,-1.931135789368263,34.29935662440099,-1,34.65,-2.20606973160051,30.97056520596583,0.0002769503301199094,7.80496384883381e-06,-2.396809479876844,2860.122810482811,-676.2895470416137,0.009999500037496839,0.0002769503301199094,7.80496384883381e-06
33.15395286916512,26.58774189601603,8.218358673776816,0.2544519142458166,-1.928033921077103,34.30051966334945,-1,34.65,-2.20125983492012,30.99038049077579,0.0002798971056703983,7.888009341620317e-06,-2.390930809508591,2890.554765431836,-668.4770470416138,0.009999500037496839,0.0002798971056703983,7.888009341620317e-06
33.9352419306886,26.69444471396788,8.416500542651262,0.2570869982114388,-1.924933226208638,34.30168230594479,-1,34.65,-2.196451187728711,31.01021758167615,0.0002827956980325827,7.969696944554603e-06,-2.385052116429305,2920.48912272177,-660.6645470416139,0.009999500037496839,0.0002827956980325827,7.969696944554603e-06
34.71653099221209,26.7933255317986,8.614870635232647,0.2596796142478475,-1.921833708366791,34.30284455079132,-1,34.65,-2.191643792660838,31.03007652464521,0.0002856475756726322,8.050068041683272e-06,-2.379173400559011,2949.941047503662,-652.8520470416138,0.009999500037496839,0.0002856475756726322,8.050068041683272e-06
35.49782005373558,26.88459760347838,8.813470580477988,0.2622310234575428,-1.918735371178761,34.30400639648442,-1,34.65,-2.186837652364409,31.04995736589426,0.0002884541258032971,8.129161727183826e-06,-2.373294661817225,2978.924865807841,-645.0395470416139,0.009999500037496839,0.0002884541258032971,8.129161727183826e-06
36.27910911525907,26.96846390061698,9.012302022801244,0.2647424186869701,-1.915638218295231,34.3051678416105,-1,34.65,-2.18203276950079,31.0698601518695,0.0002912166605556671,8.207014979296074e-06,-2.36741590012295,3007.45412828095,-637.2270470416139,0.009999500037496839,0.0002912166605556671,8.207014979296074e-06
37.06039817678256,27.04511785052029,9.211366622285436,0.2672149295987816,-1.912542253390573,34.30632888474694,-1,34.65,-2.177229146744931,31.08978492925415,0.0002939364225586597,8.283662817562229e-06,-2.361537115394668,3035.541667806451,-629.4145470416139,0.009999500037496839,0.0002939364225586597,8.283662817562229e-06
37.84168723830604,27.11474400630286,9.410666054894095,0.2696496272675739,-1.90944748016306,34.30748952446195,-1,34.65,-2.172426786785475,31.10973174497045,0.0002966145899943313,8.35913844529479e-06,-2.355658307550338,3063.199651711869,-621.602047041614,0.009999500037496839,0.0002966145899943313,8.35913844529479e-06
38.62297629982952,27.1775186566145,9.610202012682358,0.2720475283527851,-1.906353902335081,34.30864975931453,-1,34.65,-2.167625692324889,31.12970064618187,0.0002992522811880636,8.433473378936339e-06,-2.349779476507391,3090.439629172582,-613.789547041614,0.009999500037496839,0.0002992522811880636,8.433473378936339e-06
39.40426536135301,27.23361038155765,9.809976204008661,0.2744095988954047,-1.903261523653365,34.30980958785439,-1,34.65,-2.162825866079579,31.14969168029514,0.0003018505587849452,8.506697565757547e-06,-2.343900622182725,3117.272574342173,-605.977047041614,0.009999500037496839,0.0003018505587849452,8.506697565757547e-06
40.1855544228765,27.28318056053954,10.00999035374775,0.2767367577791856,-1.900170347889205,34.31096900862182,-1,34.65,-2.158027310780021,31.16970489496253,0.0003044104335571042,8.578839491154755e-06,-2.338021744492698,3143.708925671529,-598.164547041614,0.009999500037496839,0.0003044104335571042,8.578839491154755e-06
40.96684348439999,27.32638383708981,10.21024620350488,0.2790298798919589,-1.897080378838684,34.31212802014765,-1,34.65,-2.153230029170881,31.189740338084,0.0003069328678811548,8.649926276650728e-06,-2.332142843353129,3169.758621821155,-590.3520470416141,0.009999500037496839,0.0003069328678811548,8.649926276650728e-06
41.74813254592348,27.36336854505915,10.41074551183221,0.2812897990182435,-1.89399162032291,34.31328662095315,-1,34.65,-2.148434024011153,31.20979805780952,0.0003094187789200678,8.719983769565548e-06,-2.326263918679284,3195.431134520987,-582.5395470416141,0.009999500037496839,0.0003094187789200678,8.719983769565548e-06
42.52942160744696,27.39427710008817,10.61149005444708,0.2835173104905978,-1.890904076188249,34.31444480954992,-1,34.65,-2.143639298074278,31.22987810254119,0.0003118690415396576,8.789036625208532e-06,-2.320384970385879,3220.735498689565,-574.727047041614,0.009999500037496839,0.0003118690415396576,8.789036625208532e-06
43.31071066897044,27.4192463597771,10.81248162445296,0.285713173623891,-1.887817750306567,34.31560258443981,-1,34.65,-2.138845854148288,31.24998052093578,0.0003142844909862801,8.85710838234062e-06,-2.314505998387069,3245.680340087161,-566.9145470416141,0.009999500037496839,0.0003142844909862801,8.85710838234062e-06
44.09199973049393,27.4384079555928,11.01372203256283,0.2878781139538646,-1.88473264657547,34.31675994411484,-1,34.65,-2.134053695035933,31.27010536190688,0.0003166659253492512,8.924221532569805e-06,-2.308627002596448,3270.273900745681,-559.1020470416141,0.009999500037496839,0.0003166659253492512,8.924221532569805e-06
44.87328879201742,27.45188859920498,11.2152131073255,0.2900128252989065,-1.881648768918552,34.31791688705707,-1,34.65,-2.129262823554817,31.29025267462737,0.0003190141078287972,8.990397584266103e-06,-2.302747982927039,3294.524062390254,-551.2895470416142,0.009999500037496839,0.0003190141078287972,8.990397584266103e-06
45.65457785354091,27.45981036564502,11.41695669535483,0.2921179716618315,-1.87856612128564,34.31907341173858,-1,34.65,-2.124473242537537,31.31042250853175,0.0003213297688280147,9.055657121516778e-06,-2.296868939291289,3318.438368043329,-543.4770470416142,0.009999500037496839,0.0003213297688280147,9.055657121516778e-06
46.43586691506439,27.46229095541735,11.61895466156207,0.2941941889866131,-1.875484707653053,34.32022951662127,-1,34.65,-2.119684954831828,31.33061491331867,0.0003236136078852744,9.120019858585006e-06,-2.290989871601067,3342.024041981007,-535.6645470416142,0.009999500037496839,0.0003236136078852744,9.120019858585006e-06
47.21715597658788,27.45944393746623,11.8212088893916,0.2962420867833767,-1.872404532023851,34.32138520015686,-1,34.65,-2.114897963300693,31.35082993895331,0.0003258662954617144,9.183504690284676e-06,-2.285110779767657,3365.288008192844,-527.8520470416142,0.009999500037496839,0.0003258662954617144,9.183504690284676e-06
47.99844503811136,27.45137897469948,12.02372128105979,0.2982622496335582,-1.869325598428101,34.32254046078671,-1,34.65,-2.110112270822553,31.3710676356699,0.000328088474596914,9.246129738640305e-06,-2.279231663701747,3388.236907480351,-520.0395470416144,0.009999500037496839,0.000328088474596914,9.246129738640305e-06
48.77973409963485,27.4382020335926,12.22649375779744,0.3002552385858657,-1.866247910923134,34.32369529694179,-1,34.65,-2.105327880291394,31.39132805397428,0.0003302807624444523,9.307912396161837e-06,-2.273352523313433,3410.877113314999,-512.2270470416144,0.009999500037496839,0.0003302807624444523,9.307912396161837e-06
49.56102316115834,27.42001557924194,12.42952826009603,0.3022215924525847,-1.863171473593814,34.32484970704252,-1,34.65,-2.10054479461691,31.41161124464645,0.0003324437516978432,9.368869366030126e-06,-2.267473358512205,3433.214746564159,-504.4145470416144,0.009999500037496839,0.0003324437516978432,9.368869366030126e-06
50.34231222268183,27.39691875709811,12.63282674795725,0.3041618290148124,-1.860096290552804,34.32600368949871,-1,34.65,-2.095763016724649,31.43191725874311,0.0003345780119162937,9.429016699459185e-06,-2.261594169206944,3455.255689182475,-496.6020470416144,0.009999500037496839,0.0003345780119162937,9.429016699459185e-06
51.12360128420531,27.36900756248847,12.83639120114658,0.3060764461443188,-1.857022365940846,34.32715724270943,-1,34.65,-2.090982549556169,31.45224614760036,0.0003366840907587507,9.488369830473884e-06,-2.255714955305919,3477.005596956113,-488.7895470416144,0.009999500037496839,0.0003366840907587507,9.488369830473884e-06
51.90489034572879,27.3363749989286,13.04022361945077,0.307965922848993,-1.853949703927029,34.32831036506292,-1,34.65,-2.086203396069189,31.47259796283632,0.0003387625151338923,9.546943608318782e-06,-2.249835716716774,3498.469911378963,-480.9770470416145,0.009999500037496839,0.0003387625151338923,9.546943608318782e-06
52.68617940725228,27.29911122612862,13.24432602293917,0.3098307202481541,-1.850878308709073,34.32946305493648,-1,34.65,-2.08142555923774,31.49297275635379,0.0003408137922729695,9.604752327692778e-06,-2.243956453346529,3519.653870732094,-473.1645470416145,0.009999500037496839,0.0003408137922729695,9.604752327692778e-06
53.46746846877577,27.257303698513,13.44870045222916,0.3116712824833969,-1.847808184513612,34.33061531069634,-1,34.65,-2.076649042052326,31.51337058034306,0.0003428384107317366,9.661809756985304e-06,-2.238077165101569,3540.562520430894,-465.3520470416145,0.009999500037496839,0.0003428384107317366,9.661809756985304e-06
54.24875753029926,27.21103729499606,13.65334896875571,0.3134880375701137,-1.844739335596482,34.33176713069759,-1,34.65,-2.071873847520078,31.53379148728464,0.000344836841327125,9.718129164673524e-06,-2.232197851887641,3561.200722698293,-457.5395470416145,0.009999500037496839,0.000344836841327125,9.718129164673524e-06
55.03004659182274,27.16039444068846,13.85827365504524,0.3152813981943532,-1.841671766243008,34.33291851328406,-1,34.65,-2.067099978664916,31.55423552995197,0.0003468095380137885,9.773723344024949e-06,-2.226318513609845,3581.573165617019,-449.7270470416145,0.009999500037496839,0.0003468095380137885,9.773723344024949e-06
55.81133565334623,27.1054552211479,14.06347661499388,0.3170517624592492,-1.838605480768301,34.33406945678815,-1,34.65,-2.062327438527711,31.57470276141436,0.0003487569387051742,9.828604636236727e-06,-2.22043915017263,3601.684371608976,-441.9145470416146,0.009999500037496839,0.0003487569387051742,9.828604636236727e-06
56.59262471486971,27.04629748973342,14.26895997414987,0.3187995145848789,-1.835540483517557,34.33521995953082,-1,34.65,-2.057556230166452,31.59519323503985,0.0003506794660433668,9.882784952131248e-06,-2.214559761479785,3621.538705385581,-434.1020470416146,0.009999500037496839,0.0003506794660433668,9.882784952131248e-06
57.3739137763932,26.98299696857126,14.47472588000083,0.3205250255650442,-1.832476778866355,34.33637001982137,-1,34.65,-2.052786356656404,31.61570700449801,0.0003525775281215486,9.93627579251637e-06,-2.208680347434433,3641.14038140875,-426.2895470416146,0.009999500037496839,0.0003525775281215486,9.93627579251637e-06
58.15520283791669,26.91562734360011,14.68077650226543,0.3222286537841884,-1.829414371220967,34.33751963595741,-1,34.65,-2.048017821090288,31.636244123763,0.0003544515191626072,9.98908826730984e-06,-2.202800907939028,3660.493470899025,-418.4770470416146,0.009999500037496839,0.0003544515191626072,9.98908826730984e-06
58.93649189944018,26.84426035411949,14.8871140331897,0.3239107455973662,-1.826353265018664,34.33866880622468,-1,34.65,-2.043250626578443,31.65680464711648,0.0003563018201571029,1.004123311351835e-05,-2.196921442895343,3679.601908423995,-410.6645470416147,0.009999500037496839,0.0003563018201571029,1.004123311351835e-05
59.71778096096366,26.76896587723121,15.09374068784842,0.3255716358759331,-1.823293464728029,34.33981752889697,-1,34.65,-2.038484776249001,31.67738862915065,0.0003581287994635264,1.009272071215393e-05,-2.191041952204465,3698.469498097275,-402.8520470416147,0.009999500037496839,0.0003581287994635264,1.009272071215393e-05
60.49907002248715,26.68981200753235,15.300658704451,0.3272116485214115,-1.82023497484928,34.34096580223596,-1,34.65,-2.033720273248062,31.69799612477126,0.0003599328133735527,1.014356110416376e-05,-2.185162435766789,3717.099919416004,-395.0395470416148,0.009999500037496839,0.0003599328133735527,1.014356110416376e-05
61.28035908401063,26.6068651323855,15.5078703446529,0.3288310969497609,-1.817177799914583,34.34211362449116,-1,34.65,-2.028957120739872,31.71862718920076,0.000361714206644737,1.019376400544259e-05,-2.179282893482012,3735.496732762097,-387.2270470416148,0.009999500037496839,0.000361714206644737,1.019376400544259e-05
62.06164814553412,26.52019000307027,15.71537789387143,0.3304302845481286,-1.814121944488386,34.3432609938997,-1,34.65,-2.024195321907003,31.7392818779814,0.0003634733130029415,1.024333882099199e-05,-2.173403325249121,3753.66338459092,-379.4145470416148,0.009999500037496839,0.0003634733130029415,1.024333882099199e-05
62.84293720705761,26.42984980209029,15.92318366160733,0.3320095051059512,-1.81106741316774,34.34440790868629,-1,34.65,-2.019434879950532,31.75996024697842,0.0003652104556165463,1.029229465828449e-05,-2.167523730966393,3771.603212328555,-371.6020470416148,0.009999500037496839,0.0003652104556165463,1.029229465828449e-05
63.62422626858109,26.33590620689299,16.13128998177143,0.333569043222158,-1.808014210582643,34.34555436706302,-1,34.65,-2.014675798090226,31.7806623523832,0.0003669259475443738,1.03406403398869e-05,-2.16164411053138,3789.319448997616,-363.7895470416148,0.009999500037496839,0.0003669259475443738,1.03406403398869e-05
64.40551533010458,26.23841945023638,16.33969921301666,0.335109174690073,-1.804962341396368,34.34670036722931,-1,34.65,-2.009918079564731,31.80138825071662,0.0003686200921590803,1.038838441539226e-05,-2.155764463840908,3806.815227589686,-355.9770470416148,0.009999500037496839,0.0003686200921590803,1.038838441539226e-05
65.18680439162807,26.13744837742044,16.54841373907564,0.3366301668614908,-1.801911810305814,34.34784590737169,-1,34.65,-2.005161727631757,31.82213799883225,0.0003702931835476399,1.043553517270621e-05,-2.149884790791067,3824.093585201211,-348.1645470416149,0.009999500037496839,0.0003702931835476399,1.043553517270621e-05
65.96809345315155,26.03305050058351,16.75743596910388,0.3381322789912868,-1.798862622041848,34.34899098566375,-1,34.65,-2.000406745568272,31.84291165391978,0.0003719455068904155,1.048210064872989e-05,-2.144005091277202,3841.157466948237,-340.3520470416149,0.009999500037496839,0.0003719455068904155,1.048210064872989e-05
66.74938251467505,25.92528205024922,16.96676833802866,0.3396157625638201,-1.795814781369656,34.35013560026593,-1,34.65,-1.995653136670694,31.86370927350828,0.0003735773388202022,1.052808863947843e-05,-2.138125365193907,3858.009729674323,-332.5395470416149,0.009999500037496839,0.0003735773388202022,1.052808863947843e-05
67.53067157619854,25.8141980242957,17.17641330690385,0.341080861602289,-1.792768293089104,34.35127974932545,-1,34.65,-1.990900904255088,31.8845309154698,0.0003751889477625179,1.057350670967096e-05,-2.132245612435017,3874.653145464799,-324.7270470416148,0.009999500037496839,0.0003751889477625179,1.057350670967096e-05
68.31196063772204,25.69985223450578,17.3863733632705,0.3425278129621164,-1.789723162035096,34.35242343097614,-1,34.65,-1.986150051657366,31.90537663802263,0.0003767805942583281,1.061836220182561e-05,-2.126365832893601,3891.090404979603,-316.9145470416148,0.009999500037496839,0.0003767805942583281,1.061836220182561e-05
69.09324969924553,25.58229735084634,17.59665102152375,0.343956846609358,-1.786679393077936,34.3535666433383,-1,34.65,-1.981400582233485,31.926246499735,0.0003783525312702938,1.06626622448901e-05,-2.120486026461953,3907.324120615973,-309.1020470416148,0.009999500037496839,0.0003783525312702938,1.06626622448901e-05
69.87453876076903,25.46158494361322,17.80724882328577,0.3453681858850581,-1.783636991123703,34.35470938451856,-1,34.65,-1.976652499359654,31.94714055952855,0.000379905004473564,1.07064137624368e-05,-2.114606193031582,3923.356829511513,-301.2895470416147,0.009999500037496839,0.000379905004473564,1.07064137624368e-05
70.65582782229251,25.33776552356886,18.01816933778506,0.3467620477564101,-1.780595961114625,34.35585165260977,-1,34.65,-1.971905806432542,31.96805887668192,0.0003814382525320511,1.074962348044871e-05,-2.108726332493209,3939.190996397355,-293.4770470416146,0.009999500037496839,0.0003814382525320511,1.074962348044871e-05
71.437116883816,25.21088858019137,18.22941516224229,0.3481386430555124,-1.777556308029457,34.3569934456908,-1,34.65,-1.967160506869481,31.98900151083442,0.0003829525073610637,1.079229793472088e-05,-2.102846444736752,3954.829016310411,-285.6645470416146,0.009999500037496839,0.0003829525073610637,1.079229793472088e-05
72.2184059453395,25.08100261814481,18.44098892226262,0.3494981767064652,-1.774518036883868,34.35813476182643,-1,34.65,-1.962416604108685,32.00996852198982,0.0003844479943771117,1.083444347790042e-05,-2.096966529651323,3970.273217173171,-277.8520470416146,0.009999500037496839,0.0003844479943771117,1.083444347790042e-05
72.99969500686299,24.94815519207324,18.65289327223469,0.3508408479414913,-1.771481152730829,34.35927559906719,-1,34.65,-1.957674101609461,32.03095997051994,0.0003859249327356405,1.087606628618623e-05,-2.091086587125218,3985.52586224883,-270.0395470416145,0.009999500037496839,0.0003859249327356405,1.087606628618623e-05
73.78098406838649,24.81239293981413,18.86513089573662,0.3521668505067203,-1.768445660661011,34.36041595544921,-1,34.65,-1.95293300285243,32.05197591716862,0.0003873835355573924,1.091717236570833e-05,-2.085206617045908,4000.589152478962,-262.2270470416145,0.009999500037496839,0.0003873835355573924,1.091717236570833e-05
74.56227312990998,24.67376161411987,19.07770450594892,0.3534763728582341,-1.765411565803182,34.36155582899406,-1,34.65,-1.948193311339743,32.07301642305541,0.0003888240101440575,1.095776755860526e-05,-2.079326619300028,4015.465228710602,-254.4145470416144,0.009999500037496839,0.0003888240101440575,1.095776755860526e-05
75.34356219143348,24.53230611297163,19.29061684607451,0.3547695983489287,-1.762378873324615,34.36269521770864,-1,34.65,-1.94345503059531,32.0940815496796,0.0003902465581838216,1.099785754881679e-05,-2.073446593773374,4030.156173818974,-246.6020470416144,0.009999500037496839,0.0003902465581838216,1.099785754881679e-05
76.12485125295697,24.38807050856186,19.50387068976611,0.3560467054067108,-1.7593475884315,34.36383411958495,-1,34.65,-1.938718164165021,32.11517135892413,0.0003916513759473819,1.103744786760804e-05,-2.067566540350886,4044.664014731786,-238.7895470416144,0.009999500037496839,0.0003916513759473819,1.103744786760804e-05
76.90614031448047,24.24109807501955,19.71746884156093,0.3573078677045141,-1.756317716369357,34.36497253259999,-1,34.65,-1.933982715616981,32.13628591305956,0.0003930386544749655,1.107654389883994e-05,-2.061686458916647,4058.990724360609,-230.9770470416143,0.009999500037496839,0.0003930386544749655,1.107654389883994e-05
77.68742937600396,24.09143131494549,19.931414137323,0.3585532543225869,-1.753289262423461,34.36611045471555,-1,34.65,-1.929248688541739,32.15742527474818,0.0003944085797548456,1.11151508840002e-05,-2.055806349353869,4073.138223444455,-223.1645470416142,0.009999500037496839,0.0003944085797548456,1.11151508840002e-05
78.46871843752746,23.93911198482093,20.14570944469333,0.3597830299034731,-1.750262231919271,34.36724788387811,-1,34.65,-1.924516086552525,32.17858950704811,0.0003957613328938204,1.115327392700767e-05,-2.049926211544884,4087.108382310339,-215.3520470416142,0.009999500037496839,0.0003957613328938204,1.115327392700767e-05
79.25000749905095,23.78418111935033,20.36035766354773,0.3609973548000854,-1.747236630222859,34.36838481801863,-1,34.65,-1.919784913285489,32.19977867341747,0.000397097090280094,1.119091799880265e-05,-2.044046045371136,4100.903022555388,-207.5395470416141,0.009999500037496839,0.000397097090280094,1.119091799880265e-05
80.03129656057443,23.62667905479291,20.57536172646315,0.3621963852172332,-1.744212462741354,34.36952125505238,-1,34.65,-1.915055172399944,32.2209928377186,0.0003984160237389566,1.122808794173423e-05,-2.03816585071317,4114.523918654588,-199.7270470416141,0.009999500037496839,0.0003984160237389566,1.122808794173423e-05
80.81258562209793,23.46664545133671,20.79072459919168,0.3633802733469672,-1.741189734923387,34.3706571928788,-1,34.65,-1.91032686757861,32.24223206422236,0.0003997183006816639,1.126478847375598e-05,-2.032285627450623,4127.972799498275,-191.9145470416141,0.009999500037496839,0.0003997183006816639,1.126478847375598e-05
81.59387468362142,23.30411931456333,21.00644928114344,0.3645491674980493,-1.738168452259539,34.37179262938128,-1,34.65,-1.905600002527863,32.26349641761248,0.0004010040842478542,1.130102419243953e-05,-2.026405375462216,4141.25134986293,-184.102047041614,0.009999500037496839,0.0004010040842478542,1.130102419243953e-05
82.37516374514492,23.13913901605084,21.22253880587761,0.3657032122198693,-1.735148620282801,34.37292756242704,-1,34.65,-1.900874580977989,32.28478596298989,0.0004022735334418563,1.133679957881595e-05,-2.020525094625738,4154.361211818834,-176.289547041614,0.009999500037496839,0.0004022735334418563,1.133679957881595e-05
83.15645280666841,22.97174231315688,21.43899624160268,0.3668425484210779,-1.73213024456904,34.37406198986695,-1,34.65,-1.896150606683438,32.30610076587731,0.0004035268032631857,1.137211900105342e-05,-2.014644784818044,4167.30398607775,-168.4770470416139,0.009999500037496839,0.0004035268032631857,1.137211900105342e-05
83.93774186819191,22.80196636802429,21.65582469168541,0.3679673134832193,-1.729113330737464,34.37519590953529,-1,34.65,-1.891428083423083,32.32744089222365,0.0004047640448315413,1.14069867179798e-05,-2.008764445915041,4180.081233283771,-160.6645470416139,0.009999500037496839,0.0004047640448315413,1.14069867179798e-05
84.7190309297154,22.62984776584679,21.87302729516884,0.3690776413696126,-1.726097884451103,34.37632931924963,-1,34.65,-1.886707015000484,32.34880640840865,0.0004059854055065738,1.144140688245799e-05,-2.002884077791672,4192.694475250209,-152.8520470416138,0.009999500037496839,0.0004059854055065738,1.144140688245799e-05
85.5003199912389,22.4554225324324,22.09060722729971,0.3701736627297176,-1.723083911417291,34.37746221681061,-1,34.65,-1.881987405244152,32.37019738124754,0.0004071910290026894,1.147538354462125e-05,-1.997003680321916,4205.145196145183,-145.0395470416138,0.009999500037496839,0.0004071910290026894,1.147538354462125e-05
86.28160905276239,22.27872615109635,22.30856770006559,0.3712555049992068,-1.720071417388156,34.3785946000018,-1,34.65,-1.877269258007824,32.39161387799574,0.0004083810554991275,1.150892065497541e-05,-1.991123253378771,4217.434843628427,-137.2270470416137,0.009999500037496839,0.0004083810554991275,1.150892065497541e-05
87.06289811428589,22.09979357891843,22.5269119627415,0.3723232924959624,-1.717060408161113,34.37972646658944,-1,34.65,-1.87255257717073,32.41305596635361,0.0004095556217455587,1.154202206737483e-05,-1.985242796834243,4229.564829941808,-129.4145470416137,0.009999500037496839,0.0004095556217455587,1.154202206737483e-05
87.84418717580938,21.91865926239312,22.74564330244657,0.3733771465121896,-1.714050889579376,34.38085781432231,-1,34.65,-1.867837366637875,32.43452371447133,0.0004107148611634086,1.157469154187788e-05,-1.979362310559337,4241.536532955731,-121.6020470416137,0.009999500037496839,0.0004107148611634086,1.157469154187788e-05
88.62547623733288,21.73535715250291,22.96476504471076,0.3744171854028389,-1.711042867532458,34.38198864093151,-1,34.65,-1.863123630340319,32.45601719095377,0.0004118589039431229,1.160693274748801e-05,-1.973481794424043,4253.351297173605,-113.7895470416136,0.009999500037496839,0.0004118589039431229,1.160693274748801e-05
89.40676529885637,21.54992071924026,23.18428055405215,0.3754435246705068,-1.708036347956696,34.38311894413026,-1,34.65,-1.858411372235463,32.47753646486554,0.0004129878771375575,1.163874926478571e-05,-1.967601248297332,4265.010434696307,-105.9770470416136,0.009999500037496839,0.0004129878771375575,1.163874926478571e-05
90.18805436037985,21.36238296560501,23.40419323456469,0.3764562770469881,-1.705031336835776,34.38424872161371,-1,34.65,-1.853700596307339,32.49908160573596,0.000414101904751687,1.167014458845663e-05,-1.961720672047133,4276.515226148624,-98.16454704161353,0.009999500037496839,0.000414101904751687,1.167014458845663e-05
90.96934342190335,21.17277644110094,23.62450653051678,0.3774555525716349,-1.702027840201259,34.38537797105873,-1,34.65,-1.848991306566897,32.52065268356422,0.0004152011078287984,1.170112212972068e-05,-1.955840065540333,4287.86692156938,-90.35204704161347,0.009999500037496839,0.0004152011078287984,1.170112212972068e-05
91.75063248342684,20.98113325475466,23.84522392696105,0.3784414586666673,-1.699025864133126,34.38650669012371,-1,34.65,-1.844283507052316,32.54224976882458,0.0004162856045333341,1.173168521866669e-05,-1.949959428642756,4299.066741266988,-82.53954704161343,0.009999500037496839,0.0004162856045333341,1.173168521866669e-05
92.53192154495034,20.78748508767834,24.06634895035516,0.3794141002095855,-1.696025414760324,34.38763487644835,-1,34.65,-1.83957720182929,32.56387293247158,0.0004173555102305441,1.176183710649715e-05,-1.944078761219158,4310.115876642024,-74.72704704161339,0.009999500037496839,0.0004173555102305441,1.176183710649715e-05
93.31321060647383,20.59186320519688,24.28788516919444,0.3803735796028023,-1.693026498261321,34.38876252765343,-1,34.65,-1.834872394991344,32.58552224594548,0.0004184109375630826,1.179158096768687e-05,-1.938198063133209,4321.015490978261,-66.91454704161333,0.009999500037496839,0.0004184109375630826,1.179158096768687e-05
94.09449966799733,20.39429846855864,24.50983619465631,0.3813199968406324,-1.690029120864669,34.38988964134064,-1,34.65,-1.830169090660141,32.60719778117755,0.0004194519965246957,1.182091990205961e-05,-1.932317334247486,4331.766720203653,-59.1020470416133,0.009999500037496839,0.0004194519965246957,1.182091990205961e-05
94.87578872952082,20.19482134624909,24.73220568125658,0.3822534495737539,-1.687033288849575,34.39101621509231,-1,34.65,-1.8254672929858,32.62889961059567,0.0004204787945311293,1.184985693678637e-05,-1.926436574423457,4342.37067362262,-51.28954704161325,0.009999500037496839,0.0004204787945311293,1.184985693678637e-05
95.65707779104432,19.99346192492376,24.95499732751833,0.3831740331712513,-1.684039008546477,34.39214224647124,-1,34.65,-1.820767006147207,32.65062780712984,0.0004214914364883765,1.187839502830879e-05,-1.92055578352147,4352.828434620849,-43.4770470416132,0.009999500037496839,0.0004214914364883765,1.187839502830879e-05
96.43836685256781,19.79024991997785,25.17821487665311,0.3840818407803533,-1.681046286337636,34.39326773302044,-1,34.65,-1.81606823435235,32.67238244421784,0.0004224900248583887,1.190653706419095e-05,-1.914674961400739,4363.141061343908,-35.66454704161315,0.009999500037496839,0.0004224900248583887,1.190653706419095e-05
97.21965591409131,19.58521468576757,25.40186211725544,0.384976963383956,-1.678055128657731,34.3943926722629,-1,34.65,-1.811370981838636,32.69416359581096,0.0004234746597223517,1.193428586490264e-05,-1.908794107919332,4373.309587350714,-27.85204704161311,0.009999500037496839,0.0004234746597223517,1.193428586490264e-05
98.0009449756148,19.37838522549931,25.62594288401004,0.3858594898560401,-1.675065541994458,34.39551706170139,-1,34.65,-1.806675252873232,32.71597133637984,0.0004244454388416441,1.196164418553724e-05,-1.902913222934157,4383.335022243051,-20.03954704161306,0.009999500037496839,0.0004244454388416441,1.196164418553724e-05
98.78223403713829,19.16979020079933,25.8504610584129,0.3867295070150593,-1.672077532889151,34.39664089881821,-1,34.65,-1.801981051753401,32.73780574092031,0.0004254024577165653,1.198861471746684e-05,-1.89703230630095,4393.218352272082,-12.22704704161302,0.009999500037496839,0.0004254024577165653,1.198861471746684e-05
99.56352309866178,18.95945794097891,26.07542056950592,0.3875870996753962,-1.669091107937397,34.39776418107494,-1,34.65,-1.797288382806844,32.75966688495945,0.0004263458096429358,1.201520008993728e-05,-1.891151357874262,4402.960540922868,-4.414547041612973,0.009999500037496839,0.0004263458096429358,1.201520008993728e-05
100.0049998750065,18.83984960154,26.20273329807119,0.3880662302601992,-1.667404295607838,34.39839865890369,-1,34.65,-1.794637412946959,32.77203163956298,0.0004268728532862191,1.203005313806618e-05,-1.887828243155181,4408.403428626313,0,0.009999500037496839,0.0004268728532862191,1.203005313806618e-05
