0,13.57664756873318,1.351510765014025,0.07424014900134208,-2.366336039085009,34.47262900017385,-1.9,34.65,-2.532826904121006,32.37394248029679,0.0002349034014160878,6.620004948998838e-06,-2.653081641709962,6920.844854633389,-1000,0.009999500037496875,0.0002349034014160878,6.620004948998838e-06
0.001525955198288063,13.57664756873318,1.351510765014025,0.07424014900134208,-2.366336039085009,34.47299717300349,-1.9,34.65,-2.532438416899486,32.36736525022623,0.0002346679263677233,6.613368833999474e-06,-2.653091126074623,6963.999735416194,-999.9847412109375,0.009999500037496875,0.0002346679263677233,6.613368833999474e-06
0.04604449061026448,14.67525507395964,1.841983637225865,0.0603006662685213,-2.337613442544613,34.48389509800068,-1.9,34.65,-2.520986046202192,32.17341059785553,0.000229781996958938,6.475674459751889e-06,-2.65337680806051,8220.533385676081,-999.5395781144163,0.009999500037496875,0.000229781996958938,6.475674459751889e-06
0.0934911737773072,15.93919574382609,2.411854566851061,0.05156782134174964,-2.307694769201704,34.49524690068279,-1.9,34.65,-2.509141698963173,31.97300403533847,0.0002271952478365269,6.402775166302122e-06,-2.653666215147402,9397.445421335387,-999.0651350043082,0.009999500037496875,0.0002271952478365269,6.402775166302122e-06
0.1484630884469781,17.32398679439929,3.068335458371318,0.04617587442634124,-2.276557191768687,34.50706096773521,-1.9,34.65,-2.496885965689934,31.76641733520151,0.0002257874570666738,6.363101062788079e-06,-2.653924845834115,10365.12647421281,-998.5154433415075,0.009999500037496875,0.0002257874570666738,6.363101062788079e-06
0.2075842767407513,18.5932062183263,3.715181934742647,0.04353339881533249,-2.248870142313416,34.51756537620368,-1.9,34.65,-2.486023454077261,31.58469618574807,0.0002251513707331623,6.34517499338912e-06,-2.654076858690368,10932.43048426118,-997.9242610169471,0.009999500037496875,0.0002251513707331623,6.34517499338912e-06
0.2694761935080653,19.65317064422084,4.307700547110288,0.04259288834401993,-2.226193232938078,34.5261683244973,-1.9,34.65,-2.477121363556432,31.43755628029716,0.0002249336046622608,6.339037949572805e-06,-2.654098833689101,11152.22964243975,-997.3053727929116,0.009999500037496875,0.0002249336046622608,6.339037949572805e-06
0.3407132821890421,20.58197617978037,4.892042129028689,0.04266461513016493,-2.20661465221151,34.53359508358263,-1.9,34.65,-2.46939371683291,31.31215384430518,0.0002249500521335529,6.33950146921831e-06,-2.653982299843508,11135.10901819871,-996.593037521975,0.009999500037496875,0.0002249500521335529,6.33950146921831e-06
0.4332033116137233,21.44264954372907,5.52752390645178,0.04362207699969462,-2.188731396031142,34.54037766425619,-1.9,34.65,-2.462239951172005,31.19958924174323,0.0002251721376594769,6.345760243130713e-06,-2.653667127781998,10912.21893827068,-995.6681834692747,0.009999500037496875,0.0002251721376594769,6.345760243130713e-06
0.5641985988412566,22.22653679248509,6.255183009041364,0.04566038155213289,-2.17273822124523,34.54644168671469,-1.9,34.65,-2.455642304779576,31.1018436554152,0.0002256605708505997,6.3595251785169e-06,-2.653017771973037,10470.36780549025,-994.3582960897312,0.009999500037496875,0.0002256605708505997,6.3595251785169e-06
0.6760990879760739,22.64687967785396,6.762356954785409,0.04763516646957459,-2.164362425557271,34.54961611279233,-1.9,34.65,-2.451993681842184,31.05302859799777,0.0002261539785021408,6.373430303242149e-06,-2.652348146439913,10080.24033077445,-993.2393471444317,0.009999500037496875,0.0002261539785021408,6.373430303242149e-06
0.8018788769299037,22.95230895381736,7.241302772838135,0.0499304020790597,-2.158460767421806,34.55185149753297,-1.9,34.65,-2.449206572729688,31.02109190036813,0.0002267522535999359,6.390290783270922e-06,-2.651519097647233,9667.81363644171,-991.9816121400714,0.009999500037496875,0.0002267522535999359,6.390290783270922e-06
0.9449962303886261,23.16377040803769,7.698540820011063,0.05254662881873962,-2.154588999306156,34.55331640860283,-1.9,34.65,-2.447095612322708,31.00325783755437,0.0002274664575761874,6.410418349874371e-06,-2.650513968443785,9244.426612716905,-990.5505101587945,0.009999500037496875,0.0002274664575761874,6.410418349874371e-06
1.111378912960995,23.29613655511471,8.142985967825622,0.05553624294469522,-2.152442414386804,34.55412641168323,-1.9,34.65,-2.445517871008053,30.99781922666185,0.000228324269142154,6.434593039460705e-06,-2.649294272709779,8812.878150866705,-988.8867665181733,0.009999500037496875,0.000228324269142154,6.434593039460705e-06
1.308466726441671,23.35688610300172,8.580870887577316,0.05896990357623706,-2.151873019728774,34.55433760761379,-1.9,34.65,-2.444382940387501,31.00418628868185,0.0002293637153706461,6.463886524081844e-06,-2.647806610962301,8375.468731638675,-986.915986919883,0.009999500037496875,0.0002293637153706461,6.463886524081844e-06
1.547579248396186,23.34869549858258,9.020056622773401,0.06296186176081585,-2.152836430717866,34.5539667492131,-1.9,34.65,-2.443621821728442,31.0226581326177,0.0002306440487071574,6.499968645383527e-06,-2.64596580545936,7932.262064254782,-984.524981247633,0.009999500037496875,0.0002306440487071574,6.499968645383527e-06
1.849032712592221,23.2679546192563,9.474459187685836,0.06772621499523394,-2.155425627125569,34.55297837848732,-1.9,34.65,-2.443175719123829,31.05490671138693,0.000232271557964105,6.54583481535205e-06,-2.643615225648681,7478.687223284219,-981.5105973211012,0.009999500037496875,0.000232271557964105,6.54583481535205e-06
2.266935273130197,23.09261483156305,9.984753413295776,0.07387552241785586,-2.160152697258491,34.55117762727758,-1.9,34.65,-2.442986273266484,31.10709927034591,0.0002345286492161213,6.609443750636146e-06,-2.640331963118669,6990.067164584501,-977.3317806513317,0.009999500037496875,0.0002345286492161213,6.609443750636146e-06
2.849965718978611,22.80048836210807,10.55604205768382,0.0816897222193667,-2.167371317251559,34.54843027947939,-1.9,34.65,-2.44296637704637,31.18418031129434,0.000237643819542389,6.697234914376417e-06,-2.635737900223374,6490.463889761513,-971.5017676862085,0.009999500037496875,0.000237643819542389,6.697234914376417e-06
3.376121119659895,22.52509636527901,10.98775692092957,0.08810016300372377,-2.173770997126239,34.54599567424928,-1.9,34.65,-2.442917217266256,31.25319746019407,0.0002403987996075523,6.774875261667382e-06,-2.63159455493162,6158.543124987992,-966.2404767373669,0.009999500037496875,0.0002403987996075523,6.774875261667382e-06
3.975165516186588,22.21502240389506,11.42058715422844,0.09478485278424195,-2.180590569627974,34.54340190047467,-1.9,34.65,-2.442698796330285,31.32894054923942,0.0002434560405164962,6.861033869101255e-06,-2.626887431756066,5870.732314815981,-960.250332271836,0.009999500037496875,0.0002434560405164962,6.861033869101255e-06
4.661578340910416,21.87190957650244,11.86755859141224,0.1017758653931688,-2.187672389198998,34.54070875372744,-1.9,34.65,-2.442187785835948,31.41118016427113,0.0002468472714039987,6.956604921385419e-06,-2.621509774011794,5620.849634430489,-953.3865472052717,0.009999500037496875,0.0002468472714039987,6.956604921385419e-06
5.442867402433905,21.49973328455357,12.33538112645112,0.1090157356771782,-2.194786948284965,34.53800337710143,-1.9,34.65,-2.441265867721011,31.49884847814658,0.0002505596955947545,7.061227784943082e-06,-2.615409443431124,5406.588856297302,-945.5740472052717,0.009999500037496875,0.0002505596955947545,7.061227784943082e-06
6.224156463957392,21.14622319277863,12.77442592006252,0.1156238705175045,-2.200976656635387,34.53564976746509,-1.9,34.65,-2.440009209637626,31.58067490775593,0.0002541187598633223,7.161528687057267e-06,-2.609329269098961,5243.437074811459,-937.7615472052717,0.009999500037496875,0.0002541187598633223,7.161528687057267e-06
7.005445525480881,20.80925009203754,13.19366820142143,0.1217043985413855,-2.206345851484708,34.53360815380549,-1.9,34.65,-2.438454224704414,31.65729493509952,0.000257531497792848,7.257705846889353e-06,-2.603266972136266,5116.164999386644,-929.9490472052717,0.009999500037496875,0.000257531497792848,7.257705846889353e-06
7.786734587004369,20.48653221642373,13.59858760059149,0.1273372344642218,-2.210994489713825,34.53184047868998,-1.9,34.65,-2.43663635253078,31.7293270524881,0.0002608061986418371,7.34999287081541e-06,-2.597220371852147,5014.995112744247,-922.1365472052717,0.009999500037496875,0.0002608061986418371,7.34999287081541e-06
8.568023648527859,20.17598240022998,13.99272767042752,0.1325850195059926,-2.215011362823448,34.53031295512028,-1.9,34.65,-2.434587350662111,31.79732549282547,0.0002639513833092363,7.438629893260295e-06,-2.591187532251604,4933.368281586674,-914.3240472052717,0.009999500037496875,0.0002639513833092363,7.438629893260295e-06
9.349312710051347,19.87578971554154,14.37849248718599,0.1374977568364553,-2.218473217273686,34.52899638965044,-1.9,34.65,-2.432334834537211,31.8617722009424,0.0002669753098947897,7.523849642489528e-06,-2.585166780550182,4866.723747692192,-906.5115472052714,0.009999500037496875,0.0002669753098947897,7.523849642489528e-06
10.13060177157483,19.58441350940095,14.75758086770721,0.1421159949247831,-2.221445759008303,34.52786579446604,-1.9,34.65,-2.429902557385336,31.92308171836169,0.0002698857476346015,7.605871069702405e-06,-2.579156684946116,4811.794269793372,-898.6990472052714,0.009999500037496875,0.0002698857476346015,7.605871069702405e-06
10.91189083309832,19.30055140392813,15.13123612633588,0.1464730698917305,-2.223985137721911,34.52689981972543,-1.9,34.65,-2.427310896136464,31.98160966340756,0.00027268988951966,7.684896886463146e-06,-2.573156022093479,4766.179532839224,-890.8865472052714,0.009999500037496875,0.00027268988951966,7.684896886463146e-06
11.69317989462181,19.02310293910421,15.50039640613175,0.1505967211397251,-2.226139419682028,34.52608019166053,-1.9,34.65,-2.424577352193451,32.03766147068482,0.0002753943365899592,7.761113122080668e-06,-2.56716374490536,4728.077675401962,-883.0740472052714,0.009999500037496875,0.0002753943365899592,7.761113122080668e-06
12.4744689561453,18.75113612667379,15.86578876497373,0.1545102789822012,-2.227949892811657,34.52539121523324,-1.9,34.65,-2.421717003078888,32.09150027322298,0.0002780051183638545,7.83468969934499e-06,-2.561178954056076,4696.110596308798,-875.2615472052714,0.009999500037496875,0.0002780051183638545,7.83468969934499e-06
13.25575801766879,18.48385886462627,16.22799009620864,0.1582335533242397,-2.229452172169614,34.52481935313073,-1.9,34.65,-2.418742889111925,32.14335365076289,0.0002805277302712055,7.905781489461244e-06,-2.555200873857602,4669.206961032045,-867.4490472052714,0.009999500037496875,0.0002805277302712055,7.905781489461244e-06
14.03704707919228,18.22059524154647,16.58746777427393,0.1617835092809005,-2.23067711830234,34.52435287617485,-1.9,34.65,-2.415666337028334,32.1934192775763,0.0002829671777592665,7.974529555033876e-06,-2.54922883222803,4646.521856498975,-859.6365472052714,0.009999500037496875,0.0002829671777592665,7.974529555033876e-06
14.81833614071576,17.96076613980564,16.94460750558504,0.165174788174722,-2.231651594212681,34.52398157525264,-1.9,34.65,-2.41249722824521,32.24186960422337,0.0002853280215554771,8.041062425654355e-06,-2.543262244185188,4627.380380362328,-851.8240472052714,0.009999500037496875,0.0002853280215554771,8.041062425654355e-06
15.59962520223925,17.70387341968964,17.29973287403117,0.168420114483858,-2.232399088110306,34.52369652437851,-1.9,34.65,-2.409244220572409,32.28885572686209,0.0002876144212395035,8.105497325840553e-06,-2.5373005982701,4611.237250152644,-844.0115472052714,0.009999500037496875,0.0002876144212395035,8.105497325840553e-06
16.38091426376274,17.44948701599863,17.65311935712133,0.1715306174212883,-2.232940226368942,34.52348988556415,-1.9,34.65,-2.405914931541822,32.33451058671222,0.00028983017576271,8.167941316949099e-06,-2.531343445366037,4597.647371674265,-836.1990472052714,0.009999500037496875,0.00028983017576271,8.167941316949099e-06
17.16220332528623,17.19723437952719,18.00500457595058,0.1745160877550996,-2.233293197290315,34.52335474764099,-1.9,34.65,-2.402516090368115,32.37895162207511,0.0002919787603769635,8.228492337896243e-06,-2.52539038946304,4586.244052681645,-828.3865472052714,0.009999500037496875,0.0002919787603769635,8.228492337896243e-06
17.94349238680972,16.94679180063161,18.35559592620008,0.1773851849032107,-2.233474102539723,34.52328499260872,-1.9,34.65,-2.399053664348666,32.42228297426622,0.0002940633598835581,8.287240142173e-06,-2.519441079999691,4576.722644724899,-820.5740472052713,0.009999500037496875,0.0002940633598835581,8.287240142173e-06
18.7247814483332,16.6978772445771,18.70507635315577,0.1801456054186513,-2.233497249866526,34.52327518432442,-1.9,34.65,-2.395532964429088,32.46459732994549,0.0002960868983482711,8.344267135269458e-06,-2.513495205485,4568.828100944163,-812.7615472052713,0.009999500037496875,0.0002960868983482711,8.344267135269458e-06
19.50607050985669,16.45024440476949,19.0536087884368,0.182804221188368,-2.233375398031288,34.52332047537401,-1.9,34.65,-2.391958733750152,32.50597746643875,0.0002980520655422233,8.399649119826294e-06,-2.507552488162142,4562.345400149754,-804.9490472052713,0.009999500037496875,0.0002980520655422233,8.399649119826294e-06
20.28735957138018,16.20367774116558,19.40133960619794,0.1853671936492375,-2.233119962687722,34.52341652879579,-1.9,34.65,-2.388335222247947,32.5464975536603,0.000299961340413205,8.453455957099415e-06,-2.50161267952321,4557.092096874053,-797.1365472052713,0.009999500037496875,0.000299961340413205,8.453455957099415e-06
21.06864863290366,15.95798831943821,19.74840135026346,0.1878400688465095,-2.232741190233369,34.52355945198691,-1.9,34.65,-2.384666249780666,32.58622425580201,0.000301817011899191,8.505752153522654e-06,-2.495675556522061,4552.912467579589,-789.3240472052713,0.009999500037496875,0.000301817011899191,8.505752153522654e-06
21.84993769442715,15.71301030431599,20.09491491171384,0.1902278570646836,-2.232248305266615,34.52374574064729,-1.9,34.65,-2.380955259777305,32.62521766761071,0.000303621197382759,8.556597380786843e-06,-2.489740918362301,4549.672868732708,-781.5115472052713,0.009999500037496875,0.000303621197382759,8.556597380786843e-06
22.63122675595064,15.46859799013239,20.44099128696283,0.1925350999406141,-2.231649636197039,34.52397223103145,-1.9,34.65,-2.37720536502273,32.66353211342965,0.00030537585906234,8.606046937211401e-06,-2.483808583761314,4547.258024537051,-773.6990472052713,0.009999500037496875,0.00030537585906234,8.606046937211401e-06
23.41251581747412,15.22462327481842,20.78673301179779,0.1947659273481642,-2.230952722690968,34.5242360591072,-1.9,34.65,-2.373419386890193,32.7012168318845,0.0003070828184895833,8.654152157433711e-06,-2.477878388610053,4545.568034703538,-765.8865472052713,0.009999500037496875,0.0003070828184895833,8.654152157433711e-06
24.19380487899761,14.98097350179772,21.13223534236996,0.1969241058698912,-2.230164407946305,34.52453462548262,-1.9,34.65,-2.369599889090235,32.73831656486952,0.0003087437694948903,8.700960776674182e-06,-2.471950183963366,4544.515944887061,-758.0740472052714,0.009999500037496875,0.0003087437694948903,8.700960776674182e-06
24.97509394052109,14.73754960861335,21.47758723653527,0.1990130803062568,-2.229290918242125,34.52486556517116,-1.9,34.65,-2.365749206811128,32.77487206610675,0.0003103602896971702,8.746517255102068e-06,-2.466023834307519,4544.025760476388,-750.2615472052713,0.009999500037496875,0.0003103602896971702,8.746517255102068e-06
25.75638300204458,14.49426453250366,21.82287217616831,0.2010360093892962,-2.228337931769246,34.5252267214317,-1.9,34.65,-2.361869471970463,32.81092054183686,0.0003119338507698701,8.790863067150883e-06,-2.460099216061248,4544.030812440515,-742.4490472052713,0.009999500037496875,0.0003119338507698701,8.790863067150883e-06
26.53767206356807,14.25104183219877,22.16816886167041,0.2029957966457553,-2.227310638394921,34.52561612305522,-1.9,34.65,-2.357962635172014,32.84649603401053,0.0003134658276137484,8.834036960023819e-06,-2.454176216274275,4544.472404769019,-734.6365472052713,0.009999500037496875,0.0003134658276137484,8.834036960023819e-06
27.31896112509155,14.00781449246169,22.51355180290476,0.2048951171796882,-2.226213791729691,34.52603196457758,-1.9,34.65,-2.35403048486054,32.88162975457818,0.000314957506567687,8.876075185089362e-06,-2.448254731493507,4545.29868868355,-726.8240472052712,0.009999500037496875,0.000314957506567687,8.876075185089362e-06
28.10025018661504,13.76452388372056,22.85909182553864,0.2067364410055979,-2.225051754633293,34.5264725889864,-1.9,34.65,-2.350074664084691,32.9163503780363,0.0003164100927720067,8.917011705392916e-06,-2.442334666772132,4546.463720641897,-719.0115472052714,0.009999500037496875,0.0003164100927720067,8.917011705392916e-06
28.88153924813853,13.52111885384452,23.2048565077914,0.2085220534521647,-2.223828539108351,34.526936472561,-1.9,34.65,-2.346096685210874,32.95068429821401,0.0003178247167840286,8.956878382095352e-06,-2.436415934800956,4547.926670200691,-711.1990472052713,0.009999500037496875,0.0003178247167840286,8.956878382095352e-06
29.66282830966201,13.27755493293809,23.55091055953391,0.2102540730673897,-2.222547841376584,34.52742221154359,-1.9,34.65,-2.342097942875782,32.9846558543206,0.000319202440532849,8.99570514228938e-06,-2.430498455144659,4549.651150763661,-703.3865472052713,0.009999500037496875,0.000319202440532849,8.99570514228938e-06
30.4441173711855,13.03379363514182,23.89731615333419,0.211934467383767,-2.221213072805941,34.52792851038739,-1.9,34.65,-2.338079725419922,33.01828753048362,0.0003205442626891669,9.033520130331066e-06,-2.424582153568409,4551.604651639198,-695.5740472052712,0.009999500037496875,0.0003205442626891669,9.033520130331066e-06
31.22540643270899,12.78980184398359,24.24413321520668,0.2135650668434534,-2.219827387252837,34.52845417136718,-1.9,34.65,-2.334043225006988,33.05160013235212,0.0003218511235164124,9.07034984455344e-06,-2.418666961442551,4553.758054044282,-687.7615472052714,0.009999500037496875,0.0003218511235164124,9.07034984455344e-06
32.00669549423247,12.54555126992461,24.59141968138299,0.2151475771354437,-2.218393705297379,34.52899808537078,-1.9,34.65,-2.329989546602868,33.08461294379855,0.0003231239092610985,9.106219260994593e-06,-2.412752815214957,4556.08521700294,-679.9490472052713,0.009999500037496839,0.0003231239092610985,9.106219260994593e-06
32.78798455575596,12.30101797048281,24.93923172628765,0.2166835901573359,-2.216914735777825,34.52955922371689,-1.9,34.65,-2.325919715962207,33.1173438663001,0.0003243634561330878,9.141151945568836e-06,-2.406839655942189,4558.562621705897,-672.1365472052713,0.009999500037496839,0.0003243634561330878,9.141151945568836e-06
33.56927361727945,12.05618192475821,25.28762396599128,0.2181745937818069,-2.2153929949707,34.53013663086764,-1.9,34.65,-2.321834686748821,33.14980954320436,0.0003255705539202622,9.17517015593466e-06,-2.400927428871928,4561.169064980632,-664.3240472052714,0.009999500037496839,0.0003255705539202622,9.17517015593466e-06
34.35056267880293,11.81102665538755,25.63664964069291,0.2196219805809201,-2.213830823712969,34.53072941792328,-1.9,34.65,-2.31773534689819,33.18202547076753,0.0003267459492766302,9.208294934159578e-06,-2.395016083070216,4563.885394187756,-656.5115472052714,0.009999500037496839,0.0003267459492766302,9.208294934159578e-06
35.13185174032642,11.56553889196023,25.98636077919349,0.2210270556389837,-2.212230402720599,34.53133675680214,-1.9,34.65,-2.313622524314979,33.21400609758756,0.0003278903487182422,9.240546191150462e-06,-2.389105571087974,4566.694277199172,-648.6990472052714,0.009999500037496839,0.0003278903487182422,9.240546191150462e-06
35.91314080184991,11.3197082707742,26.33680834784903,0.2223910435659063,-2.210593766322442,34.53195787502289,-1.9,34.65,-2.309496991985704,33.24576491383058,0.000329004421357195,9.271942783702771e-06,-2.383195848662023,4569.580002197046,-640.8865472052714,0.009999500037496839,0.000329004421357195,9.271942783702771e-06
36.69442986337339,11.07352706651994,26.68804238610462,0.223715094807249,-2.208922814798392,34.53259205101712,-1.9,34.65,-2.305359472575787,33.27731453145856,0.0003300888014004503,9.30250258492178e-06,-2.377286874446492,4572.528302912351,-633.0740472052714,0.009999500037496839,0.0003300888014004503,9.30250258492178e-06
37.47571892489688,10.82698995208443,27.04011213039188,0.225000291333913,-2.20721932548536,34.5332386099101,-1.9,34.65,-2.301210642570962,33.30866675650526,0.0003311440904371062,9.332242548682083e-06,-2.37137860977106,4575.526205639972,-625.2615472052714,0.009999500037496839,0.0003311440904371062,9.332242548682083e-06
38.25700798642036,10.58009378317742,27.3930661279082,0.2262476517832057,-2.205484962793002,34.53389691971586,-1.9,34.65,-2.297051136015153,33.33983265430962,0.0003321708595350769,9.361178768715804e-06,-2.365471018422931,4578.561894955839,-617.4490472052715,0.009999500037496839,0.0003321708595350769,9.361178768715804e-06
39.03829704794385,10.33283740491605,27.74695234158285,0.2274581361134775,-2.203721287252672,34.5345663878996,-1.9,34.65,-2.292881547890206,33.37082260849904,0.000333169651165743,9.389326532852758e-06,-2.359564066449859,4581.624595546166,-609.6365472052715,0.009999500037496839,0.000333169651165743,9.389326532852758e-06
39.81958610946734,10.08522147787625,28.10181824735043,0.2286326498264555,-2.201929763707298,34.53524645826646,-1.9,34.65,-2.2887024371771,33.40164637441342,0.0003341409809731015,9.416700372878316e-06,-2.35365772198188,4584.704467959338,-601.8240472052715,0.009999500037496839,0.0003341409809731015,9.416700372878316e-06
40.60087517099083,9.837248321435688,28.4577109247013,0.2297720478044766,-2.200111768736337,34.53593660814103,-1.9,34.65,-2.284514329633299,33.43231312757571,0.0003350853394021258,9.443314110423545e-06,-2.347751955069692,4587.792516423313,-594.0115472052717,0.009999500037496839,0.0003350853394021258,9.443314110423545e-06
41.38216423251431,9.588921772507486,28.81467714135385,0.2308771378038856,-2.198268597398306,34.53663634580602,-1.9,34.65,-2.280317720316668,33.4628315077392,0.0003360031931994433,9.469180899257039e-06,-2.341846737537896,4590.880507148147,-586.1990472052717,0.009999500037496839,0.0003360031931994433,9.469180899257039e-06
42.1634532940378,9.340247057996805,29.17276343278386,0.2319486836407908,-2.196401469363328,34.53734520817277,-1.9,34.65,-2.276113075882667,33.49320965897828,0.0003368949867980552,9.494313264308829e-06,-2.335942042851511,4593.960895764637,-578.3865472052717,0.009999500037496839,0.0003368949867980552,9.494313264308829e-06
42.94474235556128,9.091230679516705,29.53201617725606,0.2329874081009829,-2.194511534499486,34.53806275865929,-1.9,34.65,-2.271900836678387,33.52345526623343,0.000337761143596585,9.51872313772194e-06,-2.330037845994389,4597.026762744085,-570.5740472052718,0.009999500037496839,0.000337761143596585,9.51872313772194e-06
43.72603141708477,8.841880309073673,29.89248166692893,0.2339939956020154,-2.192599877969181,34.53878858525436,-1.9,34.65,-2.26768141865419,33.55357558867328,0.0003386020671424396,9.542421892196025e-06,-2.324134123358286,4600.071755807466,-562.7615472052717,0.009999500037496839,0.0003386020671424396,9.542421892196025e-06
44.50732047860826,8.592204694587204,30.25420617553313,0.2349690946322039,-2.190667524885214,34.53952229874898,-1.9,34.65,-2.263455215111354,33.58357749019445,0.0003394181422273357,9.565420371861279e-06,-2.318230852641528,4603.090038470204,-554.9490472052718,0.009999500037496839,0.0003394181422273357,9.565420371861279e-06
45.28860954013174,8.342213574236968,30.61723602307485,0.235913319988399,-2.188715444570569,34.54026353111837,-1.9,34.65,-2.259222598301979,33.61346746734324,0.0003402097359027486,9.587728920895643e-06,-2.312328012756295,4606.076243985398,-547.1365472052718,0.009999500037496839,0.0003402097359027486,9.587728920895643e-06
46.06989860165523,8.091917598750392,30.98161763796096,0.2368272548319614,-2.186744554460943,34.54101193403967,-1.9,34.65,-2.254983920895664,33.64325167491191,0.0003409771984221288,9.609357410078176e-06,-2.306425583743685,4609.025434047602,-539.3240472052718,0.009999500037496839,0.0003409771984221288,9.609357410078176e-06
46.85118766317871,7.841328260839919,31.34739761690758,0.2377114525801614,-2.184755723684688,34.54176717753221,-1.9,34.65,-2.25073951732575,33.67293594943348,0.0003417208641160239,9.630315261451582e-06,-2.300523546695807,4611.933061703623,-531.5115472052718,0.009999500037496839,0.0003417208641160239,9.630315261451582e-06
47.6324767247022,7.590457831090321,31.71462278295528,0.2385664386483519,-2.182749776351055,34.54252894870854,-1.9,34.65,-2.246489705026642,33.7025258307754,0.0003424410522056651,9.65061147125056e-06,-2.294621883684211,4614.794937988993,-523.6990472052719,0.009999500037496839,0.0003424410522056651,9.65061147125056e-06
48.41376578622569,7.339319299672201,32.08334024188471,0.2393927120566068,-2.180727494574275,34.54329695062588,-1.9,34.65,-2.242234785572396,33.73202658201019,0.0003431380675600408,9.670254631237513e-06,-2.288720577694075,4617.607201870566,-515.8865472052719,0.009999500037496839,0.0003431380675600408,9.670254631237513e-06
49.19505484774918,7.087926323325979,32.45359743730219,0.2401907469130406,-2.17868962125807,34.54407090122857,-1.9,34.65,-2.237975045725737,33.76144320772296,0.0003438122014009969,9.689252948573549e-06,-2.282819612563609,4620.366293128656,-508.0740472052719,0.009999500037496839,0.0003438122014009969,9.689252948573549e-06
49.97634390927266,6.836293177119919,32.8254422046402,0.2409609937847624,-2.1766368626626,34.5448505323731,-1.9,34.65,-2.233710758405669,33.79078047089804,0.0003444637319604863,9.707614264340978e-06,-2.27691897292819,4623.068927857892,-500.2615472052719,0.009999500037496839,0.0003444637319604863,9.707614264340978e-06
50.75763297079615,6.584434710539631,33.19892282430039,0.2417038809662725,-2.174569890773586,34.54563558892835,-1.9,34.65,-2.229442183581036,33.82004290851351,0.0003450929250937075,9.725346070822667e-06,-2.271018644168806,4625.712076305284,-492.4490472052719,0.009999500037496839,0.0003450929250937075,9.725346070822667e-06
51.53892203231963,6.332366307510574,33.57408807415064,0.2424198156541045,-2.172489345491279,34.54642582794425,-1.9,34.65,-2.225169569096603,33.84923484595797,0.0003457000348515194,9.742455527633728e-06,-2.265118612364417,4628.292942798129,-484.636547205272,0.009999500037496839,0.0003457000348515194,9.742455527633728e-06
52.32021109384312,6.080103849999723,33.95098728157057,0.2431091850356578,-2.170395836655221,34.5472210178828,-1.9,34.65,-2.220893151437612,33.87836041037347,0.0003462853040152427,9.758949476793204e-06,-2.259218864247896,4630.808947543913,-476.8240472052721,0.009999500037496839,0.0003462853040152427,9.758949476793204e-06
53.10150015536661,5.827663684875281,34.32967037523402,0.2437723572993293,-2.168289945919088,34.54802093790604,-1.9,34.65,-2.216613156438113,33.90742354301748,0.0003468489645966367,9.774834456814307e-06,-2.253319387165228,4633.25771010998,-469.011547205272,0.009999500037496839,0.0003468489645966367,9.774834456814307e-06
53.8827892168901,5.575062593738371,34.71018793680039,0.2444096825724094,-2.166172228488549,34.54882537721608,-1.9,34.65,-2.212329799937935,33.93642801072815,0.000347391238305641,9.790116715886245e-06,-2.247420169037693,4635.637034413181,-461.1990472052721,0.009999500037496839,0.000347391238305641,9.790116715886245e-06
54.66407827841358,5.32231776546844,35.09259125268402,0.2450214937925382,-2.164043214733779,34.54963413444267,-1.9,34.65,-2.208043288392599,33.96537741656871,0.0003479123369882067,9.804802224213099e-06,-2.241521198326777,4637.944895069131,-453.3865472052721,0.009999500037496839,0.0003479123369882067,9.804802224213099e-06
55.44536733993706,5.069446771249535,35.47693236605965,0.2456081075179967,-2.161903411687163,34.55044701707448,-1.9,34.65,-2.203753819440142,33.99427520971955,0.000348412463036373,9.818896685570511e-06,-2.23562246400158,4640.179424967788,-445.5740472052721,0.009999500037496839,0.000348412463036373,9.818896685570511e-06
56.22665640146055,4.816467541868175,35.86326412925932,0.24616982468159,-2.159753304435731,34.55126384093026,-1.9,34.65,-2.199461582428393,34.02312469468029,0.0003488918097725359,9.832405548135101e-06,-2.229723955508516,4642.338903957016,-437.7615472052722,0.009999500037496839,0.0003488918097725359,9.832405548135101e-06
57.00794546298404,4.563398347093102,36.25164025671202,0.2467069312924341,-2.15759335741695,34.55208442966679,-1.9,34.65,-2.195166758905937,34.05192903983814,0.0003493505618097001,9.845334014637002e-06,-2.223825662743119,4644.421748528819,-429.9490472052722,0.009999500037496839,0.0003493505618097001,9.845334014637002e-06
57.78923452450753,4.310257776966656,36.64211537856875,0.2472196990895974,-2.155424015625723,34.5529086143205,-1.9,34.65,-2.190869523079712,34.08069128545375,0.0003497888953893775,9.857687051882455e-06,-2.217927576023777,4646.426502414676,-422.1365472052722,0.009999500037496839,0.0003497888953893775,9.857687051882455e-06
58.57052358603102,4.057064724852444,37.03474509516319,0.24770838615112,-2.153245705739699,34.55373623288013,-1.9,34.65,-2.186570042241879,34.10941435111113,0.0003502069786986074,9.869469399688025e-06,-2.212029686067244,4648.351828006238,-414.3240472052722,0.009999500037496839,0.0003502069786986074,9.869469399688025e-06
59.3518126475545,3.803838372099908,37.42958603244624,0.2481732374616908,-2.151058837169396,34.55456712988799,-1.9,34.65,-2.182268477168418,34.13810104267376,0.0003506049721675126,9.880685579266265e-06,-2.206131983965793,4650.196498526987,-406.5115472052723,0.009999500037496839,0.0003506049721675126,9.880685579266265e-06
60.13310170907798,3.550598174198997,37.82669589854182,0.2486144854419024,-2.148863803039,34.55540115606743,-1.9,34.65,-2.177964982491628,34.16675405878563,0.0003509830287486358,9.891339901097916e-06,-2.200234461165876,4651.959390888051,-398.6990472052723,0.009999500037496839,0.0003509830287486358,9.891339901097916e-06
60.91439077060147,3.29736384831007,38.22613354156233,0.249032350441809,-2.146660981103246,34.55623816797478,-1.9,34.65,-2.173659707048587,34.19537599695244,0.0003513412941792525,9.901436472324391e-06,-2.194337109448167,4653.639479168749,-390.8865472052723,0.009999500037496839,0.0003513412941792525,9.901436472324391e-06
61.69567983212496,3.044155362065426,38.62795900883327,0.2494270412012084,-2.144450734605262,34.55707802767348,-1.9,34.65,-2.169352794207366,34.2239693592348,0.0003516799072277105,9.910979203690022e-06,-2.188439920908903,4655.23582866832,-383.0740472052724,0.009999500037496839,0.0003516799072277105,9.910979203690022e-06
62.47696889364845,2.790992923546812,39.03223360767029,0.2497987552789124,-2.142233413079877,34.55792060242911,-1.9,34.65,-2.165044382172723,34.25253655758309,0.0003519989999248033,9.91997181606264e-06,-2.1825428879424,4656.747590481164,-375.2615472052723,0.009999500037496839,0.0003519989999248033,9.91997181606264e-06
63.25825795517193,2.537896972355115,39.43901996785876,0.2501476794530449,-2.140009353106475,34.55876576442349,-1.9,34.65,-2.160734604272785,34.28107991884071,0.0003522986977810867,9.928417846557897e-06,-2.176646003224678,4658.173996552701,-367.4490472052724,0.009999500037496839,0.0003522986977810867,9.928417846557897e-06
64.03954701669542,2.284888171692459,39.8483821059903,0.2504739900942314,-2.137778879015154,34.55961339048653,-1.9,34.65,-2.156423589228132,34.30960168944014,0.0003525791199909708,9.936320654290996e-06,-2.17074925969809,4659.514355177374,-359.6365472052724,0.009999500037496839,0.0003525791199909708,9.936320654290996e-06
64.8208360782189,2.03198740138704,40.26038549181046,0.2507778535134063,-2.135542303549637,34.5604633618445,-1.9,34.65,-2.152111461404599,34.33810403981478,0.0003528403796243816,9.943683425778026e-06,-2.164852650556902,4660.768046904425,-351.8240472052724,0.009999500037496839,0.0003528403796243816,9.943683425778026e-06
65.6021251397424,1.779215751796901,40.67509711674335,0.2510594262857826,-2.133299928490068,34.56131556388356,-1.9,34.65,-2.147798341050947,34.36658906854685,0.0003530825838066855,9.950509180006589e-06,-2.15895616923374,4661.934520820405,-344.0115472052725,0.009999500037496839,0.0003530825838066855,9.950509180006589e-06
66.38341420126588,1.52659451853334,41.09258556475804,0.2513188555524322,-2.131052045238615,34.56216988592735,-1.9,34.65,-2.143484344522529,34.3950588062708,0.0003533058338875584,9.956800773194826e-06,-2.15305980938685,4663.01329118079,-336.1990472052724,0.009999500037496839,0.0003533058338875584,9.956800773194826e-06
67.16470326278937,1.274145197951482,41.51292108575177,0.2515562793007847,-2.128798935370518,34.5630262210278,-1.9,34.65,-2.139169584491918,34.42351521934915,0.0003535102255994045,9.962560903255944e-06,-2.147163564888105,4664.003934365834,-328.3865472052724,0.009999500037496839,0.0003535102255994045,9.962560903255944e-06
67.94599232431287,1.021889483360558,41.93617567163442,0.251771826625227,-2.126540871153052,34.56388446576801,-1.9,34.65,-2.134854170147454,34.45196021333756,0.0003536958492058765,9.967792113983792e-06,-2.141267429811719,4664.906086138332,-320.5740472052723,0.009999500037496839,0.0003536958492058765,9.967792113983792e-06
68.72728138583636,0.7698492619092094,42.36242313530052,0.2519656179689221,-2.124278116034648,34.56474452007657,-1.9,34.65,-2.130538207380531,34.48039563625338,0.0003538627896410381,9.972496798974711e-06,-2.1353713984236,4665.719439183483,-312.7615472052723,0.009999500037496839,0.0003538627896410381,9.972496798974711e-06
69.50857044735986,0.5180466121067099,42.7917391926914,0.2521377653478289,-2.12201092510625,34.56560628705236,-1.9,34.65,-2.126221798962428,34.50882328166171,0.0003540111266396329,9.976677205298746e-06,-2.129475465171312,4666.443740913031,-304.9490472052722,0.009999500037496839,0.0003540111266396329,9.976677205298746e-06
70.28985950888335,0.2665038019451876,43.22420154815352,0.2522883725578562,-2.119739545536844,34.56646967279914,-1.9,34.65,-2.121905044711404,34.53724489159149,0.0003541409348589188,9.980335436933165e-06,-2.123579624674603,4667.078791517898,-297.1365472052722,0.009999500037496839,0.0003541409348589188,9.980335436933165e-06
71.07114857040685,0.01524328758898851,43.65988998331648,0.2524175353659669,-2.117464216984902,34.56733458626936,-1.9,34.65,-2.117588041650714,34.56566215929324,0.0003542522839924639,9.983473457969438e-06,-2.117683871716447,4667.624442255237,-289.3240472052722,0.009999500037496839,0.0003542522839924639,9.983473457969438e-06
71.85243763193034,-0.2456908090933797,44.09889069975643,0.2525253146738596,-2.115185907205109,34.56820130316046,-1.9,34.65,-2.113333721240039,34.59517336504062,0.0003543452155834329,9.986092439169472e-06,-2.111788222094307,4668.080479581116,-281.5115472052721,0.009999500037496839,0.0003543452155834329,9.986092439169472e-06
72.63372669345384,-0.5070281067350056,44.54131389188009,0.2526116406873719,-2.112905698009569,34.5690701715752,-1.9,34.65,-2.109084174976328,34.62476788923414,0.0003544196603223737,9.988190427266896e-06,-2.105892695754471,4668.446216290186,-273.6990472052721,0.009999500037496839,0.0003544196603223737,9.988190427266896e-06
73.41501575497733,-0.768097643303156,44.98727621779671,0.252676421620923,-2.110623754084183,34.56994109591822,-1.9,34.65,-2.104835435561457,34.65437649455924,0.0003544755317256988,9.989764984996964e-06,-2.099997287219326,4668.720949095488,-265.8865472052721,0.009999500037496839,0.0003544755317256988,9.989764984996964e-06
74.19630481650083,-1.028869554643007,45.43689278348589,0.252719586926022,-2.108340225842466,34.57081397712529,-1.9,34.65,-2.100587566658038,34.68400029205631,0.000354512763430926,9.990814242144278e-06,-2.094101990812491,4668.90414232272,-258.074047205272,0.009999500037496839,0.000354512763430926,9.990814242144278e-06
74.97759387802432,-1.289313746997902,45.89027803449927,0.2527410819988923,-2.106055261516876,34.57168871846911,-1.9,34.65,-2.096340631252775,34.71364038096969,0.0003545313046562528,9.991336767585304e-06,-2.088206800991492,4668.995406380943,-250.2615472052719,0.009999500037496839,0.0003545313046562528,9.991336767585304e-06
75.7588829395478,-1.549399938714179,46.34754652332236,0.2527408638768237,-2.103769007230106,34.57256522545878,-1.9,34.65,-2.092094691681279,34.74329784918093,0.0003545311165054145,9.99133146515259e-06,-2.082311712342,4668.994480144809,-242.4490472052719,0.009999500037496839,0.0003545311165054145,9.99133146515259e-06
76.5401720010713,-1.809097689307255,46.80881356320391,0.2527188977741261,-2.101481607067165,34.57344340574331,-1.9,34.65,-2.087849809653578,34.77297377365386,0.0003545121689921585,9.990797489779012e-06,-2.076416719572304,4668.901216743061,-234.6365472052719,0.009999500037496839,0.0003545121689921585,9.990797489779012e-06
77.32146106259479,-2.068376418809704,47.27419579229309,0.2526751542872039,-2.099193203148321,34.57432316901884,-1.9,34.65,-2.083606046280333,34.80266922089217,0.0003544744386395377,9.989734179841517e-06,-2.070521817507991,4668.715572126654,-226.8240472052718,0.009999500037496839,0.0003544744386395377,9.989734179841517e-06
78.10275012411829,-2.327205419644036,47.7438116672317,0.2526096071335593,-2.096903935702902,34.57520442693914,-1.9,34.65,-2.07936346209976,34.83238524740922,0.0003544179065391126,9.988141002465902e-06,-2.064627001086825,4668.437595915919,-219.0115472052718,0.009999500037496839,0.0003544179065391126,9.988141002465902e-06
78.88403918564178,-2.585553862739335,48.21778190162846,0.2525222313173476,-2.094613943143854,34.57608709302936,-1.9,34.65,-2.075122117105196,34.86212290020915,0.000354342556778727,9.98601750921867e-06,-2.058732265353794,4668.067424126531,-211.1990472052717,0.009999500037496839,0.000354342556778727,9.98601750921867e-06
79.66532824716528,-2.843390799210836,48.69622986191631,0.2524130016359387,-2.092323362142936,34.57697108260252,-1.9,34.65,-2.070882070773254,34.89188321727822,0.0003542483751660492,9.983363300134114e-06,-2.052837605456336,4667.605273453742,-203.3865472052717,0.009999500037496839,0.0003542483751660492,9.983363300134114e-06
80.44661730868877,-3.100685158613826,49.17928193075969,0.2522818914592711,-2.09003232770641,34.57785631267895,-1.9,34.65,-2.066643382092504,34.92166722808538,0.0003541353481897898,9.98017799443953e-06,-2.046943016639715,4667.051436858371,-195.5740472052716,0.009999500037496839,0.0003541353481897898,9.98017799443953e-06
81.22790637021227,-3.357405744548104,49.66706784634469,0.2521288717274215,-2.087740973251083,34.57874270190819,-1.9,34.65,-2.062406109592597,34.95147595409049,0.0003540034621721043,9.976461206668396e-06,-2.041048494242551,4666.406280248986,-187.7615472052716,0.009999500037496839,0.0003540034621721043,9.976461206668396e-06
82.00919543173576,-3.613521228204832,50.15972102442439,0.2519539101226667,-2.08544943068057,34.57963017049345,-1.9,34.65,-2.058170311373777,34.98131040925944,0.0003538527025749302,9.97221252711167e-06,-2.035154033692486,4665.67024009603,-179.9490472052715,0.009999500037496839,0.0003538527025749302,9.97221252711167e-06
82.79048449325926,-3.869000140309631,50.65737886883951,0.251756970380922,-2.083157830461662,34.58051864011832,-1.9,34.65,-2.053936045136722,35.01117160058482,0.0003536830534303423,9.967431505764191e-06,-2.029259630501991,4664.843821846659,-172.1365472052715,0.009999500037496839,0.0003536830534303423,9.967431505764191e-06
83.57177355478275,-4.123810861805407,51.16018307532534,0.251538011714281,-2.080866301700679,34.58140803387587,-1.9,34.65,-2.049703368212651,35.04106052861151,0.000353494496870857,9.962117639087787e-06,-2.023365280264299,4663.927599036043,-164.3240472052714,0.009999500037496839,0.000353494496870857,9.962117639087787e-06
84.35306261630625,-4.377921613537023,51.66827993270245,0.251296988321832,-2.078574972219728,34.58229827619969,-1.9,34.65,-2.045472337593664,35.07097818796601,0.0003532870127402701,9.956270359043978e-06,-2.017470978649454,4662.92221301261,-156.5115472052714,0.009999500037496839,0.0003532870127402701,9.956270359043978e-06
85.13435167782974,-4.631300445132366,52.18182062498876,0.2510338489702834,-2.076283968632798,34.5831892927971,-1.9,34.65,-2.041243009963271,35.10092556788936,0.0003530605782693537,9.949889023954513e-06,-2.011576721400485,4661.828373212678,-148.6990472052714,0.009999500037496839,0.0003530605782693537,9.949889023954513e-06
85.91564073935322,-4.883915223226711,52.70096153753738,0.2507485366294168,-2.073993416421628,34.58408101058424,-1.9,34.65,-2.037015441727085,35.13090365277267,0.0003528151678037251,9.942972910832253e-06,-2.005682504329688,4660.6468579346,-140.8865472052713,0.009999500037496839,0.0003528151678037251,9.942972910832253e-06
86.69692980087672,-5.1357336191377,53.22586456998039,0.2504409881501405,-2.071703440011312,34.58497335762291,-1.9,34.65,-2.032789689043643,35.16091342269515,0.0003525507525735817,9.935521208891848e-06,-1.999788323315004,4659.378515574663,-133.0740472052713,0.009999500037496839,0.0003525507525735817,9.935521208891848e-06
87.47821886240021,-5.38672309606743,53.75669745850703,0.2501111339751785,-2.069414162845613,34.58586626305927,-1.9,34.65,-2.028565807855363,35.19095585396425,0.0003522673004969425,9.927533014004742e-06,-1.993894174296507,4658.024266297281,-125.2615472052712,0.009999500037496839,0.0003522673004969425,9.927533014004742e-06
88.25950792392371,-5.636850895885256,54.29363410983559,0.2497588978741819,-2.067125707461982,34.58675965706404,-1.9,34.65,-2.024343853919607,35.22103191965787,0.0003519647760095668,9.919007323905974e-06,-1.988000053272981,4656.585104120583,-117.4490472052712,0.009999500037496839,0.0003519647760095668,9.919007323905974e-06
89.0407969854472,-5.886084025527336,54.83685494911566,0.2493841966965106,-2.064838195566277,34.58765347077436,-1.9,34.65,-2.020123882839852,35.25114259016826,0.0003516431399159897,9.909943033996075e-06,-1.982105956298582,4655.062099405924,-109.6365472052711,0.009999500037496839,0.0003516431399159897,9.909943033996075e-06
89.8220860469707,-6.134389243032612,55.38654728393636,0.2489869401360417,-2.062551748107191,34.58854763623702,-1.9,34.65,-2.015905950096984,35.28128883374823,0.0003513023492570947,9.90033893360903e-06,-1.976211879479592,4653.456401746203,-101.8240472052711,0.009999500037496839,0.0003513023492570947,9.90033893360903e-06
90.60337510849419,-6.381733043226549,55.94290568658519,0.248567030503312,-2.060266485350421,34.58944208635308,-1.9,34.65,-2.011690111080695,35.31147161705906,0.0003509423571904846,9.890193702640931e-06,-1.970317818971243,4651.76924325373,-94.01154720527103,0.009999500037496839,0.0003509423571904846,9.890193702640931e-06
91.38466417001769,-6.628081643052188,56.50613239671885,0.2481243625010118,-2.057982526952599,34.5903367548238,-1.9,34.65,-2.007476421121022,35.34169190572095,0.0003505631128805562,9.879505908452038e-06,-1.964423770974615,4650.001942253323,-86.19904720527099,0.009999500037496839,0.0003505631128805562,9.879505908452038e-06
92.16595323154118,-6.87340096654355,57.07643774665285,0.247658822999437,-2.05569999203504,34.59123157609767,-1.9,34.65,-2.003264935520026,35.37195066486588,0.0003501645613957165,9.868274002970191e-06,-1.958529731733607,4648.155907391319,-78.38654720527094,0.009999500037496839,0.0003501645613957165,9.868274002970191e-06
92.94724229306468,-7.117656629428231,57.65404061155746,0.2471702908089563,-2.053418999257334,34.59212648531868,-1.9,34.65,-1.999055709583639,35.40224885969334,0.0003497466436106095,9.856496319935359e-06,-1.952635697531971,4646.232642175419,-70.5740472052709,0.009999500037496839,0.0003497466436106095,9.856496319935359e-06
93.72853135458817,-7.36081392334444,58.23916888694947,0.246658636446936,-2.05113966689086,34.59302141827548,-1.9,34.65,-1.994848798653698,35.43258745602944,0.0003493092961115875,9.844171072235648e-06,-1.946741664690396,4644.233749964889,-62.76154720527085,0.009999500037496839,0.0003493092961115875,9.844171072235648e-06
94.50982041611167,-7.602837799650667,58.83205999601589,0.2461237218968042,-2.048862112892264,34.59391631135159,-1.9,34.65,-1.990644258140186,35.46296742088962,0.00034885245110391,9.831296349292007e-06,-1.940847629563657,4642.160939434736,-54.9490472052708,0.009999500037496839,0.00034885245110391,9.831296349292007e-06
95.29110947763515,-7.843692852805254,59.43296142946294,0.2455654003571855,-2.046586454976986,34.59481110147638,-1.9,34.65,-1.986442143553729,35.4933897230457,0.0003483760363194168,9.81787011445629e-06,-1.934953588537808,4640.016030541929,-47.13654720527076,0.009999500037496839,0.0003483760363194168,9.81787011445629e-06
96.07239853915864,-8.083343303289652,60.04213132078416,0.24498351597917,-2.044312810692893,34.59570572607688,-1.9,34.65,-1.98224251053836,35.52385533359772,0.0003478799749235859,9.803890202391964e-06,-1.929059538027416,4637.800961026138,-39.32404720527072,0.009999500037496839,0.0003478799749235859,9.803890202391964e-06
96.85368760068214,-8.321752980045865,60.65983906006554,0.2443779035899022,-2.042041297494112,34.59660012303028,-1.9,34.65,-1.978045414904593,35.55436522655117,0.0003473641854210428,9.789354316411206e-06,-1.923165474472846,4635.517793482214,-31.51154720527067,0.009999500037496839,0.0003473641854210428,9.789354316411206e-06
97.63497666220563,-8.558885302397528,61.28636594970826,0.2437483884007219,-2.039772032815145,34.59749423061705,-1.9,34.65,-1.973850912662854,35.58492037940041,0.0003468285815586981,9.774260025745129e-06,-1.917271394337568,4633.168723046372,-23.69904720527062,0.009999500037496839,0.0003468285815586981,9.774260025745129e-06
98.41626572372913,-8.794703261421201,61.92200590573906,0.2430947856981497,-2.037505134145341,34.5983879874746,-1.9,34.65,-1.969659060057298,35.61552177371879,0.0003462730722257963,9.758604762726987e-06,-1.911377294105506,4630.756085743585,-15.88654720527058,0.009999500037496839,0.0003462730722257963,9.758604762726987e-06
99.19755478525262,-9.029169400731512,62.5670662087153,0.2424169005159854,-2.035240719103848,34.59928133255139,-1.9,34.65,-1.965469913600059,35.64617039575651,0.0003456975613502218,9.742385819869889e-06,-1.905483170278405,4628.282367549201,-8.074047205270533,0.009999500037496839,0.0003456975613502218,9.742385819869889e-06
99.97884384677612,-9.262245796644194,63.22186830860117,0.2417145272867862,-2.032978905515123,34.60017420506139,-1.9,34.65,-1.961283530105986,35.67686723704669,0.0003451019477904815,9.72560034682266e-06,-1.899589019373228,4625.750214224203,-0.2615472052704881,0.009999500037496839,0.0003451019477904815,9.72560034682266e-06
100.0049998750065,-9.270024247341716,63.24396222979336,0.2416905870698904,-2.03290323081176,34.60020408779916,-1.9,34.65,-1.961143426649182,35.67789575303982,0.0003450816588180366,9.725028566690125e-06,-1.899391694230891,4625.664464315221,0,0.009999500037496839,0.0003450816588180366,9.725028566690125e-06
