0,31.65207580597344,1.044191720971104,0.09603835739262533,-2.018737833474126,34.26651141031422,-1,34.65,-2.391921122264419,29.91485379170017,0.0002443746527300911,6.886922031484385e-06,-2.641271103811004,5796.844332108203,-1000,0.009999500037496875,0.0002443746527300911,6.886922031484385e-06
0.001525955198288063,31.65207580597344,1.044191720971104,0.09603835739262533,-2.018737833474126,34.26706302284372,-1,34.65,-2.391389070087456,29.90577106502501,0.0002440497346233245,6.877765248475509e-06,-2.641291099270469,5822.400364180924,-999.9847412109375,0.009999500037496875,0.0002440497346233245,6.877765248475509e-06
0.06302693391822994,33.72788334037968,1.460338938087997,0.07714094776935852,-1.958847258156967,34.28954955907006,-1,34.65,-2.369884328344666,29.53863768467425,0.0002357973245088532,6.645197327067682e-06,-2.642111578747547,6766.792900863088,-999.3697621719214,0.009999500037496875,0.0002357973245088532,6.645197327067682e-06
0.1283641631504048,36.34864862776779,1.861945010594291,0.06846458499644935,-1.899729444556166,34.31174614500056,-1,34.65,-2.348975672734622,29.18241666976084,0.000232533337980752,6.553212252184828e-06,-2.642886251665859,7414.717022189921,-998.7164225457642,0.009999500037496875,0.000232533337980752,6.553212252184828e-06
0.1836798670455241,38.40281672898389,2.146528391500681,0.06559361812839211,-1.857456978682931,34.32761615217893,-1,34.65,-2.334187940824301,28.93168716802041,0.0002315298091270317,6.524930984489076e-06,-2.643374671616584,7672.596328835184,-998.1632931625909,0.009999500037496875,0.0002315298091270317,6.524930984489076e-06
0.240876971309344,40.21761161570262,2.392176589128848,0.06474099765538148,-1.821909202811954,34.3409591297591,-1,34.65,-2.321830720516166,28.7236248275919,0.0002312392486163867,6.51674246100726e-06,-2.643703976030346,7754.143266107883,-997.59135071636,0.009999500037496875,0.0002312392486163867,6.51674246100726e-06
0.3047746150555482,41.86958121498889,2.622113677239756,0.06507671174922719,-1.790820491767101,34.35262530221976,-1,34.65,-2.311051477266006,28.54399120643167,0.000231353244798147,6.519955080675053e-06,-2.643886210954664,7721.749326641326,-996.952406225324,0.009999500037496875,0.000231353244798147,6.519955080675053e-06
0.3799148255182875,43.38420234344044,2.849745602106652,0.06632095373154336,-1.763458562613585,34.36288904749498,-1,34.65,-2.301543876928445,28.38804335434361,0.0002317803860849154,6.531992698756707e-06,-2.643902535146018,7604.886035903827,-996.2010416879843,0.009999500037496875,0.0002317803860849154,6.531992698756707e-06
0.4736199139448928,44.78231251306922,3.088796155258737,0.06845244490382631,-1.739457247810786,34.37188687528771,-1,34.65,-2.293120827751994,28.25348857065012,0.0002325290133039462,6.553090374929393e-06,-2.643705050607728,7415.756182282546,-995.2640376527488,0.009999500037496875,0.0002325290133039462,6.553090374929393e-06
0.6068362287649938,46.13249135170398,3.370710798669744,0.07189608216177606,-1.718096018043254,34.37988636980356,-1,34.65,-2.285417192784454,28.13673622341164,0.0002337831183438136,6.588433335143838e-06,-2.643149696172711,7136.925754280908,-993.9319411077099,0.009999500037496875,0.0002337831183438136,6.588433335143838e-06
0.7687079939417883,47.15118300934031,3.651778171252124,0.07623041995950686,-1.704289494727211,34.38504500292841,-1,34.65,-2.280077761112026,28.0650495021722,0.0002354387459232558,6.635091930564481e-06,-2.642213503305358,6826.807683486201,-992.3133043857549,0.009999500037496875,0.0002354387459232558,6.635091930564481e-06
0.9286977873995739,47.76353190914612,3.884270929016175,0.08046258928469643,-1.69817479946608,34.38731719974207,-1,34.65,-2.277273504208853,28.03735673696258,0.0002371367036374194,6.682943466145456e-06,-2.641126238726117,6561.356914136245,-990.7134864400748,0.009999500037496875,0.0002371367036374194,6.682943466145456e-06
1.114205237835107,48.18672327859969,4.114409660634069,0.08521321367936163,-1.696416314219523,34.38795206156483,-1,34.65,-2.275765636566709,28.03567739098316,0.0002391362855372081,6.739295319684955e-06,-2.639750975191039,6300.487050398529,-988.8585046824887,0.009999500037496875,0.0002391362855372081,6.739295319684955e-06
1.331530509492316,48.45323756369598,4.345859082392188,0.09052882523975339,-1.69845896026907,34.38715816673862,-1,34.65,-2.275340484967759,28.0571191192955,0.0002414881291516018,6.805574548817867e-06,-2.638051722386249,6047.763485677997,-986.6853606204033,0.009999500037496875,0.0002414881291516018,6.805574548817867e-06
1.591258650328936,48.589122232264,4.584759443954527,0.09652842924248196,-1.703958496377309,34.38506464027972,-1,34.65,-2.275836262256835,28.10026413887136,0.0002442835699733923,6.8843551537956e-06,-2.635955330987534,5803.946312523412,-984.0882090663686,0.009999500037496875,0.0002442835699733923,6.8843551537956e-06
1.905961872421793,48.61230042810701,4.836578034032685,0.1033204122036133,-1.71269324375519,34.38175476405284,-1,34.65,-2.277125007994935,28.16454891239022,0.0002476224548971453,6.978451001646821e-06,-2.633370903295203,5571.652588151904,-980.9413341852508,0.009999500037496875,0.0002476224548971453,6.978451001646821e-06
2.290158891437132,48.53891837473781,5.10659042878832,0.1109861115557109,-1.724405733669017,34.3773254882698,-1,34.65,-2.279060566384729,28.24935085878635,0.0002516042120464016,7.090664157671319e-06,-2.630193512654131,5354.973029962408,-977.0995560792005,0.009999500037496875,0.0002516042120464016,7.090664157671319e-06
2.754082704342935,48.38902624994918,5.39665052362836,0.1194622002273981,-1.738523261540849,34.37199273764111,-1,34.65,-2.281416371124799,28.35207491544448,0.000256258020191831,7.221816932678873e-06,-2.626357662336667,5160.770343218583,-972.4605498946534,0.009999500037496875,0.000256258020191831,7.221816932678873e-06
3.291934649572761,48.19211704886707,5.700806987879146,0.1284046245921779,-1.753887099018547,34.36619327903944,-1,34.65,-2.283849691341138,28.46596966033487,0.0002614386632006758,7.367816872019043e-06,-2.621932504692909,4997.457072573795,-967.0822993481598,0.009999500037496875,0.0002614386632006758,7.367816872019043e-06
3.885269719388896,47.98000760093117,6.009917152135937,0.1373720402578822,-1.769190254108973,34.36041935885746,-1,34.65,-2.286023449302047,28.58270285571265,0.0002668969908185216,7.521642468521972e-06,-2.617086604932244,4868.319980755261,-961.1492452952853,0.009999500037496875,0.0002668969908185216,7.521642468521972e-06
4.522504177364578,47.77291608501483,6.320891707970317,0.146152226022833,-1.783698558828453,34.35494699540663,-1,34.65,-2.287749354361007,28.69745009540946,0.0002724815086155929,7.679024333712163e-06,-2.611923926730845,4769.345066561802,-954.7772193088631,0.009999500037496875,0.0002724815086155929,7.679024333712163e-06
5.201103131164531,47.57977681314334,6.635142431086127,0.1547135870134301,-1.797157919108179,34.34987131439344,-1,34.65,-2.288951283948012,28.80854624615789,0.0002781418985840506,7.838544414641425e-06,-2.606469210357909,4694.555563721652,-947.9915690448952,0.009999500037496875,0.0002781418985840506,7.838544414641425e-06
5.92160203270026,47.40388960388455,6.954790758399652,0.1630735311010617,-1.809498408405441,34.3452181940356,-1,34.65,-2.289598944872602,28.91553374067804,0.0002838617649849666,7.999740649576333e-06,-2.60071986404999,4638.957904843299,-940.7869402519722,0.009999500037496875,0.0002838617649849666,7.999740649576333e-06
6.685038076895331,47.24590192029711,7.281560527886116,0.1712539396330027,-1.820714207071269,34.34098948415659,-1,34.65,-2.289681237746744,29.018356615108,0.0002896321344847412,8.162360153660888e-06,-2.594668101143229,4598.784172746145,-933.1529614994171,0.009999500037496875,0.0002896321344847412,8.162360153660888e-06
7.466327138418819,47.10922523756181,7.606053392570268,0.1790235971856673,-1.830526020895962,34.33729023534953,-1,34.65,-2.289220986276429,29.11408193848819,0.0002952623113481438,8.321028774356782e-06,-2.588510821686585,4571.890922262703,-925.3404614994172,0.009999500037496875,0.0002952623113481438,8.321028774356782e-06
8.247616199942307,46.99293299118226,7.922491265221002,0.1862794395603275,-1.838921635362084,34.33412488262076,-1,34.65,-2.288295433344565,29.20168681751325,0.0003006443676830164,8.472704907430464e-06,-2.582384134475226,4555.45048971802,-917.5279614994171,0.009999500037496875,0.0003006443676830164,8.472704907430464e-06
9.028905261465797,46.89281799929854,8.232292055244145,0.193095969129088,-1.846121348105266,34.33141027289358,-1,34.65,-2.286975102493742,29.28240202954077,0.0003058040622451263,8.618114481453561e-06,-2.576283274837858,4546.774354529694,-909.715461499417,0.009999500037496875,0.0003058040622451263,8.618114481453561e-06
9.810194322989284,46.80538914411621,8.536504136069707,0.1995320964087206,-1.852303893713309,34.32907896862787,-1,34.65,-2.285317630289519,29.35723344831523,0.000310763253251866,8.757873500734405e-06,-2.570204378603433,4543.982627209029,-901.9029614994171,0.009999500037496875,0.000310763253251866,8.757873500734405e-06
10.59148338451277,46.72777564026999,8.835928717628194,0.2056352093887084,-1.857615011762515,34.3270759984786,-1,34.65,-2.283370305131331,29.4270063513137,0.0003155405926371581,8.892507610683546e-06,-2.56414429591388,4545.724439482312,-894.090461499417,0.009999500037496875,0.0003155405926371581,8.892507610683546e-06
11.37277244603626,46.65762222584688,9.13119507564145,0.2114440008995818,-1.862174341027466,34.32535624722917,-1,34.65,-2.281172155836003,29.49240186971985,0.0003201520955340931,9.022468146869895e-06,-2.558100441667288,4551.006325474169,-886.277961499417,0.009999500037496875,0.0003201520955340931,9.022468146869895e-06
12.15406150755975,46.59299499603227,9.422808832227732,0.2169904811566968,-1.866080816584504,34.32388241463127,-1,34.65,-2.278755610933006,29.55398594645636,0.0003246116008159042,9.148145113902754e-06,-2.552070678559428,4559.083005063579,-878.4654614994171,0.009999500037496875,0.0003246116008159042,9.148145113902754e-06
12.93535056908324,46.53230246289111,9.711184114086452,0.2223014409252891,-1.869416859013962,34.3226234321768,-1,34.65,-2.27614780083462,29.61223206166778,0.0003289311418387234,9.269877633636752e-06,-2.546053226364787,4569.385685659958,-870.652961499417,0.009999500037496875,0.0003289311418387234,9.269877633636752e-06
13.71663963060672,46.47423126418823,9.996665673242704,0.2273995353945943,-1.872251625747203,34.32155323493909,-1,34.65,-2.273371577403532,29.66753902622122,0.0003331212450808108,9.387962361368304e-06,-2.540046591563066,4581.473706214772,-862.840461499417,0.009999500037496875,0.0003331212450808108,9.387962361368304e-06
14.49792869213021,46.41769442828025,10.27954453674193,0.2323041006293849,-1.874643544506442,34.32064980496769,-1,34.65,-2.270446314248988,29.7202449484805,0.0003371911715255386,9.502660288446996e-06,-2.534049512525705,4595.001143152953,-855.0279614994168,0.009999500037496875,0.0003371911715255386,9.502660288446996e-06
15.2792177536537,46.36178990559839,10.56006935435502,0.2370317778915524,-1.876642299049257,34.31989442172075,-1,34.65,-2.267388537982002,29.77063825097637,0.0003411491127261224,9.614202267736178e-06,-2.528060916565655,4609.693261439623,-847.2154614994168,0.009999500037496875,0.0003411491127261224,9.614202267736178e-06
16.06050681517719,46.30576732022865,10.83845480748856,0.2415969975651563,-1.878290396252578,34.31927107068125,-1,34.65,-2.264212429149546,29.81896641271361,0.0003450023509649213,9.722793527193237e-06,-2.522079886051092,4625.329596267738,-839.4029614994168,0.009999500037496875,0.0003450023509649213,9.722793527193237e-06
16.84179587670068,46.24900124485122,11.11488796141267,0.2460123589006574,-1.879624411668013,34.318765973412,-1,34.65,-2.260930222360074,29.86544295216436,0.0003487573908687208,9.828617379027587e-06,-2.516105631477564,4641.731594079362,-831.5904614994168,0.009999500037496875,0.0003487573908687208,9.828617379027587e-06
17.62308493822416,46.19096963889792,11.38953314671728,0.2502889313644977,-1.880675986642111,34.31836721141348,-1,34.65,-2.257552528029973,29.91025304238948,0.0003524200682253134,9.931838286349741e-06,-2.510137469915048,4658.753447660467,-823.7779614994168,0.009999500037496875,0.0003524200682253134,9.931838286349741e-06
18.40437399974765,46.13123637655038,11.66253576840551,0.2544364962403861,-1.881472632183655,34.31806442293097,-1,34.65,-2.254088592823743,29.95355805624235,0.0003559956404916943,1.003260441385684e-05,-2.504174807635001,4676.275206854859,-815.9654614994167,0.009999500037496875,0.0003559956404916943,1.003260441385684e-05
19.18566306127114,46.06943702307178,11.9340253193352,0.2584637421579807,-1.882038381451768,34.31784855689181,-1,34.65,-2.250546511834331,29.99549926934163,0.000359488862515199,1.013104976179197e-05,-2.498217126010957,4694.197535500411,-808.1529614994168,0.009999500037496875,0.000359488862515199,1.013104976179197e-05
19.96695212279462,46.0052672008587,12.20411779391751,0.2623784247104111,-1.882394322835008,34.31771167189924,-1,34.65,-2.246933402525614,30.03620089571655,0.0003629040502415968,1.022729596135409e-05,-2.492263970000883,4712.437675968023,-800.3404614994168,0.009999500037496875,0.0003629040502415968,1.022729596135409e-05
20.74824118431811,45.93847302914671,12.47291764321692,0.2661874978019049,-1.882559038192003,34.31764677100551,-1,34.65,-2.243255548181283,30.07577259127795,0.0003662451346067376,1.032145379346261e-05,-2.486314938679671,4730.926310908207,-792.5279614994168,0.009999500037496875,0.0003662451346067376,1.032145379346261e-05
21.5295302458416,45.86884323187995,12.74051937477203,0.2698972225356878,-1.882548965265619,34.3176476650878,-1,34.65,-2.239518516881789,30.11431153020476,0.0003695157073607279,1.041362448016597e-05,-2.480369677410587,4749.605099438429,-784.7154614994168,0.009999500037496875,0.0003695157073607279,1.041362448016597e-05
22.31081930736508,45.79620259393671,13.0070088738795,0.273513258105585,-1.8823786990816,34.31770885923694,-1,34.65,-2.235727260721267,30.15190413647839,0.0003727190602250362,1.050390078816011e-05,-2.474427871335333,4768.424725811555,-776.9029614994168,0.009999500037496875,0.0003727190602250362,1.050390078816011e-05
23.09210836888857,45.72040651240243,13.27246450410883,0.2770407381530766,-1.882061243946902,34.31782545777601,-1,34.65,-2.231886198974679,30.18862753531628,0.0003758582185101796,1.059236797619597e-05,-2.468489239931622,4787.343341399595,-769.0904614994168,0.009999500037496875,0.0003758582185101796,1.059236797619597e-05
23.87339743041206,45.64133644132675,13.53695803107249,0.2804843352986172,-1.881608225215994,34.3179930844495,-1,34.65,-2.227999288154777,30.22455077580666,0.0003789359701070455,1.067910461210764e-05,-2.462553532440012,4806.325311338353,-761.2779614994167,0.009999500037496875,0.0003789359701070455,1.067910461210764e-05
24.65468649193554,45.55889606882838,13.80055540338369,0.2838483159845487,-1.881030068107392,34.31820781503608,-1,34.65,-2.224070081301926,30.25973586563474,0.0003819548905951981,1.076418328041013e-05,-2.456620524002623,4825.340199196873,-753.4654614994168,0.009999500037496875,0.0003819548905951981,1.076418328041013e-05
25.43597555345903,45.47300809711547,14.06331741723262,0.2871365873291491,-1.880336149389673,34.31846612018966,-1,34.65,-2.220101778385076,30.29423865068098,0.00038491736507654,1.084767119761158e-05,-2.450690012387924,4844.361939104334,-745.6529614994168,0.009999500037496875,0.00038491736507654,1.084767119761158e-05
26.21726461498251,45.38361152097409,14.32530028536934,0.2903527373531318,-1.87953492661411,34.31876481674495,-1,34.65,-2.216097269328166,30.32810956591814,0.0003878256072347888,1.092963074934405e-05,-2.444761815200542,4863.368156616915,-737.8404614994167,0.009999500037496875,0.0003878256072347888,1.092963074934405e-05
26.998553676506,45.29065932005113,14.58655612699271,0.2935000696764659,-1.878634048674078,34.31910102606173,-1,34.65,-2.212059170889249,30.36139427902605,0.0003906816760344787,1.101011996097167e-05,-2.438835767494393,4882.339608431856,-730.0279614994168,0.009999500037496875,0.0003906816760344787,1.101011996097167e-05
27.77984273802949,45.19411649598339,14.84713339175015,0.2965816335766699,-1.877640450762658,34.3194721382498,-1,34.65,-2.207989858392186,30.39413424417329,0.0003934874904031352,1.108919291136108e-05,-2.43291171972277,4901.25971768809,-722.2154614994168,0.009999500037496875,0.0003934874904031352,1.108919291136108e-05
28.56113179955297,45.0939583979865,15.10707722850093,0.299600250136308,-1.876560436236801,34.3198757813287,-1,34.65,-2.203891493129517,30.42636718025237,0.0003962448421833444,1.116690009789425e-05,-2.426989535971191,4920.114186620065,-714.4029614994168,0.009999500037496875,0.0003962448421833444,1.116690009789425e-05
29.34242086107646,44.99016929060066,15.36642980749839,0.3025585350774218,-1.875399747446538,34.32030979454618,-1,34.65,-2.199766046109879,30.45812748531977,0.00039895540759503,1.12432887594963e-05,-2.421069092428552,4938.890672173169,-706.5904614994168,0.009999500037496875,0.00039895540759503,1.12432887594963e-05
30.12370992259995,44.88274112541468,15.62523060307322,0.3054589187764908,-1.87416362722644,34.32077220521545,-1,34.65,-2.195615318706411,30.4894465969521,0.0004016207574101772,1.131840316337772e-05,-2.415150276059901,4957.578513147148,-698.7779614994167,0.009999500037496875,0.0004016207574101772,1.131840316337772e-05
30.90499898412343,44.77167248516852,15.88351664264999,0.3083036638696331,-1.872856872454918,34.32126120854155,-1,34.65,-2.191440960667958,30.5203533065777,0.0004042423660108896,1.139228486030689e-05,-2.409232983450487,4976.168499728035,-690.9654614994168,0.009999500037496875,0.0004042423660108896,1.139228486030689e-05
31.68628804564692,44.65696767398303,16.1413227269274,0.3110948807898062,-1.871483880850424,34.32177514999594,-1,34.65,-2.187244485877929,30.55087403450041,0.0004068216194757659,1.146497291249885e-05,-2.403317119795824,4994.652678060397,-683.1529614994168,0.009999500037496875,0.0004068216194757659,1.146497291249885e-05
32.46757710717041,44.53863593183093,16.39868162524772,0.3138345415223814,-1.870048691980869,34.32231250987149,-1,34.65,-2.183027286182874,30.58103307123591,0.0004093598228180212,1.153650409759878e-05,-2.397402598016693,5013.024183919213,-675.3404614994167,0.009999500037496839,0.0004093598228180212,1.153650409759878e-05
33.24886616869389,44.41669075493787,16.65562424952687,0.3165244918201346,-1.868555023304845,34.3228718897092,-1,34.65,-2.178790643561251,30.61085278988124,0.0004118582064808389,1.160691309173273e-05,-2.391489337981393,5031.277100653762,-667.5279614994168,0.009999500037496839,0.0004118582064808389,1.160691309173273e-05
34.03015523021738,44.29114930674623,16.9121798095829,0.3191664620813945,-1.867006301933538,34.32345200033718,-1,34.65,-2.174535740860445,30.64035383349718,0.0004143179321803977,1.167623263417485e-05,-2.385577265820377,5049.406337460432,-659.7154614994168,0.009999500037496839,0.0004143179321803977,1.167623263417485e-05
34.81144429174087,44.16203190650223,17.16837595226395,0.3217620770642306,-1.865405692695199,34.32405165130251,-1,34.65,-2.170263671294969,30.66955528087108,0.0004167400981743806,1.174449367582345e-05,-2.37966631332069,5067.407524749569,-651.902961499417,0.009999500037496839,0.0004167400981743806,1.174449367582345e-05
35.59273335326435,44.02936158453771,17.42423888641514,0.3243128645839638,-1.863756122995353,34.32466974151007,-1,34.65,-2.165975446869634,30.69847479351794,0.0004191257440231205,1.181172551337885e-05,-2.373756417389584,5085.276923939517,-644.090461499417,0.009999500037496839,0.0004191257440231205,1.181172551337885e-05
36.37402241478784,43.89316369499209,17.67979349542494,0.3268202633199169,-1.862060304892115,34.3253052509105,-1,34.65,-2.161672005867181,30.72712874635472,0.0004214758549015172,1.187795591086094e-05,-2.367847519578227,5103.011349470767,-636.277961499417,0.009999500037496839,0.0004214758549015172,1.187795591086094e-05
37.15531147631133,43.75346557811265,17.9350634388421,0.3292856298394345,-1.860320754744443,34.32595723310228,-1,34.65,-2.15735421951957,30.75553234412765,0.0004237913655121955,1.194321120988914e-05,-2.361939565657817,5120.608101205749,-628.465461499417,0.009999500037496839,0.0004237913655121955,1.194321120988914e-05
37.93660053783481,43.61029626543753,18.190071244346,0.3317102449321636,-1.858539810739483,34.32662480873272,-1,34.65,-2.153022897965046,30.78369972537505,0.0004260731636438473,1.200751642996297e-05,-2.356032505241441,5138.064905683705,-620.6529614994171,0.009999500037496839,0.0004260731636438473,1.200751642996297e-05
38.7178895993583,43.46368622214797,18.44483839117653,0.3340953193349165,-1.856719648561844,34.32730715959866,-1,34.65,-2.148678795578786,30.81164405545776,0.0004283220934131403,1.207089535982486e-05,-2.35012629144606,5155.379864949053,-612.8404614994171,0.009999500037496839,0.0004283220934131403,1.207089535982486e-05
39.49917866088179,43.31366712169426,18.69938538598348,0.3364419989166643,-1.854862295431,34.32800352336189,-1,34.65,-2.144322615752769,30.83937760997754,0.0004305389582237585,1.213337064085138e-05,-2.344220880589692,5172.551411875959,-605.027961499417,0.009999500037496839,0.0004305389582237585,1.213337064085138e-05
40.28046772240527,43.16027164850082,18.95373183192785,0.3387513693841118,-1.852969642702105,34.32871318880544,-1,34.65,-2.139955015190271,30.86691184972453,0.000432724523472069,1.219496384330376e-05,-2.338316231919608,5189.578271080965,-597.2154614994171,0.009999500037496839,0.000432724523472069,1.219496384330376e-05
41.06175678392876,43.0035333251394,19.20789649176179,0.3410244605605103,-1.851043457199182,34.32943549156741,-1,34.65,-2.135576607771639,30.89425748814281,0.0004348795190253392,1.225569553616865e-05,-2.332412307367869,5206.459424655241,-589.4029614994172,0.009999500037496839,0.0004348795190253392,1.225569553616865e-05
41.84304584545225,42.84348636086017,19.46189734552285,0.3432622502836982,-1.849085391427345,34.33016981029679,-1,34.65,-2.131187968040552,30.92142455217271,0.0004370046414953646,1.2315585351233e-05,-2.326509071331063,5223.194082064354,-581.5904614994172,0.009999500037496839,0.0004370046414953646,1.2315585351233e-05
42.62433490697573,42.68016551879668,19.71575164339876,0.3454656679636794,-1.847096992791581,34.33091556318345,-1,34.65,-2.126789634353657,30.94842243721816,0.0004391005563277339,1.237465204196341e-05,-2.320606490471468,5239.781653660682,-573.7779614994172,0.009999500037496839,0.0004391005563277339,1.237465204196341e-05
43.40562396849922,42.51360599951692,19.96947595425354,0.3476355978351079,-1.845079711933309,34.33167220482025,-1,34.65,-2.122382111730952,30.97525995689173,0.0004411678997246164,1.243291353769374e-05,-2.314704533537257,5256.221727334623,-565.9654614994172,0.009999500037496839,0.0004411678997246164,1.243291353769374e-05
44.1869130300227,42.34384333890873,20.22308621024615,0.3497728819358317,-1.8430349102819,34.33243922336085,-1,34.65,-2.117965874439686,31.00194538810872,0.0004432072804169779,1.249038699356938e-05,-2.308803171199633,5272.514047899203,-558.1529614994173,0.009999500037496839,0.0004432072804169779,1.249038699356938e-05
44.96820209154619,42.1709133186471,20.47659774792384,0.3518783228389732,-1.840963866906304,34.33321613794094,-1,34.65,-2.113541368340437,31.02848651203108,0.0004452192813003522,1.254708883664629e-05,-2.302902375905072,5288.6584988601,-550.3404614994173,0.009999500037496839,0.0004452192813003522,1.254708883664629e-05
45.74949115306968,41.99485188772101,20.73002534612838,0.3539526861628476,-1.838867784741493,34.33400249633488,-1,34.65,-2.109109013020608,31.05489065130108,0.0004472044609467724,1.260303480849995e-05,-2.297002121741045,5304.655086271714,-542.5279614994173,0.009999500037496839,0.0004472044609467724,1.260303480849995e-05
46.53078021459316,41.81569509369245,20.98338326101554,0.3559967028802554,-1.836747796255473,34.33479787282302,-1,34.65,-2.104669203737535,31.08116470395251,0.0004491633550041138,1.265824000466139e-05,-2.291102384313816,5320.503924421093,-534.7154614994173,0.009999500037496839,0.0004491633550041138,1.265824000466139e-05
47.31206927611665,41.63347902252766,21.2366852584553,0.3580110714462762,-1.834604968614802,34.33560186624774,-1,34.65,-2.10022231319078,31.10731517434074,0.0004510964774929128,1.271271891116391e-05,-2.285203140637052,5336.20522311652,-526.9029614994174,0.009999500037496839,0.0004510964774929128,1.271271891116391e-05
48.09335833764014,41.4482397459881,21.48994464405143,0.3599964597615828,-1.832440308399788,34.33641409823903,-1,34.65,-2.095768693140951,31.13334820139432,0.0004530043220096871,1.276648543845482e-05,-2.279304369030153,5351.759276387359,-519.0904614994174,0.009999500037496839,0.0004530043220096871,1.276648543845482e-05
48.87464739916362,41.26001327569284,21.74317429099338,0.3619535069864561,-1.83025476591465,34.33723421159262,-1,34.65,-2.091308675890357,31.15926958445551,0.0004548873628448601,1.28195529529006e-05,-2.273406049025314,5367.166452427275,-511.2779614994174,0.009999500037496839,0.0004548873628448601,1.28195529529006e-05
49.65593646068711,41.06883552307364,21.9963866659319,0.3638828252190549,-1.828049239132799,34.33806186878542,-1,34.65,-2.086842575639121,31.18508480694702,0.0004567460560225732,1.28719343060907e-05,-2.267508161282461,5382.427184634694,-503.4654614994174,0.009999500037496839,0.0004567460560225732,1.28719343060907e-05
50.4372255222106,40.87474226453914,22.24959385304961,0.3657850010500752,-1.825824577312877,34.33889675061481,-1,34.65,-2.082370689728837,31.21079905807645,0.0004585808402689501,1.292364186212496e-05,-2.261610687511285,5397.541963623083,-495.6529614994174,0.009999500037496839,0.0004585808402689501,1.292364186212496e-05
51.21851458373408,40.67776911124719,22.50280757648008,0.3676605970046908,-1.823581584317282,34.3397385549501,-1,34.65,-2.077893299784536,31.23641725276579,0.0004603921379147491,1.297468752305202e-05,-2.255713610399697,5412.511330089869,-487.8404614994175,0.009999500037496839,0.0004603921379147491,1.297468752305202e-05
51.99980364525757,40.47795148295514,22.75603922121546,0.3695101528815264,-1.821321021661462,34.34058699558516,-1,34.65,-2.073410672764575,31.26194404997414,0.0004621803557377359,1.302508275260892e-05,-2.249816913548086,5427.335868446451,-480.0279614994175,0.009999500037496839,0.0004621803557377359,1.302508275260892e-05
52.78109270678105,40.27532458548155,23.00929985262635,0.3713341869974784,-1.819043611319185,34.341441801183,-1,34.65,-2.068923061927006,31.28738386956281,0.0004639458857496472,1.307483859839915e-05,-2.243920581408842,5442.01620112404,-472.2154614994176,0.009999500037496839,0.0004639458857496472,1.307483859839915e-05
53.56238176830454,40.06992339136752,23.26260023470827,0.3731331973462883,-1.816750038306378,34.34230271430364,-1,34.65,-2.064430707720134,31.31274090783731,0.0004656891059321182,1.312396571263242e-05,-2.238024599230655,5456.552983480219,-464.4029614994175,0.009999500037496839,0.0004656891059321182,1.312396571263242e-05
54.34367082982803,39.861782623373,23.5159508471564,0.374907662678032,-1.814440953063718,34.34316949050776,-1,34.65,-2.05993383860411,31.33801915188574,0.0004674103809255772,1.317247437153899e-05,-2.232128953007151,5470.946899240314,-456.5904614994176,0.009999500037496839,0.0004674103809255772,1.317247437153899e-05
55.12495989135152,39.65093674048633,23.76936190136212,0.3766580435059759,-1.812116973656111,34.34404189752926,-1,34.65,-2.055432671809747,31.36322239282183,0.0004691100626747172,1.322037449356021e-05,-2.226233629429483,5485.198656415306,-448.7779614994176,0.009999500037496839,0.0004691100626747172,1.322037449356021e-05
55.906248952875,39.43741992616077,24.02284335541524,0.3783847830466612,-1.809778687805326,34.34491971451055,-1,34.65,-2.050927414040109,31.38835423802883,0.0004707884910338563,1.326767565640868e-05,-2.220338615842511,5499.308983645033,-440.9654614994177,0.009999500037496839,0.0004707884910338563,1.326767565640868e-05
56.68753801439848,39.22126607852822,24.27640492818819,0.3800883080985247,-1.807426654770427,34.34580273129521,-1,34.65,-2.046418262119859,31.41341812249219,0.0004724459943351947,1.331438711308276e-05,-2.214443900204272,5513.278626921338,-433.1529614994177,0.009999500037496839,0.0004724459943351947,1.331438711308276e-05
57.46882707592197,39.00250880236159,24.53005611257318,0.3817690298638567,-1.805061407089194,34.34669074777293,-1,34.65,-2.041905403596875,31.43841731929875,0.0004740828899227015,1.33605178069125e-05,-2.208549471048446,5527.108346650873,-425.3404614994178,0.009999500037496839,0.0004740828899227015,1.33605178069125e-05
58.25011613744546,38.78118140259028,24.78380618793507,0.3834273447184873,-1.802683452192418,34.34758357327226,-1,34.65,-2.037389017300191,31.46335494937407,0.0004756994846541484,1.340607638570782e-05,-2.202655317449557,5540.798915021999,-417.5279614994177,0.009999500037496839,0.0004756994846541484,1.340607638570782e-05
59.03140519896895,38.55731687919027,25.03766423183797,0.3850636349331888,-1.800293273901825,34.34848102599715,-1,34.65,-2.032869273857925,31.48823399052127,0.0004772960753735901,1.34510712150739e-05,-2.196761428990694,5554.351113644271,-409.7154614994178,0.009999500037496839,0.0004772960753735901,1.34510712150739e-05
59.81269426049244,38.33094792329194,25.29163913109947,0.3866782693504169,-1.797891333821333,34.34938293250372,-1,34.65,-2.028346336178544,31.51305728582003,0.0004788729493563806,1.349551039095254e-05,-2.19086779573352,5567.765731432222,-401.9029614994178,0.009999500037496839,0.0004788729493563806,1.349551039095254e-05
60.59398332201592,38.10210691436519,25.54573959222081,0.3882716040197106,-1.795478072630447,34.35028912721368,-1,34.65,-2.023820359898436,31.53782755143768,0.0004804303847286588,1.353940175144402e-05,-2.184974408190401,5581.043562708543,-394.0904614994179,0.009999500037496839,0.0004804303847286588,1.353940175144402e-05
61.3752723835394,37.87082591835845,25.79997415123708,0.3898439827947887,-1.793053911287758,34.3511994519618,-1,34.65,-2.019291493798554,31.56254738390048,0.0004819686508630798,1.358275288795952e-05,-2.179081257298468,5594.185405504382,-386.2779614994179,0.009999500037496839,0.0004819686508630798,1.358275288795952e-05
62.15656144506289,37.63713668667887,26.05435118302947,0.3913957378951001,-1.790619252151799,34.35211375557426,-1,34.65,-2.014759880192594,31.58721926686801,0.0004834880087524038,1.362557115574956e-05,-2.173188334395462,5607.192060036806,-378.4654614994179,0.009999500037496839,0.0004834880087524038,1.362557115574956e-05
62.93785050658638,37.4010706559159,26.30887891013617,0.3929271904343789,-1.788174480025822,34.35303189347573,-1,34.65,-2.010225655288951,31.61184557745016,0.0004849887113624524,1.366786368385093e-05,-2.167295631197216,5620.064327345694,-370.6529614994179,0.009999500037496839,0.0004849887113624524,1.366786368385093e-05
63.71913956810987,37.16265894822055,26.56356541109691,0.3944386509185275,-1.785719963132498,34.35395372732287,-1,34.65,-2.005688949528541,31.6364285921027,0.0004864710039658046,1.370963738449086e-05,-2.161403139776657,5632.803008074213,-362.8404614994179,0.009999500037496839,0.0004864710039658046,1.370963738449086e-05
64.50042862963335,36.92193237225888,26.81841862836345,0.3959304197149601,-1.783256054023967,34.354879124662,-1,34.65,-2.00114988790031,31.66097049213357,0.000487935124457498,1.375089896198403e-05,-2.15551085254419,5645.408901378552,-355.0279614994179,0.009999500037496839,0.000487935124457498,1.375089896198403e-05
65.28171769115684,36.67892142467385,27.07344637580419,0.3974027874953848,-1.780783090432247,34.35580795860936,-1,34.65,-1.996608590236184,31.68547336885039,0.0004893813036539233,1.379165492115602e-05,-2.149618762229373,5657.882803954327,-347.215461499418,0.009999500037496839,0.0004893813036539233,1.379165492115602e-05
66.06300675268034,36.43365629198829,27.32865634583142,0.398856035653812,-1.778301396064492,34.35674010755204,-1,34.65,-1.992065171486977,31.70993922837556,0.0004908097655759761,1.383191157532296e-05,-2.143726861863789,5670.225509168076,-339.4029614994179,0.009999500037496839,0.0004908097655759761,1.383191157532296e-05
66.84429581420383,36.18616685289612,27.58405611617532,0.4002904367014658,-1.775811281347296,34.35767545486804,-1,34.65,-1.987519741980707,31.73436999615446,0.0004922207277174812,1.387167505385629e-05,-2.137835144764996,5682.437806283642,-331.5904614994179,0.009999500037496839,0.0004922207277174812,1.387167505385629e-05
67.62558487572731,35.93648268089049,27.83965315632786,0.401706254640132,-1.773313044123793,34.35861388866424,-1,34.65,-1.982972407664624,31.75876752117918,0.0004936144012998133,1.391095130935838e-05,-2.131943604521517,5694.520479774289,-323.7779614994179,0.009999500037496839,0.0004936144012998133,1.391095130935838e-05
68.40687393725081,35.68463304718458,28.09545483367864,0.4031037453153493,-1.770806970307049,34.35955530153061,-1,34.65,-1.978423270332116,31.78313357994868,0.00049499099151357,1.394974612447334e-05,-2.126052234978761,5706.474308712115,-315.9654614994178,0.009999500037496839,0.00049499099151357,1.394974612447334e-05
69.1881629987743,35.43064692388427,28.35146841936223,0.4044831567507541,-1.76829333449293,34.36049959030982,-1,34.65,-1.973872427835626,31.80746988018446,0.000496350697748091,1.398806511835529e-05,-2.12016103022581,5718.30006622739,-308.1529614994178,0.009999500037496839,0.000496350697748091,1.398806511835529e-05
69.9694520602978,35.17455298737887,28.60770109383488,0.405844729464796,-1.765772400535352,34.36144665588098,-1,34.65,-1.969319974286553,31.8317780643193,0.0004976937138095756,1.402591375281531e-05,-2.114269984583037,5729.998519031096,-300.3404614994177,0.009999500037496839,0.0004976937138095756,1.402591375281531e-05
70.75074112182129,34.91637962191635,28.86415995219881,0.4071886967709243,-1.763244422086601,34.36239640295639,-1,34.65,-1.964766000243079,31.85605971277526,0.0004990202281284643,1.406329733816581e-05,-2.108379092590458,5741.570426994517,-292.5279614994176,0.009999500037496839,0.0004990202281284643,1.406329733816581e-05
71.53203018334479,34.65615492333507,29.12085200928876,0.4085152850623006,-1.760709643105195,34.36334873989068,-1,34.65,-1.960210592886763,31.88031634704549,0.0005003304239567434,1.410022103878095e-05,-2.102488348996792,5753.016542780525,-284.7154614994176,0.009999500037496839,0.0005003304239567434,1.410022103878095e-05
72.31331924486828,34.39390670292778,29.37778420453666,0.409824714081979,-1.758168298333544,34.36430357850119,-1,34.65,-1.955653836188678,31.90454943259375,0.0005016244795557478,1.413668987838925e-05,-2.096597748749175,5764.337611521478,-276.9029614994175,0.009999500037496839,0.0005016244795557478,1.413668987838925e-05
73.09460830639178,34.12966249141347,29.63496340662725,0.4111171971794583,-1.755620613747496,34.36526083389896,-1,34.65,-1.951095811065831,31.92876038158419,0.0005029025683750275,1.417270874511441e-05,-2.090707286983467,5775.534370539394,-269.0904614994175,0.009999500037496839,0.0005029025683750275,1.417270874511441e-05
73.87589736791527,33.86344954299861,29.89239641795811,0.4123929415544262,-1.753066806979705,34.36622042432958,-1,34.65,-1.946536595528494,31.95295055545266,0.0005041648592227884,1.420828239627858e-05,-2.084816959015142,5786.607549104275,-261.2779614994175,0.009999500037496839,0.0005041648592227884,1.420828239627858e-05
74.65718642943877,33.59529483950841,30.15008997891593,0.4136521484884596,-1.750507087718574,34.36718227102318,-1,34.65,-1.941976264819096,31.97712126733052,0.000505411516428379,1.424341546298159e-05,-2.078926760330685,5797.557868226921,-253.4654614994174,0.009999500037496839,0.000505411516428379,1.424341546298159e-05
75.43847549096226,33.32522509457284,30.40805077197973,0.4148950135654079,-1.747941658084433,34.36814629805303,-1,34.65,-1.937414891543212,32.00127378433081,0.0005066426999972884,1.427811245446904e-05,-2.073036686579496,5808.386040483008,-245.6529614994174,0.009999500037496839,0.0005066426999972884,1.427811245446904e-05
76.21976455248576,33.05326675785388,30.66628542566204,0.4161217268811117,-1.745370712984451,34.36911243220216,-1,34.65,-1.932852545793189,32.02540932970563,0.000507858565759058,1.431237776230073e-05,-2.06714673356624,5819.092769865335,-237.8404614994174,0.009999500037496839,0.000507858565759058,1.431237776230073e-05
77.00105361400925,32.77944601929921,30.92480051829754,0.4173324732430816,-1.742794440447677,34.37008060283733,-1,34.65,-1.928289295264878,32.04952908488344,0.0005090592655085033,1.434621566433055e-05,-2.061256897243636,5829.678751661564,-230.0279614994173,0.009999500037496839,0.0005090592655085033,1.434621566433055e-05
77.78234267553273,32.50378881341366,31.18360258168796,0.4185274323607166,-1.740213021941523,34.37105074179013,-1,34.65,-1.923725205367933,32.073634191394,0.0005102449471406156,1.437963032850826e-05,-2.055367173705631,5840.144672355006,-222.2154614994173,0.009999500037496839,0.0005102449471406156,1.437963032850826e-05
78.56363173705623,32.2263208235367,31.44269810461246,0.4197067790265941,-1.737626632670865,34.37202278324454,-1,34.65,-1.919160339330081,32.09772575268804,0.0005114157547794776,1.441262581651255e-05,-2.049477559180969,5850.491209546161,-214.4029614994172,0.009999500037496839,0.0005114157547794776,1.441262581651255e-05
79.34492079857972,31.94706748611731,31.70209353621097,0.4208706832893385,-1.735035441860891,34.37299666363059,-1,34.65,-1.914594758295745,32.12180483585845,0.0005125718289015169,1.444520608722457e-05,-2.043588050027089,5860.719031893028,-206.5904614994172,0.009999500037496839,0.0005125718289015169,1.444520608722457e-05
80.12620986010322,31.66605399498024,31.96179528924783,0.4220193106185415,-1.732439613024709,34.37397232152377,-1,34.65,-1.910028521419389,32.14587247326934,0.0005137133064534034,1.447737500005046e-05,-2.037698642724369,5870.828799068357,-198.7779614994171,0.009999500037496839,0.0005137133064534034,1.447737500005046e-05
80.90749892162671,31.38330530557437,32.22180974326341,0.4231528220621649,-1.729839304216688,34.37494969754985,-1,34.65,-1.905461685953901,32.16992966409851,0.0005148403209648607,1.450913631810062e-05,-2.031809333870663,5880.821161732095,-190.9654614994171,0.009999500037496839,0.0005148403209648607,1.450913631810062e-05
81.68878798315021,31.09884613919873,32.48214324761994,0.4242713743968398,-1.727234668272404,34.37592873429464,-1,34.65,-1.900894307334326,32.19397737579878,0.0005159530026566624,1.454049371123321e-05,-2.025920120176139,5890.696761517573,-183.152961499417,0.009999500037496839,0.0005159530026566624,1.454049371123321e-05
82.4700770446737,30.81270098720069,32.74280212444756,0.4253751202714506,-1.724625853036029,34.37690937621856,-1,34.65,-1.896326439257246,32.21801654548324,0.0005170514785440623,1.457145075896903e-05,-2.020030998458379,5900.456231030014,-175.340461499417,0.009999500037496839,0.0005170514785440623,1.457145075896903e-05
83.2513661061972,30.52489411514092,33.00379267149705,0.4264642083443571,-1.722013001575915,34.3778915695756,-1,34.65,-1.891758133756042,32.24204808123884,0.000518135872535885,1.460201095328403e-05,-2.014141965637738,5910.100193856116,-167.5279614994169,0.009999500037496839,0.000518135872535885,1.460201095328403e-05
84.03265516772069,30.23544956692315,33.26512116490397,0.4275387834145983,-1.719396252389107,34.37887526233646,-1,34.65,-1.887189441272331,32.26607286337304,0.0005192063055295055,1.463217770128606e-05,-2.008253018732935,5919.629264583578,-159.7154614994169,0.009999500037496839,0.0005192063055295055,1.463217770128606e-05
84.81394422924419,29.94439116888217,33.52679386187036,0.4285989865473879,-1.716775739595425,34.37986040411564,-1,34.65,-1.882620410723757,32.29009174559688,0.0005202628955019108,1.466195432778112e-05,-2.002364154856882,5929.044048829483,-151.9029614994168,0.009999500037496839,0.0005202628955019108,1.466195432778112e-05
85.59523329076768,29.65174253383018,33.78881700326778,0.4296449551942054,-1.714151593121759,34.3808469461021,-1,34.65,-1.87805108956839,32.31410555614892,0.000521305757597051,1.469134407773507e-05,-1.996475371212707,5938.345143276654,-144.0904614994168,0.009999500037496839,0.000521305757597051,1.469134407773507e-05
86.37652235229118,29.3575270650576,34.05119681616743,0.4306768233077553,-1.711523938877137,34.38183484099357,-1,34.65,-1.873481523865915,32.33811509886317,0.0005223350042096508,1.472035011863561e-05,-1.990586665089987,5947.53313571707,-136.2779614994168,0.009999500037496839,0.0005223350042096508,1.472035011863561e-05
87.15781141381466,29.06176796028596,34.31393951630098,0.4316947214520592,-1.708892898919112,34.38282404293393,-1,34.65,-1.868911758335808,32.36212115418416,0.0005233507450656595,1.474897554275949e-05,-1.98469803386117,5956.60860510156,-128.4654614994167,0.009999500037496839,0.0005233507450656595,1.474897554275949e-05
87.93910047533815,28.76448821557136,34.57705131045643,0.4326987769079291,-1.706258591611968,34.38381450745381,-1,34.65,-1.864341836412651,32.38612448013254,0.0005243530872995005,1.477722336934956e-05,-1.978809474978159,5965.572121595108,-120.6529614994167,0.009999500037496839,0.0005243530872995005,1.477722336934956e-05
88.72038953686165,28.46571062915775,34.84053839881308,0.4336891137740491,-1.703621131777219,34.38480619141403,-1,34.65,-1.859771800298779,32.41012581322379,0.000525342135528272,1.480509654670585e-05,-1.97292098596908,5974.424246637064,-112.8404614994166,0.009999500037496839,0.000525342135528272,1.480509654670585e-05
89.50167859838514,28.16545780527813,35.1044069772192,0.4346658530638853,-1.700980630836839,34.38579905295177,-1,34.65,-1.855201691014397,32.43412586934277,0.0005263179919230424,1.483259795419483e-05,-1.967032564435192,5983.165533005682,-105.0279614994166,0.009999500037496839,0.0005263179919230424,1.483259795419483e-05
90.28296765990864,27.86375215790219,35.36866323941573,0.4356291127986325,-1.698337196949626,34.38679305142931,-1,34.65,-1.850631548445297,32.45812534457663,0.0005272807562773799,1.485973040418071e-05,-1.961144208047956,5991.796524886501,-97.21546149941652,0.009999500037496839,0.0005272807562773799,1.485973040418071e-05
91.06425672143213,27.56061591443163,35.63331337920985,0.4365790080963839,-1.695690935141096,34.38778814738527,-1,34.65,-1.846061411388335,32.48212491600837,0.0005282305260732393,1.48864966438822e-05,-1.955255914546232,6000.31775794396,-89.40296149941649,0.009999500037496839,0.0005282305260732393,1.48864966438822e-05
91.84554578295563,27.25607111934079,35.89836359260098,0.4375156512577134,-1.693041947427261,34.38878430248804,-1,34.65,-1.841491317594773,32.50612524247325,0.0005291673965443335,1.491289935715849e-05,-1.949367681733621,6008.729759395937,-81.59046149941645,0.009999500037496839,0.0005291673965443335,1.491289935715849e-05
92.62683484447912,26.95013963776252,36.16382007986271,0.4384391518478375,-1.690390332932628,34.38978147949148,-1,34.65,-1.836921303811604,32.53012696528008,0.0005300914607370995,1.493894116622735e-05,-1.943479507475918,6017.033048090717,-73.77796149941639,0.009999500037496839,0.0005300914607370995,1.493894116622735e-05
93.40812390600261,26.64284315902098,36.42968904758325,0.4393496167755214,-1.687736188002732,34.39077964219264,-1,34.65,-1.832351405820984,32.55413070889928,0.0005310028095693703,1.496462463331862e-05,-1.937591389698694,6025.228134586037,-65.96546149941635,0.009999500037496839,0.0005310028095693703,1.496462463331862e-05
94.18941296752611,26.33420320010841,36.69597671066728,0.4402471503688806,-1.685079606311507,34.39177875539139,-1,34.65,-1.82778165847786,32.57813708161962,0.000531901531886855,1.498995226226591e-05,-1.931703326384983,6033.315521229899,-58.15296149941631,0.009999500037496839,0.000531901531886855,1.498995226226591e-05
94.9707020290496,26.02424110910855,36.96268929430173,0.4411318544482256,-1.682420678963766,34.39277878485195,-1,34.65,-1.823212095745889,32.6021466761751,0.0005327877145175232,1.501492650003929e-05,-1.925815315573072,6041.295702242803,-50.34046149941626,0.009999500037496839,0.0005327877145175232,1.501492650003929e-05
95.7519910905731,25.71297806856589,37.22983303588797,0.4420038283960821,-1.679759494593057,34.39377969726608,-1,34.65,-1.818642750731758,32.62616007034385,0.0005336614423239886,1.50395497382215e-05,-1.919927355354402,6049.169163801173,-42.52796149941621,0.009999500037496839,0.0005336614423239886,1.50395497382215e-05
96.53328015209659,25.40043509880081,37.49741418694276,0.4428631692245217,-1.677096139455129,34.39478146021803,-1,34.65,-1.814073655717968,32.65017782752028,0.000534522798253976,1.506382431443023e-05,-1.914039443871549,6056.936384121695,-34.71546149941617,0.009999500037496839,0.000534522798253976,1.506382431443023e-05
97.31456921362008,25.086633061171,37.76543901497056,0.4437099716399162,-1.674430697517259,34.39578404215089,-1,34.65,-1.809504842194166,32.67420049726196,0.0005353718633889544,1.508775251368872e-05,-1.908151579316301,6064.597833546299,-26.90296149941612,0.009999500037496839,0.0005353718633889544,1.508775251368872e-05
98.09585827514357,24.77159266128177,38.03391380530865,0.4445443281052444,-1.671763250543629,34.39678741233459,-1,34.65,-1.804936340887123,32.6982286158127,0.0005362087169910214,1.511133656974697e-05,-1.902263759927828,6072.1539746277,-19.09046149941608,0.009999500037496839,0.0005362087169910214,1.511133656974697e-05
98.87714733666706,24.45533445214182,38.30284486294782,0.4453663289000487,-1.66909387817698,34.3977915408352,-1,34.65,-1.800368181789391,32.72226270660271,0.0005370334365481043,1.513457866635567e-05,-1.896375983990913,6079.605262215164,-11.27796149941603,0.009999500037496839,0.0005370334365481043,1.513457866635567e-05
99.65843639819056,24.13787883726881,38.57223851433068,0.4461760621781482,-1.666422658016727,34.39879639848557,-1,34.65,-1.795800394186739,32.74630328072747,0.000537846097817551,1.515748093849462e-05,-1.890488249834279,6086.952143540413,-3.465461499415988,0.009999500037496839,0.000537846097817551,1.515748093849462e-05
100.0049998750065,23.99668408388989,38.69188566445114,0.4465313377349007,-1.665237188840826,34.39924235832208,-1,34.65,-1.793774345626975,32.75696938266972,0.0005382027360121622,1.516753165125185e-05,-1.887876587131855,6090.17775342526,0,0.009999500037496839,0.0005382027360121622,1.516753165125185e-05
