0,0,0.0004780674923413322,0.002091754858926941,-2.020207090016019,34.26651141031422,-1,34.65,-2.391921122264419,29.91485379170017,2.300930344819635e-06,6.484440062673518e-08,-2.641271103811004,23.7621791665727,-1000,0.009999500037496875,2.300930344819635e-06,6.484440062673518e-08
3.956922510500382e-05,0,0.0004926109883397164,0.002091193292201674,-2.023585869889727,34.26522554162344,-1,34.65,-2.393127905470464,29.93591983555345,2.300312621421841e-06,6.482699205825188e-08,-2.641197122428275,23.75579981046277,-999.9996043275321,0.009999500037496875,2.300312621421841e-06,6.482699205825188e-08
0.0001699900191308631,0,0.0005286290514280595,0.002142148979889976,-2.032448209670572,34.26184862935585,-1,34.65,-2.396298381194711,29.99126832031554,2.356363877878974e-06,6.640661837658926e-08,-2.641002632902721,24.33465262165045,-999.9983001847972,0.009999500037496875,2.356363877878974e-06,6.640661837658926e-08
0.0003167975732235114,0,0.0005629120979470364,0.002218922295377628,-2.039503235966557,34.25915427178918,-1,34.65,-2.398827508250297,30.03542615984811,2.44081452491539e-06,6.878659115670646e-08,-2.64084712906452,25.20679175881743,-999.9968321826547,0.009999500037496875,2.44081452491539e-06,6.878659115670646e-08
0.0006932040092701114,0,0.0006516516302172966,0.002403548987969242,-2.049766936886618,34.25521600592901,-1,34.65,-2.402514434527401,30.09982041092788,2.643903886766166e-06,7.451001862704651e-08,-2.640618602120965,27.30413721474923,-999.9930683064832,0.009999500037496875,2.643903886766166e-06,7.451001862704651e-08
0.001130493110795441,0,0.0007618801717401488,0.002589725625748647,-2.055043211107767,34.25317115555221,-1,34.65,-2.404412083666867,30.13299627031972,2.848698188323512e-06,8.028149439820806e-08,-2.640498104590689,29.41908993239885,-999.9886956340962,0.009999500037496875,2.848698188323512e-06,8.028149439820806e-08
0.0014239036195632,0,0.000830376029269058,0.00272643387962878,-2.056869152088445,34.25245503618846,-1,34.65,-2.405068502462696,30.14449106156172,2.999077267591658e-06,8.451945026849219e-08,-2.640454838208809,30.97208549896132,-999.9857616757027,0.009999500037496875,2.999077267591658e-06,8.451945026849219e-08
0.001722422420743042,0,0.0009039671352576345,0.002839794725797888,-2.058031982242586,34.25199381299474,-1,34.65,-2.405486014569656,30.15181712999905,3.123774198377677e-06,8.803363649973452e-08,-2.640426138505309,32.25985625548604,-999.9827766369392,0.009999500037496875,3.123774198377677e-06,8.803363649973452e-08
0.002137268057316967,0,0.001003654322570776,0.00299755390139258,-2.059003233170027,34.25160252927433,-1,34.65,-2.405833864947367,30.15794291001945,3.297309291531839e-06,9.292417094317e-08,-2.640400561130672,34.05198872246879,-999.9786283879807,0.009999500037496875,3.297309291531839e-06,9.292417094317e-08
0.002659755631861124,0,0.001131620967971061,0.003178984560993911,-2.059670543253501,34.25132697552986,-1,34.65,-2.40607157119823,30.1621607491558,3.496883017093302e-06,9.854852139081124e-08,-2.640380795969464,36.11302748203351,-999.9734037734595,0.009999500037496875,3.496883017093302e-06,9.854852139081124e-08
0.003282223027671518,0.4499273649083202,0.001281159419092937,0.003395052150429283,-2.060080563110026,34.251151319569,-1,34.65,-2.406216012165485,30.16476419954509,3.734557365472211e-06,1.052466166633078e-07,-2.640365994142855,38.56753918083106,-999.9671794107117,0.009999500037496875,3.734557365472211e-06,1.052466166633078e-07
0.003856388658656714,0.4723030777610824,0.001426808003235668,0.003565253233039895,-2.060282286467558,34.25106063901216,-1,34.65,-2.406285669892476,30.16605611767753,3.921778556343885e-06,1.105228502242368e-07,-2.64035642896495,40.50101078343211,-999.9614380414632,0.009999500037496875,3.921778556343885e-06,1.105228502242368e-07
0.004424025568441265,0.4959048728848533,0.001561745498719241,0.003744250643945075,-2.060398484373467,34.2510055205332,-1,34.65,-2.406324576513942,30.16681050026706,4.118675708339582e-06,1.160717699622973e-07,-2.640348951175192,42.53440801931255,-999.9557619561625,0.009999500037496875,4.118675708339582e-06,1.160717699622973e-07
0.005031273748213448,0.5181729425172368,0.001711040163058095,0.003912958990191911,-2.060473379149257,34.25096763854793,-1,34.65,-2.406348429754055,30.1673074316409,4.304254889211102e-06,1.213017286959492e-07,-2.640342159609828,44.4509222481692,-999.9496897779661,0.009999500037496875,4.304254889211102e-06,1.213017286959492e-07
0.005845404277463733,0.5477224714744477,0.001907340087078191,0.004136588245337948,-2.060530648312965,34.25093596544335,-1,34.65,-2.40636491761436,30.16770329697911,4.550247069871743e-06,1.282342356054764e-07,-2.640334149517362,46.9913339053905,-999.9415488797083,0.009999500037496875,4.550247069871743e-06,1.282342356054764e-07
0.006782548158860701,0.5788491162436225,0.002137382133794343,0.004372004934539783,-2.060565047902313,34.25091419385323,-1,34.65,-2.406372599459076,30.16796181623035,4.809205427993762e-06,1.355321529707333e-07,-2.640325770696867,49.66564993422243,-999.9321779094312,0.009999500037496875,4.809205427993762e-06,1.355321529707333e-07
0.007859983566907692,0.6143767604398382,0.002396372435984336,0.004640579910065218,-2.060584319914867,34.2508993187695,-1,34.65,-2.40637418645937,30.16813259936849,5.104637901071741e-06,1.438579772120218e-07,-2.640316719481048,52.7166416223054,-999.9214040940279,0.009999500037496875,5.104637901071741e-06,1.438579772120218e-07
0.00890119721524244,0.6448653020736532,0.00265472909880349,0.004871017771418139,-2.060592757168184,34.25089051750511,-1,34.65,-2.406372095316803,30.16823438116858,5.358119548559954e-06,1.510015509139623e-07,-2.640308291928886,55.33439853816071,-999.9109924781125,0.009999500037496875,5.358119548559954e-06,1.510015509139623e-07
0.01001347537606981,0.6778508090850165,0.002921605274918194,0.00512028799806458,-2.060596138815111,34.25088455176893,-1,34.65,-2.40636786881018,30.16830833417016,5.632316797871038e-06,1.58728927940002e-07,-2.64029948607859,58.16608971898267,-999.8998702526014,0.009999500037496875,5.632316797871038e-06,1.58728927940002e-07
0.01122740358202799,0.710635132883052,0.003219030745818338,0.005368024736892056,-2.0605962938775,34.2508804662701,-1,34.65,-2.40636201346318,30.16836736008259,5.904827210581262e-06,1.664087668436538e-07,-2.640290014447724,60.98036059256908,-999.8877315774605,0.009999500037496875,5.904827210581262e-06,1.664087668436538e-07
0.01279048909664937,0.7519999438658072,0.003596106263049249,0.005680585073370184,-2.060593666580805,34.25087745313323,-1,34.65,-2.406353490178278,30.16842619430868,6.248643580707203e-06,1.760981372744757e-07,-2.640277947308924,64.53102270006268,-999.8721015037985,0.009999500037496875,6.248643580707203e-06,1.760981372744757e-07
0.01446630992485632,0.7926391645247521,0.004007244543833208,0.005987661824537411,-2.060589047267448,34.25087592329425,-1,34.65,-2.4063437333367,30.16847847209791,6.586428006991152e-06,1.856175165606597e-07,-2.640265107290251,68.019391687463,-999.8553441333639,0.009999500037496875,6.586428006991152e-06,1.856175165606597e-07
0.0163603836919457,0.8379110750834633,0.004463174317277494,0.00632974295365419,-2.060582729321033,34.25087547865999,-1,34.65,-2.406332337060521,30.16853112313714,6.962717249019609e-06,1.962220315632799e-07,-2.640250668631981,71.90540779727921,-999.8364043426589,0.009999500037496875,6.962717249019609e-06,1.962220315632799e-07
0.01826205667735657,0.8792694310593935,0.004930408134760724,0.006642262665516731,-2.060575788486678,34.25087589945041,-1,34.65,-2.406320699511642,30.16858057268352,7.306488932068404e-06,2.059101426310187e-07,-2.640236221735385,75.45560841217005,-999.8173885635699,0.009999500037496875,7.306488932068404e-06,2.059101426310187e-07
0.02043862882668279,0.9259940115958255,0.005455014149371312,0.006995338265032399,-2.060567480163615,34.25087707067851,-1,34.65,-2.406307265604325,30.16863517964017,7.69487209153564e-06,2.168554862160044e-07,-2.640219725960822,79.46652088560414,-999.7956239302813,0.009999500037496875,7.69487209153564e-06,2.168554862160044e-07
0.0227915031253582,0.9726226884023718,0.006030287790994906,0.007347705274183907,-2.060558265869931,34.25087889035549,-1,34.65,-2.406292674114181,30.16869299793105,8.082475801602299e-06,2.277788634997011e-07,-2.640201925750102,83.46938382535741,-999.7720963636434,0.009999500037496875,8.082475801602299e-06,2.277788634997011e-07
0.02573432305317976,1.029403383862038,0.006740653522621065,0.007776806057064134,-2.060546580961586,34.25088170044689,-1,34.65,-2.406274381126702,30.16876456429252,8.554486662770548e-06,2.410809877689881e-07,-2.640179693028347,88.34393671084574,-999.7426696356647,0.009999500037496875,8.554486662770548e-06,2.410809877689881e-07
0.02874410904650804,1.082870586237594,0.00747784415566422,0.008180892306718295,-2.060534532061054,34.25088498796148,-1,34.65,-2.406255648344792,30.16883734866184,8.998981537390126e-06,2.536076615082671e-07,-2.640156978076662,92.93432636480185,-999.7125732805116,0.009999500037496875,8.998981537390126e-06,2.536076615082671e-07
0.03215804457850638,1.142234858793705,0.008301207183515036,0.008629567980324004,-2.060520819605346,34.25088905216585,-1,34.65,-2.406234393729023,30.16891979429403,9.492524778356405e-06,2.675166073900441e-07,-2.640131232205079,98.0312485487765,-999.6784356320313,0.009999500037496875,9.492524778356405e-06,2.675166073900441e-07
0.03565866847710521,1.198458236399991,0.009157326545499027,0.009054537673112676,-2.060506725016118,34.2508934774003,-1,34.65,-2.406212594904377,30.16900425487578,9.959991440423944e-06,2.80690667866493e-07,-2.640104847355032,102.8588725589763,-999.6434311432261,0.009999500037496875,9.959991440423944e-06,2.80690667866493e-07
0.0398607354166288,1.264179376305441,0.0101724158276045,0.009551327602602362,-2.060489796789938,34.25089902214987,-1,34.65,-2.406186431971538,30.16910570684444,1.05064603628626e-05,2.960911556806732e-07,-2.64007318893854,108.5023691007932,-999.6014125747067,0.009999500037496875,1.05064603628626e-05,2.960911556806732e-07
0.04423933326291102,1.32785872610488,0.01124137391618728,0.0100327282419142,-2.060472143518298,34.25090499161978,-1,34.65,-2.406159170825359,30.16921143664374,1.103600106610562e-05,3.110145754993401e-07,-2.640040211525487,113.9710444541273,-999.5576287853787,0.009999500037496875,1.103600106610562e-05,3.110145754993401e-07
0.04957062095181453,1.402946371650471,0.01252992459741232,0.01060041872444335,-2.060450653361201,34.25091243692992,-1,34.65,-2.40612598538629,30.16934029583817,1.166046059688768e-05,3.286129804577438e-07,-2.640000069070847,120.4199659897683,-999.5043185739337,0.009999500037496875,1.166046059688768e-05,3.286129804577438e-07
0.05486792195358156,1.472366863888797,0.01382323278980106,0.01112532365095826,-2.060429293022633,34.25091997308866,-1,34.65,-2.406093013229958,30.16946836370586,1.223785601605408e-05,3.448850331797059e-07,-2.639960190447592,126.3828468006022,-999.4513482123679,0.009999500037496875,1.223785601605408e-05,3.448850331797059e-07
0.06113220455219387,1.551881956231262,0.01533813396343464,0.01172661460684652,-2.060404042829342,34.25092900298579,-1,34.65,-2.406054029511153,30.16961993592908,1.289927606753117e-05,3.63525052812242e-07,-2.639913039053503,133.2134672072335,-999.388708518288,0.009999500037496875,1.289927606753117e-05,3.63525052812242e-07
0.06744519393427605,1.626894710220055,0.0168769393343538,0.01229393445662563,-2.060378591491477,34.25093819893566,-1,34.65,-2.406014743963321,30.16977270904345,1.35233279022882e-05,3.811119681553947e-07,-2.639865526534146,139.6581783824809,-999.3255817807253,0.009999500037496875,1.35233279022882e-05,3.811119681553947e-07
0.07556750743213556,1.719885563760921,0.01884253105265556,0.01299731036816126,-2.06034585627468,34.25095012336804,-1,34.65,-2.405964205994884,30.1699693887463,1.429704140497739e-05,4.029166214129991e-07,-2.639804402088711,147.6484762704155,-999.2443627065988,0.009999500037496875,1.429704140497739e-05,4.029166214129991e-07
0.08331446140399487,1.802873717092206,0.02073134718430938,0.0136251311957831,-2.060314628560118,34.25096157011156,-1,34.65,-2.405916003974465,30.17015698650916,1.498764431536141e-05,4.223790670692761e-07,-2.639746106614883,154.7804740409904,-999.1668970400667,0.009999500037496875,1.498764431536141e-05,4.223790670692761e-07
0.09271110587770917,1.899965182662512,0.02300617387896869,0.01435975562609685,-2.060276762241326,34.25097551542868,-1,34.65,-2.405857543704884,30.17038464130337,1.579573118870653e-05,4.451524244090022e-07,-2.639675400792264,163.1257527713153,-999.0729352932995,0.009999500037496875,1.579573118870653e-05,4.451524244090022e-07
0.1018436005656378,1.988738033587551,0.02523006492658789,0.01503156749526634,-2.060239955146846,34.25098911939504,-1,34.65,-2.405800726569628,30.17060589217013,1.653472424479298e-05,4.659785923532566e-07,-2.639606685489615,170.7574854924358,-998.9816149123251,0.009999500037496875,1.653472424479298e-05,4.659785923532566e-07
0.1143902045904305,2.105879265396649,0.02826797026429697,0.01591823485223076,-2.060189400222662,34.25100785909487,-1,34.65,-2.405722675114012,30.17090996594654,1.751005833745384e-05,4.934652804191537e-07,-2.639512284391412,180.8299605281331,-998.8561551449088,0.009999500037496875,1.751005833745384e-05,4.934652804191537e-07
0.1254544614538057,2.202695448342919,0.03096511835365258,0.0166512380648181,-2.060144810155726,34.25102442481013,-1,34.65,-2.405653843645471,30.17117808665432,1.831636187129992e-05,5.161883800093612e-07,-2.639429038821799,189.1568223460179,-998.7455181079885,0.009999500037496875,1.831636187129992e-05,5.161883800093612e-07
0.1386234061543117,2.313882366534598,0.03415596690415332,0.01749322277846186,-2.060091749843703,34.25104416908625,-1,34.65,-2.405571924267313,30.17149730621113,1.924254505630804e-05,5.422899061323176e-07,-2.639329959510058,198.7217058866169,-998.613835244962,0.009999500037496875,1.924254505630804e-05,5.422899061323176e-07
0.151570568246082,2.417410837742901,0.03730496406118288,0.01827741922714958,-2.060039577769566,34.25106360722025,-1,34.65,-2.405491383564732,30.17181113299842,2.010516114986454e-05,5.665999960416372e-07,-2.639232550337644,207.6301190479311,-998.4843700971398,0.009999500037496875,2.010516114986454e-05,5.665999960416372e-07
0.1669616409655073,2.535513632095087,0.04103881888754775,0.01917224598701114,-2.059977563943912,34.25108673479987,-1,34.65,-2.405395643227992,30.1721842546527,2.108947058571225e-05,5.943396255973453e-07,-2.639116755340425,217.7952842919033,-998.3304670649048,0.009999500037496875,2.108947058571225e-05,5.943396255973453e-07
0.1831486535256835,2.653647735992863,0.0449719143420723,0.02006758698498464,-2.059912340898109,34.25111107848981,-1,34.65,-2.405294951870489,30.17257667436271,2.207434568348311e-05,6.220951965345239e-07,-2.638994973226972,227.9662912424684,-998.1686050322025,0.009999500037496875,2.207434568348311e-05,6.220951965345239e-07
0.204078261756834,2.799401258732642,0.05004902918743024,0.02117264058118331,-2.059828014514432,34.25114257303727,-1,34.65,-2.405164762576032,30.17308412743537,2.328990463930164e-05,6.563518580166825e-07,-2.638837511509021,240.5196176657227,-997.9593194139103,0.009999500037496875,2.328990463930164e-05,6.563518580166825e-07
0.223311916636153,2.926260758903267,0.0547264359506662,0.02213482976198994,-2.059750516155126,34.25117153220921,-1,34.65,-2.405045121818969,30.1735504457375,2.434831273818894e-05,6.861797226216882e-07,-2.638692810073799,251.4500149868477,-997.7669924812234,0.009999500037496875,2.434831273818894e-05,6.861797226216882e-07
0.2442892720268108,3.059058079396184,0.05981766434793102,0.02314243322809588,-2.059665998585067,34.25120312585506,-1,34.65,-2.404914637891807,30.17405909785051,2.545667655090547e-05,7.174154300709723e-07,-2.638534990696468,262.8963152013726,-997.5572294152078,0.009999500037496875,2.545667655090547e-05,7.174154300709723e-07
0.2666250966265132,3.194076959161495,0.06524340407550437,0.02416732473413918,-2.059576006436309,34.25123677571689,-1,34.65,-2.404775704420144,30.17460069742113,2.65840572075531e-05,7.491870667583147e-07,-2.638366951706491,274.5390062600145,-997.3338823362856,0.009999500037496875,2.65840572075531e-05,7.491870667583147e-07
0.2929580106303501,3.346333256053626,0.07163634597802457,0.02532359662258691,-2.059469913445616,34.25127645545574,-1,34.65,-2.404611910642511,30.17523926075471,2.78559562848456e-05,7.850314953001941e-07,-2.638168841898881,287.6741686626781,-997.0705663617167,0.009999500037496875,2.78559562848456e-05,7.850314953001941e-07
0.3195380864012747,3.492975216647755,0.07809402750372342,0.02643780487509243,-2.059362823707342,34.25131651560193,-1,34.65,-2.404446580274969,30.17588383136752,2.908158536260168e-05,8.195719511278654e-07,-2.637968873081601,300.3314912987026,-996.8047788930487,0.009999500037496875,2.908158536260168e-05,8.195719511278654e-07
0.3503172234720468,3.655503845766714,0.08556714318764831,0.0276733976640367,-2.059238820685132,34.2513629096543,-1,34.65,-2.404255134352182,30.17663028162474,3.044073743044037e-05,8.578753275851376e-07,-2.637737313938277,314.3677332142016,-996.4970029107556,0.009999500037496875,3.044073743044037e-05,8.578753275851376e-07
0.3809755992093171,3.810167679412443,0.093016026621244,0.02884990296821783,-2.059115303410752,34.25140912748341,-1,34.65,-2.404064440648678,30.17737382213467,3.173489326503961e-05,8.943469920147527e-07,-2.63750666364516,327.73274571032,-996.1904344814211,0.009999500037496875,3.173489326503961e-05,8.943469920147527e-07
0.4161449747493697,3.980207269357772,0.1015563235224036,0.03014418310575781,-2.0589736169566,34.25146214888433,-1,34.65,-2.403845692108728,30.17822682435049,3.315860141633359e-05,9.344696762784923e-07,-2.637242076204517,342.435671528185,-995.8387583093895,0.009999500037496875,3.315860141633359e-05,9.344696762784923e-07
0.4514154613296378,4.143400334150659,0.1101257066716293,0.0313872011026301,-2.058831523184476,34.25151532673901,-1,34.65,-2.403626316380684,30.17908230873824,3.452592121289312e-05,9.730032341815333e-07,-2.636976728312129,356.5562632518757,-995.4860710775076,0.009999500037496875,3.452592121289312e-05,9.730032341815333e-07
0.4910793196880929,4.319488452548193,0.1197591461617063,0.03272940352247952,-2.058671734617708,34.25157513039433,-1,34.65,-2.403379618417524,30.18004441882518,3.600234387472747e-05,1.014611509196865e-06,-2.636678328190437,371.8035826220961,-995.0894523243651,0.009999500037496875,3.600234387472747e-05,1.014611509196865e-06
0.5315935700495358,4.491918321577494,0.1296024447952503,0.03404474541724414,-2.058508521540767,34.25163621873604,-1,34.65,-2.403127633895287,30.18102720256859,3.744921995896856e-05,1.055387107934569e-06,-2.636373530521682,386.7457684309676,-994.6843300763566,0.009999500037496875,3.744921995896856e-05,1.055387107934569e-06
0.576123620791915,4.673938301877296,0.1404196686140691,0.03543438209906755,-2.058329135238455,34.25170336315797,-1,34.65,-2.402850676624585,30.18210747260408,3.897782030897431e-05,1.098465845071094e-06,-2.636038521153323,402.5319374789358,-994.2390518322884,0.009999500037496875,3.897782030897431e-05,1.098465845071094e-06
0.6224516856479329,4.855763765444613,0.1516758185376229,0.03682375867720911,-2.058142508601592,34.25177321993381,-1,34.65,-2.402562540262494,30.18323142696633,4.050613454493003e-05,1.141536518993483e-06,-2.635689984999531,418.3151517684802,-993.7757943460235,0.009999500037496875,4.050613454493003e-05,1.141536518993483e-06
0.6724790067551584,5.044501099529855,0.1638303354600122,0.03826729645049101,-2.057940984774214,34.25184865496018,-1,34.65,-2.402251401303256,30.184445212663,4.209402609554012e-05,1.186286189965221e-06,-2.635313618546884,434.713633194758,-993.2755461467359,0.009999500037496875,4.209402609554012e-05,1.186286189965221e-06
0.7251311460751264,5.235469372919506,0.176624025518517,0.03972935518529377,-2.057728891766758,34.25192804807121,-1,34.65,-2.40192394263566,30.18572277077806,4.370229070382315e-05,1.231610010744107e-06,-2.634917505024558,451.3225113623737,-992.7490510776315,0.009999500037496875,4.370229070382315e-05,1.231610010744107e-06
0.7813901839101668,5.431781001988061,0.1902945603546089,0.04123391354896305,-2.057502274999108,34.25201287949902,-1,34.65,-2.401574057563182,30.18708795054225,4.535730490385936e-05,1.278251320017855e-06,-2.634494255992405,468.4141821437267,-992.1864888266905,0.009999500037496875,4.535730490385936e-05,1.278251320017855e-06
0.8408917067800041,5.631594612512805,0.2047542187293139,0.04276703821757956,-2.057262602987775,34.2521025994672,-1,34.65,-2.401204013393112,30.1885319257663,4.704374203933752e-05,1.325778184744966e-06,-2.634046612996174,485.8303640184262,-991.5915033465226,0.009999500037496875,4.704374203933752e-05,1.325778184744966e-06
0.9041238302906558,5.836050806633286,0.2201214076249982,0.04433766143588486,-2.05700791087398,34.25219794346695,-1,34.65,-2.40081077574817,30.19006656375853,4.877142757947334e-05,1.374467504512431e-06,-2.633570903805463,503.6725266204507,-990.9592137251068,0.009999500037496875,4.877142757947334e-05,1.374467504512431e-06
0.9710697242571635,6.044552361651012,0.236392451704813,0.04594139730372233,-2.056738267536071,34.25229888569287,-1,34.65,-2.400394450581568,30.19169147851387,5.053553703409457e-05,1.424183316415392e-06,-2.633067255012925,521.8908464511801,-990.2897882558784,0.009999500037496875,5.053553703409457e-05,1.424183316415392e-06
1.042011753283388,6.2574592223518,0.2536360824367869,0.04758122616333231,-2.056452537056049,34.25240585137365,-1,34.65,-2.399953283398285,30.19341354947703,5.233934877966554e-05,1.475018011063302e-06,-2.632533542296962,540.5191799761507,-989.5804034339707,0.009999500037496875,5.233934877966554e-05,1.475018011063302e-06
1.117075661476541,6.474615119442024,0.2718831670046051,0.04925617428381468,-2.05615021442385,34.25251902957314,-1,34.65,-2.399486493851327,30.19523585723822,5.418179171219615e-05,1.526941402798255e-06,-2.631968819626118,559.5464656849711,-988.8298018811784,0.009999500037496875,5.418179171219615e-05,1.526941402798255e-06
1.196479227534413,6.696122305226381,0.2911868848404857,0.0509672748654869,-2.05583042417323,34.25263874805538,-1,34.65,-2.398992729474678,30.19716372024451,5.60640023520356e-05,1.579985520830094e-06,-2.631371448568241,578.9844406561779,-988.0358059194054,0.009999500037496875,5.60640023520356e-05,1.579985520830094e-06
1.280402346686036,6.921950396112708,0.3115912823185932,0.05271455574092193,-2.055492443592025,34.25276527741549,-1,34.65,-2.398470873595085,30.19920154095654,5.798601131501413e-05,1.63415122796858e-06,-2.630740075694183,598.8334210657237,-987.1966166863018,0.009999500037496875,5.798601131501413e-05,1.63415122796858e-06
1.36905261707697,7.152126348396405,0.3331471564643785,0.05449850571562467,-2.055135438624642,34.25289892994763,-1,34.65,-2.397919637513747,30.20135439867797,5.994835628718713e-05,1.689453677184365e-06,-2.630073139155498,619.0989597076826,-986.3101583042037,0.009999500037496875,5.994835628718713e-05,1.689453677184365e-06
1.46263373079839,7.38664545968695,0.3559044029970541,0.05631938798353757,-2.054758591178646,34.25304001198568,-1,34.65,-2.397337757080416,30.2036272823978,6.195132678189133e-05,1.745901027489665e-06,-2.629369106485802,639.7840464456085,-985.3743939540373,0.009999500037496875,6.195132678189133e-05,1.745901027489665e-06
1.561360379671765,7.625511296216262,0.3799156311862135,0.0581775500187308,-2.054361039124459,34.25318884636566,-1,34.65,-2.396723900032398,30.2060254532047,6.399530502060388e-05,1.803504050580655e-06,-2.628626362460521,660.8926285590192,-984.387176824926,0.009999500037496875,6.399530502060388e-05,1.803504050580655e-06
1.665451700263794,7.868718147331596,0.4052345795403643,0.06007328861189373,-2.053941902713892,34.25334576253572,-1,34.65,-2.396076706779173,30.20855428553809,6.608061747308311e-05,1.862271946968706e-06,-2.627843258411138,682.4280775680073,-983.346315660763,0.009999500037496875,6.608061747308311e-05,1.862271946968706e-06
1.775134262857643,8.116258167865892,0.4319168446839854,0.06200690636172992,-2.053500272570549,34.25351110105272,-1,34.65,-2.395394771845831,30.2112193402835,6.820759699790291e-05,1.922214097213628e-06,-2.627018089737907,704.3938309712731,-982.2495448719931,0.009999500037496875,6.820759699790291e-05,1.922214097213628e-06
1.890640960837924,8.368118263955189,0.4600196168212063,0.06397868853588372,-2.05303521418913,34.25368521189849,-1,34.65,-2.39467665080869,30.2140263383199,7.037655738947209e-05,1.983339344612395e-06,-2.626149104264743,726.7931293879778,-981.094535641208,0.009999500037496875,7.037655738947209e-05,1.983339344612395e-06
2.012211596915197,8.624281076127136,0.4896018269717789,0.06598891184863501,-2.052545765604693,34.25386845535323,-1,34.65,-2.393920856682954,30.21698117532959,7.258780303349852e-05,2.045656267307685e-06,-2.62523449782831,749.6291162716999,-979.8788900611947,0.009999500037496875,7.258780303349852e-05,2.045656267307685e-06
2.140092787125522,8.884724363931962,0.5207241291265697,0.06803784080972178,-2.052030937810871,34.25406120183994,-1,34.65,-2.393125860554405,30.22008992007318,7.484162489069396e-05,2.109173065101375e-06,-2.624272414999641,772.904796433332,-978.6001420948915,0.009999500037496875,7.484162489069396e-05,2.109173065101375e-06
2.274538126104146,9.149420977656158,0.553448946182804,0.07012572869334427,-2.051489714128471,34.25426383216188,-1,34.65,-2.392290090589166,30.22335881905699,7.71383015626787e-05,2.173897589493673e-06,-2.623260947840076,796.6230470488965,-977.2557559227334,0.009999500037496875,7.71383015626787e-05,2.173897589493673e-06
2.415808251536676,9.418338606622767,0.5878404918388372,0.07225281679108486,-2.050921049982406,34.2544767375874,-1,34.65,-2.391411931672952,30.22679429879654,7.947809847019336e-05,2.239837320523631e-06,-2.622198135415668,820.7866091727705,-975.8431252981736,0.009999500037496875,7.947809847019336e-05,2.239837320523631e-06
2.564170941897184,9.691439595336753,0.6239648010178729,0.07441933422994189,-2.050323872547184,34.25470031998401,-1,34.65,-2.390489724846154,30.23040296893748,8.186126765293608e-05,2.306999361128199e-06,-2.621081963061121,845.3980856705637,-974.3595725703508,0.009999500037496875,8.186126765293608e-05,2.306999361128199e-06
2.719901199113122,9.968680726655691,0.6618897571099203,0.07662549756309477,-2.049697080455788,34.25493499192893,-1,34.65,-2.389521766835572,30.23419162506161,8.428804731940424e-05,2.375390424455938e-06,-2.61991036175707,870.4599365702406,-972.8023478574805,0.009999500037496875,8.428804731940424e-05,2.375390424455938e-06
2.883281332671185,10.25001300610966,0.7016851200703776,0.07887151040113607,-2.049039543505609,34.25518117682088,-1,34.65,-2.388506309580297,30.23816725158206,8.675866144124968e-05,2.445016822435218e-06,-2.618681207496481,895.9744748729453,-971.1686282058405,0.009999500037496875,8.675866144124968e-05,2.445016822435218e-06
3.054601039432444,10.53538143669631,0.7434225540136702,0.08115756299854283,-2.048350102384673,34.25543930898432,-1,34.65,-2.387441559787522,30.24233702459113,8.927331929839713e-05,2.515884452954828e-06,-2.617392320683253,921.9438618553448,-969.4555167916573,0.009999500037496875,8.927331929839713e-05,2.515884452954828e-06
3.234157480679913,10.82472478766625,0.7871756547038966,0.08348383182202543,-2.047627568412179,34.25570983376866,-1,34.65,-2.386325678509019,30.24670831470086,9.183221500422797e-05,2.587998786482789e-06,-2.616041465551604,948.3701021661059,-967.6600421506704,0.009999500037496875,9.183221500422797e-05,2.587998786482789e-06
3.422255355661324,11.11797535656228,0.8330199767970252,0.08585047909357271,-2.046870723296496,34.25599320764084,-1,34.65,-2.385156780742987,30.25128868986145,9.443552700292998e-05,2.661364851900754e-06,-2.614626349611746,975.2550386349216,-965.7791574427406,0.009999500037496875,9.443552700292998e-05,2.661364851900754e-06
3.619206971595266,11.41505872508543,0.8810330608621403,0.08825765231122962,-2.046078318910915,34.25628989827167,-1,34.65,-2.383932935061713,30.25608591816012,9.708341754235259e-05,2.735987221648118e-06,-2.613144623122105,1002.600346828579,-963.8097397518243,0.009999500037496875,9.708341754235259e-05,2.735987221648118e-06
3.825332309912657,11.71589350902285,0.9312944601635055,0.09070548374778281,-2.045249077088254,34.25660038461502,-1,34.65,-2.382652163266614,30.26110797059794,9.97760321225611e-05,2.811869996181267e-06,-2.611593878589793,1030.40752935607,-961.7485894235904,0.009999500037496875,9.97760321225611e-05,2.811869996181267e-06
4.040959088354205,12.02039110229646,0.9838857671500993,0.09319408992587534,-2.044381689436037,34.25692515697968,-1,34.65,-2.381312440073218,30.26636302383892,0.0001025134989184629,2.889016787702136e-06,-2.609971650302183,1058.677909905925,-959.5924294444787,0.009999500037496875,0.0001025134989184629,2.889016787702136e-06
4.266422818839962,12.32845541567519,1.038890639673199,0.09572357107176831,-2.043474817172771,34.25726471709331,-1,34.65,-2.379911692826822,30.27185946293288,0.0001052959281789451,2.967430703224818e-06,-2.608275413890214,1087.412627040997,-957.3379048630323,0.009999500037496875,0.0001052959281789451,2.967430703224818e-06
4.502066860763469,12.639982610324,1.096394826890476,0.09829401054675396,-2.042527090986928,34.25761957815821,-1,34.65,-2.378447801251186,30.27760588400738,0.0001081234116014294,3.047114326949373e-06,-2.606502585926029,1116.612627739345,-954.9815822569822,0.009999500037496875,0.0001081234116014294,3.047114326949373e-06
4.748242469521554,12.95486082663665,1.15648619485574,0.1009054742571976,-2.041537110919593,34.25799026489827,-1,34.65,-2.376918597231645,30.28361109692734,0.0001109960216829174,3.128069701973126e-06,-2.604650523556379,1146.278660692364,-952.519949247975,0.009999500037496875,0.0001109960216829174,3.128069701973126e-06
5.005308839864628,13.27296990853501,1.219254751740711,0.1035580100417575,-2.040503446272667,34.2583773135966,-1,34.65,-2.375321864635451,30.28988412791684,0.0001139138110459332,3.210298311294482e-06,-2.602716524174902,1176.411269343643,-949.9494140680902,0.009999500037496875,0.0001139138110459332,3.210298311294482e-06
5.273633144018627,13.59418112394216,1.284792672726677,0.1062516470383813,-2.039424635543043,34.25878127212366,-1,34.65,-2.373655339169866,30.29643422214521,0.0001168768117422194,3.29380105818982e-06,-2.600697825133632,1207.010784698095,-947.2663051786409,0.009999500037496875,0.0001168768117422194,3.29380105818982e-06
5.553590564061495,13.9183568815682,1.353194324492386,0.1089863950286953,-2.038299186385065,34.2592026999549,-1,34.65,-2.371916708281449,30.3032708462691,0.0001198850345315648,3.378578245889553e-06,-2.598591603497645,1238.077317874263,-944.4668709464247,0.009999500037496875,0.0001198850345315648,3.378578245889553e-06
5.845564318385602,14.24535044465379,1.424556289311866,0.1117622437612748,-2.03712557560217,34.25964216817771,-1,34.65,-2.37010361109783,30.31040369093063,0.0001229384681374023,3.464629556599518e-06,-2.596394975844087,1269.610752416729,-941.5472793791128,0.009999500037496875,0.0001229384681374023,3.464629556599518e-06
6.149945681787321,14.57500564201076,1.498977388708003,0.1145791622524094,-2.035902249169826,34.2601002594869,-1,34.65,-2.368213638415056,30.31784267320445,0.0001260370784776504,3.551954029824692e-06,-2.59410499810904,1301.610736352854,-938.5036179243639,0.009999500037496875,0.0001260370784776504,3.551954029824692e-06
6.467133999263698,14.90715657735188,1.576558706741891,0.1174370980681742,-2.034627622289664,34.26057756816866,-1,34.65,-2.366244332730259,30.32559793900018,0.0001291808078749917,3.640550040113402e-06,-2.591718665481614,1334.076674037161,-935.3318933318653,0.009999500037496875,0.0001291808078749917,3.640550040113402e-06
6.79753669248309,15.24162733672826,1.657403612749285,0.1203359765812664,-2.033300079479232,34.26107470007138,-1,34.65,-2.36419318832632,30.33367986539919,0.0001323695742393931,3.730415274019259e-06,-2.589232912353037,1367.007717709057,-932.0280315886289,0.009999500037496875,0.0001323695742393931,3.730415274019259e-06
7.141569259367365,15.57823169556215,1.74161778369782,0.1232757002099183,-2.03191797469587,34.26159227256397,-1,34.65,-2.362057651406066,30.34209906294126,0.0001356032702309101,3.821546706507467e-06,-2.586644612317448,1400.402758846941,-928.5878779231695,0.009999500037496875,0.0001356032702309101,3.821546706507467e-06
7.499655265869116,15.9167728253454,1.829309226011051,0.1262561476337095,-2.030479631498654,34.26213091448013,-1,34.65,-2.359835120281945,30.35086637784266,0.0001388817623970805,3.913940576644995e-06,-2.583950578231272,1434.260419259886,-925.0071968877281,0.009999500037496875,0.0001388817623970805,3.913940576644995e-06
7.872226329920621,16.25704300108684,1.920588296927361,0.1292771729893689,-2.02898334324878,34.26269126604844,-1,34.65,-2.357522945621609,30.35999289415047,0.0001422048902883057,4.007592362670435e-06,-2.581147562331363,1468.579041952014,-921.2816725187748,0.009999500037496875,0.0001422048902883057,4.007592362670435e-06
8.259722096821427,16.59882330994824,2.015567725291579,0.1323386050436327,-2.027427373351623,34.26327397880709,-1,34.65,-2.355118430754192,30.36948993581916,0.0001455724655479959,4.102496756352612e-06,-2.578232256417401,1503.356681726219,-917.4069085831203,0.009999500037496875,0.0001455724655479959,4.102496756352612e-06
8.662590206267998,16.94188336244532,2.114362631910477,0.1354402463480359,-2.025809955539918,34.2638797155035,-1,34.65,-2.352618832036324,30.3793690687197,0.0001489842709828395,4.198647636789113e-06,-2.575201292097036,1538.591095582668,-913.3784289076031,0.009999500037496875,0.0001489842709828395,4.198647636789113e-06
9.081286250025885,17.28598100653887,2.21709054931275,0.1385818723707533,-2.024129294202404,34.2645091499771,-1,34.65,-2.350021359284339,30.38964210256115,0.0001524400596078287,4.296038043493354e-06,-2.572051241101273,1574.279732856577,-909.1916778023464,0.009999500037496875,0.0001524400596078287,4.296038043493354e-06
9.51627372027512,17.63086204595636,2.323871441010672,0.1417632306091187,-2.022383564758079,34.2651629670253,-1,34.65,-2.347323176272758,30.40032109273036,0.0001559395536700306,4.394660148882681e-06,-2.568778615669859,1610.41972513649,-904.8420205772784,0.009999500037496875,0.0001559395536700306,4.394660148882681e-06
9.96802394784892,17.97625996344101,2.434827720166488,0.1449840396801692,-2.020570914079515,34.26584186225138,-1,34.65,-2.344521401304189,30.41141834203572,0.0001594824436481861,4.494505230085244e-06,-2.565379869012547,1647.007875932939,-900.324744159715,0.009999500037496875,0.0001594824436481861,4.494505230085244e-06
10.43701603035475,18.32189565033095,2.550084267760222,0.148243988392468,-2.018689460965586,34.26654654189407,-1,34.65,-2.341613107850954,30.42294640235909,0.0001630683872317148,4.595563640166509e-06,-2.561851395846308,1684.040650134416,-895.6350578131123,0.009999500037496875,0.0001630683872317148,4.595563640166509e-06
10.92373674970613,18.66747714353381,2.669768450247278,0.1515427347989192,-2.016737296665812,34.26727772263816,-1,34.65,-2.338595325271671,30.43491807620963,0.0001666970082788111,4.697824778766496e-06,-2.558189533012026,1721.514163247416,-890.7680939617076,0.009999500037496875,0.0001666970082788111,4.697824778766496e-06
11.42868047801608,19.01269937065204,2.794010136558048,0.1548799052266507,-2.014712485460854,34.2680361314042,-1,34.65,-2.335465039609562,30.44734641815815,0.0001703678957493158,4.801277062026173e-06,-2.554390560178561,1759.424170375987,-885.7189091315385,0.009999500037496875,0.0001703678957493158,4.801277062026173e-06
11.95234907253179,19.35724390533268,2.922941714721915,0.1582550932919904,-2.012613065296751,34.26882250511854,-1,34.65,-2.332219194468558,30.46024473617391,0.0001740806026211894,4.905907892051701e-06,-2.550450700629086,1797.766055031927,-880.4824850010426,0.009999500037496875,0.0001740806026211894,4.905907892051701e-06
12.49525175782469,19.70077873322364,3.056698107798234,0.1616678588918409,-2.010437048480396,34.2696375904605,-1,34.65,-2.328854691978522,30.47362659282422,0.000177834644781025,5.011703625647069e-06,-2.546366122143081,1836.53481767688,-875.0537295790991,0.009999500037496875,0.000177834644781025,5.011703625647069e-06
13.05790499627549,20.04295803094761,3.195416789497995,0.1651177271816927,-2.008182422432404,34.27048214358845,-1,34.65,-2.325368393843444,30.48750580636751,0.0001816294998998619,5.118649542632473e-06,-2.542132937966204,1875.725064112635,-869.4274785001126,0.009999500037496875,0.0001816294998998619,5.118649542632473e-06
13.640832344799,20.38342195851037,3.339237799125103,0.1686041875304425,-2.005847150505954,34.27135692984138,-1,34.65,-2.321757122485584,30.50189645169354,0.0001854646062834868,5.226729813443719e-06,-2.537747207883455,1915.330993607952,-863.5984964566937,0.009999500037496875,0.0001854646062834868,5.226729813443719e-06
14.244564298789,20.72179646760587,3.488303756221053,0.1721266924616848,-2.003429172868006,34.27226272341741,-1,34.65,-2.318017662279757,30.51681286113955,0.0001893393617078533,5.335927466312229e-06,-2.533204939388279,1955.346386871698,-857.5614787601328,0.009999500037496875,0.0001893393617078533,5.335927466312229e-06
14.86963812195604,21.057693126869,3.642759874735667,0.1756846565765576,-2.000926407448548,34.27320030702707,-1,34.65,-2.314146760886229,30.53226962515387,0.0001932531222342133,5.446224353873285e-06,-2.528502088957564,1995.764593816471,-851.3110530419356,0.009999500037496875,0.0001932531222342133,5.446224353873285e-06
15.51659766153563,21.39070896576008,3.80275397675317,0.1792774554586842,-1.998336750960318,34.27417047152041,-1,34.65,-2.31014113068571,30.5482815927985,0.0001972052010045526,5.557601119219211e-06,-2.523634563436476,2036.578521118808,-844.8417811016504,0.009999500037496875,0.0001972052010045526,5.557601119219211e-06
16.18599314933101,21.72042633932388,3.968436506055224,0.182904424567163,-1.995658079987456,34.27517401548862,-1,34.65,-2.305997450313783,30.5648638721059,0.0002011948670238793,5.670037161582053e-06,-2.518598221529613,2077.780619643637,-838.1481608963403,0.009999500037496875,0.0002011948670238793,5.670037161582053e-06
16.87838098649952,22.04641281478979,4.139960541180655,0.1865648581092429,-1.992888252151829,34.27621174483672,-1,34.65,-2.301712366307966,30.58203183024239,0.0002052213439201672,5.783510601386529e-06,-2.513388875414222,2119.362871637953,-831.2246286926115,0.009999500037496875,0.0002052213439201672,5.783510601386529e-06
17.59432351360666,22.3682210829223,4.317481808544914,0.1902580079045392,-1.990025107351243,34.2772844723296,-1,34.65,-2.297282494858147,30.59980109351925,0.0002092838086949932,5.897998245040716e-06,-2.50800229246398,2161.316777828396,-824.065561365958,0.009999500037496875,0.0002092838086949932,5.897998245040716e-06
18.33438876342678,22.68538889505856,4.501158695192818,0.193983082230478,-1.987066469079985,34.27839301710745,-1,34.65,-2.292704423676215,30.61818754719271,0.0002133813904535258,6.013475549144819e-06,-2.502434197102329,2203.633344305581,-816.6652788726316,0.009999500037496875,0.0002133813904535258,6.013475549144819e-06
19.09915019777883,22.99743902870061,4.691152261711755,0.1977392446592966,-1.984010145826867,34.27953820417235,-1,34.65,-2.28797471397709,30.63720733508785,0.0002175131691252263,6.129916584438195e-06,-2.496680272775633,2246.303069312517,-809.0180468811521,0.009999500037496875,0.0002175131691252263,6.129916584438195e-06
19.88043925930231,23.3005710751127,4.885450024022495,0.2014841851891321,-1.980888871340016,34.28070777174094,-1,34.65,-2.283143979716578,30.65665896230405,0.0002216326037080453,6.246009740863095e-06,-2.490801976497313,2288.845314384085,-801.2055468811523,0.009999500037496875,0.0002216326037080453,6.246009740863095e-06
20.6617283208258,23.58864067951752,5.07994958128646,0.2051408133443909,-1.977768712168107,34.28187696547467,-1,34.65,-2.278314452028196,30.67613164662547,0.00022565489467883,6.359365213676119e-06,-2.484923658798255,2330.38433746797,-793.393046881152,0.009999500037496875,0.00022565489467883,6.359365213676119e-06
21.44301738234929,23.86235531493391,5.274651907639024,0.2087137882519103,-1.97464967176688,34.28304578403588,-1,34.65,-2.273486133416431,30.69562543176046,0.0002295851670771013,6.470127435809219e-06,-2.479045319601813,2370.973065897504,-785.5805468811523,0.009999500037496875,0.0002295851670771013,6.470127435809219e-06
22.22430644387277,24.12236139973596,5.469558323419633,0.2122073399463199,-1.971531753435895,34.28421422614538,-1,34.65,-2.268659026332484,30.71514036048739,0.0002334280739409518,6.578427538335916e-06,-2.473166958834687,2410.659552550547,-777.7680468811521,0.009999500037496875,0.0002334280739409518,6.578427538335916e-06
23.00559550539626,24.36925264983177,5.664670230174679,0.2156253308285255,-1.9684149604581,34.28538229053005,-1,34.65,-2.263833133225634,30.73467647555109,0.0002371878639113781,6.684385255684292e-06,-2.467288576423929,2449.487674013283,-769.9555468811521,0.009999500037496875,0.0002371878639113781,6.684385255684292e-06
23.78688456691975,24.60357635180195,5.859989054883703,0.2189713007353904,-1.965299296129592,34.28654997591175,-1,34.65,-2.259008456554222,30.75423381985454,0.0002408684308089294,6.788110322797102e-06,-2.4614101722963,2487.497642568428,-762.1430468811523,0.009999500037496875,0.0002408684308089294,6.788110322797102e-06
24.56817362844323,24.82583855886203,6.055516238127323,0.2222485039500166,-1.962184763766263,34.28771728100479,-1,34.65,-2.254184998788139,30.77381243650232,0.0002444733543450183,6.889703622450515e-06,-2.455531746378131,2524.726426629273,-754.3305468811521,0.009999500037496875,0.0002444733543450183,6.889703622450515e-06
25.34946268996672,25.0365085233771,6.251253231937352,0.2254599406511726,-1.959071366705313,34.28888420451533,-1,34.65,-2.249362762409417,30.79341236881082,0.0002480059347162899,6.989258160186352e-06,-2.449653298595285,2561.208108002837,-746.5180468811521,0.009999500037496875,0.0002480059347162899,6.989258160186352e-06
26.13075175149021,25.23602252083506,6.447201499802571,0.228608383974798,-1.955959108305592,34.2900507451413,-1,34.65,-2.244541749912385,30.81303366031114,0.0002514692223722778,7.086859903218738e-06,-2.443774828873153,2596.974189306535,-738.7055468811521,0.009999500037496875,0.0002514692223722778,7.086859903218738e-06
26.91204081301369,25.42478716986405,6.643362517107204,0.2316964034568609,-1.952847991947696,34.29121690157232,-1,34.65,-2.239721963803751,30.83267635475034,0.000254866043802547,7.182588507162687e-06,-2.43789633713665,2632.053860277294,-730.8930468811521,0.009999500037496875,0.000254866043802547,7.182588507162687e-06
27.69332987453718,25.6031823287806,6.839737771606084,0.2347263854427325,-1.949738021034024,34.29238267248969,-1,34.65,-2.234903406602649,30.85234049609237,0.0002581990239870058,7.276517948724709e-06,-2.432017823310216,2666.474229620529,-723.0805468811521,0.009999500037496875,0.0002581990239870058,7.276517948724709e-06
28.47461893606066,25.77156363352226,7.03632876385428,0.2377005509323766,-1.946629198988848,34.29354805656636,-1,34.65,-2.230086080840708,30.87202612851922,0.0002614706060256143,7.368717078903674e-06,-2.426139287317809,2700.260527730152,-715.2680468811521,0.009999500037496875,0.0002614706060256143,7.368717078903674e-06
29.25590799758415,25.93026473015561,7.233137007584243,0.240620971245338,-1.943521529258416,34.29471305246688,-1,34.65,-2.225269989062117,30.89173329643212,0.0002646830683698718,7.459250108605478e-06,-2.420260729082909,2733.436284641689,-707.455546881152,0.009999500037496875,0.0002646830683698718,7.459250108605478e-06
30.03719705910764,26.07959924599562,7.430164030038553,0.2434895818229029,-1.940415015311062,34.29587765884737,-1,34.65,-2.22045513382371,30.91146204445294,0.0002678385400051932,7.548177036509991e-06,-2.414382148528511,2766.023486823781,-699.6430468811521,0.009999500037496875,0.0002678385400051932,7.548177036509991e-06
30.81848612063112,26.21986253602325,7.627411372268543,0.2463081944314575,-1.93730966063735,34.29704187435546,-1,34.65,-2.215641517695055,30.9312124174258,0.0002709390138746032,7.635554027375181e-06,-2.408503545577124,2798.042715807426,-691.8305468811521,0.009999500037496875,0.0002709390138746032,7.635554027375181e-06
31.59977518215461,26.35133323533298,7.824880589407407,0.2490785079879198,-1.934205468750216,34.29820569763021,-1,34.65,-2.210829143258539,30.95098446041854,0.0002739863587867118,7.721433747625515e-06,-2.402624920150768,2829.513271162087,-684.0180468811521,0.009999500037496875,0.0002739863587867118,7.721433747625515e-06
32.3810642436781,26.47427464348126,8.022573250923879,0.2518021181929446,-1.931102443185138,34.29936912730208,-1,34.65,-2.206018013109474,30.97077821872457,0.0002769823300122391,7.805865663981284e-06,-2.396746272170966,2860.453279928165,-676.2055468811523,0.009999500037496839,0.0002769823300122391,7.805865663981284e-06
33.16235330520158,26.58893596260901,8.220490940862202,0.2544805261286857,-1.928000587500307,34.30053216199285,-1,34.65,-2.201208129856195,30.99059373786454,0.0002799285787415543,7.888896309989258e-06,-2.390867601558747,2890.879794286974,-668.3930468811521,0.009999500037496839,0.0002799285787415543,7.888896309989258e-06
33.94364236672507,26.69555340791646,8.418635258071763,0.2571151459541265,-1.924899905276807,34.30169480031554,-1,34.65,-2.196399496120161,31.01043106358821,0.0002828266605495391,7.970569524577921e-06,-2.384988908234637,2920.80887897907,-660.5805468811523,0.009999500037496839,0.0002828266605495391,7.970569524577921e-06
34.72493142824856,26.79435120633102,8.617007816429615,0.2597073118112266,-1.921800400118811,34.30285704087435,-1,34.65,-2.191592114536076,31.03029024187643,0.0002856780429923493,8.050926666148027e-06,-2.379110192118657,2950.255689757596,-652.7680468811523,0.009999500037496839,0.0002856780429923493,8.050926666148027e-06
35.50622048977204,26.88554249692973,8.815610245057842,0.2622582840387219,-1.918702075653769,34.30401888226458,-1,34.65,-2.186785987751988,31.05017131894295,0.0002884841124425941,8.13000680520038e-06,-2.373231453130317,2979.23454397658,-644.9555468811523,0.009999500037496839,0.0002884841124425941,8.13000680520038e-06
36.28750955129553,26.96933014476707,9.014444188537775,0.2647692547766547,-1.915604935532619,34.30518032307255,-1,34.65,-2.181981118429412,31.07007434123656,0.0002912461802543202,8.207846898076297e-06,-2.367352691188614,3007.758984257975,-637.1430468811523,0.009999500037496839,0.0002912461802543202,8.207846898076297e-06
37.06879861281902,27.04590747815525,9.213511307122131,0.2672413530331901,-1.912508983429986,34.30634136187552,-1,34.65,-2.17717750924344,31.08999935544299,0.0002939654883365091,8.284481944028892e-06,-2.361473906212024,3035.841836050322,-629.3305468811524,0.009999500037496839,0.0002939654883365091,8.284481944028892e-06
37.8500876743425,27.11545895808909,9.412813276946313,0.2696756492755328,-1.909414223044403,34.30750199724162,-1,34.65,-2.172375162882869,31.10994640848712,0.0002966432142030861,8.359945127541518e-06,-2.355595098118501,3063.495259781216,-621.5180468811523,0.009999500037496839,0.0002966432142030861,8.359945127541518e-06
38.63137673586599,27.1781607873592,9.612351790239661,0.2720731595985322,-1.906320658098519,34.30866222772974,-1,34.65,-2.167574082050311,31.12991554753497,0.0002992804755583854,8.434267947554497e-06,-2.349716266825471,3090.730798212351,-613.7055468811524,0.009999500037496839,0.0002992804755583854,8.434267947554497e-06
39.41266579738948,27.23418146592297,9.812128555537067,0.2744348495175755,-1.903228292339326,34.30982205188949,-1,34.65,-2.162774269462324,31.14990681999593,0.000301878334469333,8.507480335044839e-06,-2.343837412249825,3117.559419526506,-605.8930468811524,0.009999500037496839,0.000301878334469333,8.507480335044839e-06
40.19395485891296,27.28368229826761,10.01214529789204,0.2767616374263885,-1.900137129538382,34.31098146826107,-1,34.65,-2.157975727849535,31.16992027352492,0.0003044378011690273,8.579610760218044e-06,-2.337958534307916,3143.9915566079,-598.0805468811524,0.009999500037496839,0.0003044378011690273,8.579610760218044e-06
40.97524392043645,27.32681785778946,10.21240375909096,0.2790543977552979,-1.897047173492038,34.3121404753752,-1,34.65,-2.153178459956764,31.18995595602457,0.0003069598375308277,8.650686330414236e-06,-2.332079632915556,3170.037142919818,-590.2680468811524,0.009999500037496839,0.0003069598375308277,8.650686330414236e-06
41.75653298195994,27.36373641259923,10.41290569786938,0.2813139638611055,-1.893958428021672,34.31329907175304,-1,34.65,-2.148382468543159,31.21001391564751,0.0003094453602472161,8.72073287969427e-06,-2.326200707988006,3195.705645333365,-582.4555468811525,0.009999500037496839,0.0003094453602472161,8.72073287969427e-06
42.53782204348342,27.39458031663595,10.61365289013042,0.2835411306759775,-1.890870896973924,34.3144572559061,-1,34.65,-2.143587756382319,31.23009420079865,0.0003118952437435753,8.789775050955303e-06,-2.320321759439977,3221.006094218653,-574.6430468811525,0.009999500037496839,0.0003118952437435753,8.789775050955303e-06
43.31911110500691,27.41948636951711,10.81464712916567,0.2857366571395008,-1.887784584220933,34.31561502633611,-1,34.65,-2.138794326262432,31.25019686013743,0.0003143103228534509,8.857836371324525e-06,-2.314442787185616,3245.947111072777,-566.8305468811526,0.009999500037496839,0.0003143103228534509,8.857836371324525e-06
44.10040016653039,27.43858614815643,11.01589022587877,0.2879012684352412,-1.884699493660586,34.31677238153499,-1,34.65,-2.134002180986406,31.27032194258026,0.0003166913952787653,8.924939321492476e-06,-2.308563791138512,3270.53693392695,-559.0180468811526,0.009999500037496839,0.0003166913952787653,8.924939321492476e-06
44.88168922805388,27.45200631283865,11.21738400901151,0.2900356580507126,-1.881615629216754,34.31792931998471,-1,34.65,-2.129211323372007,31.29046949730279,0.0003190392238557839,8.991105399572092e-06,-2.302684771211681,3294.783440747603,-551.2055468811526,0.009999500037496839,0.0003190392238557839,8.991105399572092e-06
45.66297828957737,27.45986889014024,11.41913032537327,0.292140489677518,-1.878532994839551,34.3190858401572,-1,34.65,-2.124421756251995,31.31063957374238,0.0003213545386452698,9.056355180003058e-06,-2.296805727317565,3318.694171021835,-543.3930468811526,0.009999500037496839,0.0003213545386452698,9.056355180003058e-06
46.44426735110086,27.46229153482552,11.62113104007333,0.2942163989665937,-1.875451594505581,34.32024194051429,-1,34.65,-2.119633482474266,31.3308322216005,0.0003236380388632531,9.120708367964406e-06,-2.290926659368026,3342.276345696871,-535.5805468811527,0.009999500037496839,0.0003236380388632531,9.120708367964406e-06
47.22555641262434,27.45938777261663,11.82338803675665,0.2962639951518524,-1.872371432218193,34.32139761950756,-1,34.65,-2.114846504901988,31.35104749084523,0.0003258903946670376,9.184183849707424e-06,-2.28504756727434,3365.536885624511,-527.7680468811527,0.009999500037496839,0.0003258903946670376,9.184183849707424e-06
48.00684547414783,27.45126722553814,12.02590321784274,0.2982838625541112,-1.869292512007744,34.32255287557828,-1,34.65,-2.110060826413752,31.3712854317137,0.0003281122488095223,9.246799739177447e-06,-2.279168450947193,3388.482428645655,-519.9555468811527,0.009999500037496839,0.0003281122488095223,9.246799739177447e-06
48.78813453567131,27.4380358213571,12.22867850476828,0.3002765619759295,-1.866214837931861,34.3237077071573,-1,34.65,-2.10527644990371,31.39154609471472,0.0003303042181735224,9.308573421253815e-06,-2.27328931029667,3411.119345435541,-512.1430468811527,0.009999500037496839,0.0003303042181735224,9.308573421253815e-06
49.5694235971948,27.41979598848708,12.43171583823313,0.3022426319968946,-1.863138414075705,34.32486211266492,-1,34.65,-2.100493378281723,31.41182953063118,0.0003324668951965841,9.369521591903733e-06,-2.267410145232257,3433.453754218111,-504.3305468811528,0.009999500037496839,0.0003324668951965841,9.369521591903733e-06
50.35071265871829,27.39664683758414,12.63501717845018,0.3041825901779125,-1.860063244552242,34.32601609051085,-1,34.65,-2.095711614473514,31.43213579052281,0.0003346008491957038,9.42966029551529e-06,-2.261530955662828,3455.491534446649,-496.5180468811528,0.009999500037496839,0.0003346008491957038,9.42966029551529e-06
51.13200172024177,27.36868433094334,12.83858450539879,0.3060969341822153,-1.856989333502512,34.32716963909403,-1,34.65,-2.090931161420813,31.45246492572873,0.0003367066276004369,9.489004959648676e-06,-2.255651741496645,3477.238339538346,-488.7055468811528,0.009999500037496839,0.0003367066276004369,9.489004959648676e-06
51.91329078176526,27.33600144069483,13.04241981908243,0.3079861428200172,-1.853916685095914,34.32832275680259,-1,34.65,-2.086152022081512,31.47281698787008,0.000338784757102019,9.547570427420534e-06,-2.249772502641346,3498.699608741525,-480.8930468811529,0.009999500037496839,0.000338784757102019,9.547570427420534e-06
52.69457984328874,27.29868829670372,13.24652513978998,0.3098506770231035,-1.850845303530477,34.3294754420137,-1,34.65,-2.081374199429821,31.49319202885277,0.0003408357447254139,9.605370987716208e-06,-2.243893239003942,3519.880578206878,-473.0805468811529,0.009999500037496839,0.0003408357447254139,9.605370987716208e-06
53.47586890481223,27.25683232499192,13.45090250836118,0.3116909807550112,-1.847775193033146,34.3306276930935,-1,34.65,-2.07659769645642,31.5135901008702,0.0003428600788305123,9.662420403405347e-06,-2.238013950490815,3540.786291327075,-465.2680468811529,0.009999500037496839,0.0003428600788305123,9.662420403405347e-06
54.25715796633572,27.2105183774231,13.65555398645639,0.3135074818619355,-1.844706357860074,34.33177950839693,-1,34.65,-2.071822516168619,31.53401125640598,0.0003448582300481291,9.718731937720002e-06,-2.232134637007702,3561.421608402975,-457.4555468811529,0.009999500037496839,0.0003448582300481291,9.718731937720002e-06
55.03844702785921,27.15982885332608,13.86048165683036,0.3153005928690271,-1.841638802296903,34.3329308862677,-1,34.65,-2.067048661590522,31.55445554823673,0.0003468306521559298,9.77431837893984e-06,-2.226255298459697,3581.79121568952,-449.6430468811529,0.009999500037496839,0.0003468306521559298,9.77431837893984e-06
55.81973608938269,27.10484381366844,14.06568762361046,0.3170707117263004,-1.838572530659067,34.33408182503811,-1,34.65,-2.062276135763182,31.57492302943499,0.0003487777828989304,9.829192063515312e-06,-2.220375934751241,3601.899633869189,-441.8305468811529,0.009999500037496839,0.0003487777828989304,9.829192063515312e-06
56.60102515090618,27.04564108833886,14.27117401257933,0.3188182225080062,-1.835507547292087,34.33523232302897,-1,34.65,-2.05750494174477,31.59541375337195,0.0003507000447588068,9.883364897748192e-06,-2.214496545786117,3621.751225996821,-434.0180468811531,0.009999500037496839,0.0003507000447588068,9.883364897748192e-06
57.38231421242966,26.98229637704759,14.47694297146206,0.3205434960689703,-1.83244385657187,34.33638237854947,-1,34.65,-2.052735082610742,31.61592777372051,0.0003525978456758673,9.936848378138078e-06,-2.208617131467442,3641.350204955574,-426.2055468811531,0.009999500037496839,0.0003525978456758673,9.936848378138078e-06
58.16360327395315,26.91488334430969,14.68299667021796,0.3222468906610951,-1.82938146290502,34.33753198989709,-1,34.65,-2.047966561454007,31.6364651444581,0.0003544715797272046,9.989653610493948e-06,-2.20273769169766,3660.700640460338,-418.3930468811531,0.009999500037496839,0.0003544715797272046,9.989653610493948e-06
58.94489233547664,26.84347370893655,14.88933730133694,0.3239287525129479,-1.826320370729141,34.33868115535743,-1,34.65,-2.04319938138509,31.65702591986969,0.0003563216277642428,1.004179132790139e-05,-2.196858226378538,3679.806465641809,-410.5805468811531,0.009999500037496839,0.0003563216277642428,1.004179132790139e-05
59.72618139700013,26.7681373284248,15.09596708014088,0.3255894163750956,-1.823260584513157,34.33982987320417,-1,34.65,-2.038433545532319,31.67761015455082,0.0003581483580126052,1.009327190762797e-05,-2.190978735411156,3698.671483241457,-402.7680468811531,0.009999500037496839,0.0003581483580126052,1.009327190762797e-05
60.50747045852361,26.68894227859925,15.30288824508972,0.3272292060336379,-1.820202108757626,34.34097814169886,-1,34.65,-2.03366905704199,31.69821790341069,0.0003599521266370017,1.014410538704277e-05,-2.185099218695902,3717.299371445222,-394.9555468811531,0.009999500037496839,0.0003599521266370017,1.014410538704277e-05
61.28875952004709,26.60595492883809,15.51010305809264,0.3288484347941754,-1.81714494799506,34.34212595909084,-1,34.65,-2.02890591907854,31.7188492216751,0.0003617332782735929,1.019430147861944e-05,-2.179219676132463,3735.693689381358,-387.1430468811532,0.009999500037496839,0.0003617332782735929,1.019430147861944e-05
62.07004858157058,26.51924001318097,15.7176138048242,0.3304474059382697,-1.814089106790255,34.34327332361716,-1,34.65,-2.024144134824744,31.73950416488981,0.0003634921465320967,1.024386958408636e-05,-2.173340107619821,3753.857882305782,-379.3305468811532,0.009999500037496839,0.0003634921465320967,1.024386958408636e-05
62.85133764309407,26.42886069759604,15.9254227950459,0.3320264131542804,-1.811034589740615,34.34442023350236,-1,34.65,-2.019383707481874,31.7601827889235,0.0003652290544697085,1.029281880778269e-05,-2.167460513056243,3771.79528649635,-371.5180468811532,0.009999500037496839,0.0003652290544697085,1.029281880778269e-05
63.63262670461756,26.33487864366267,16.13353236293287,0.3335857409443189,-1.807981401476494,34.34556668695842,-1,34.65,-2.014624640269903,31.78088514997113,0.0003669443150387509,1.034115796927389e-05,-2.161580892339275,3789.509133875826,-363.7055468811533,0.009999500037496839,0.0003669443150387509,1.034115796927389e-05
64.41391576614105,26.23735406890339,16.3419448674058,0.3351256650089233,-1.804929546661524,34.3467126821846,-1,34.65,-2.009866936427679,31.8016113045571,0.0003686382315098156,1.038889561527662e-05,-2.155701245365735,3807.002556381758,-355.8930468811533,0.009999500037496839,0.0003686382315098156,1.038889561527662e-05
65.19520482766453,26.13634580398243,16.55066269246891,0.3366464526109099,-1.801879029992968,34.3478582173673,-1,34.65,-2.005110599213119,31.82236130953859,0.0003703110978720009,1.043604003093821e-05,-2.149821572031704,3824.278590099803,-348.0805468811533,0.009999500037496839,0.0003703110978720009,1.043604003093821e-05
65.97649388918802,26.03191134697154,16.75968824755297,0.3381483629197863,-1.798829856202059,34.34900329067995,-1,34.65,-2.000355631903397,31.8431352221089,0.000371963199211765,1.048259925051338e-05,-2.143941872232519,3841.340179176238,-340.2680468811533,0.009999500037496839,0.000371963199211765,1.048259925051338e-05
66.75778295071152,25.92410691486869,16.9690239678642,0.3396316473379656,-1.795782030054355,34.35014790028288,-1,34.65,-1.995602037795145,31.86393309980082,0.0003735948120717622,1.052858106747694e-05,-2.138062145862767,3858.190179523718,-332.4555468811533,0.009999500037496839,0.0003735948120717622,1.052858106747694e-05
67.539072012235,25.81298749253971,17.17867231473942,0.3410965498099387,-1.792735556350097,34.35129204432316,-1,34.65,-1.990849820204637,31.88475500049004,0.0003752062047909326,1.05739930441081e-05,-2.132182392816274,3874.831362333464,-324.6430468811532,0.009999500037496839,0.0003752062047909326,1.05739930441081e-05
68.32036107375849,25.69860687924388,17.38863577600644,0.3425433071154986,-1.789690439924565,34.35243572093447,-1,34.65,-1.986098982468,31.90560098239864,0.0003767976378270485,1.061884252058046e-05,-2.126302612986102,3891.266417406265,-316.8305468811532,0.009999500037496839,0.0003767976378270485,1.061884252058046e-05
69.10165013528199,25.58101773288936,17.59891686635119,0.34397214914799,-1.786646685648448,34.35357892823696,-1,34.65,-1.981349527941409,31.92647110409863,0.000378369364062789,1.066313662358769e-05,-2.120422806264535,3907.497956313366,-309.0180468811531,0.009999500037496839,0.000378369364062789,1.066313662358769e-05
69.88293919680548,25.46027161215562,17.80951812769063,0.3453832991785195,-1.783604298428212,34.35472166433712,-1,34.65,-1.97660146000129,31.94736542451541,0.0003799216290963714,1.07068822745341e-05,-2.114542972543075,3923.528515397884,-301.2055468811531,0.009999500037496839,0.0003799216290963714,1.07068822745341e-05
70.66422825832898,25.3364190166106,18.02044212955222,0.3467769741069774,-1.780563283206474,34.35586392732764,-1,34.65,-1.971854782044534,31.96828400293153,0.0003814546715176752,1.07500861973163e-05,-2.108663111712431,3939.360558626395,-293.3930468811531,0.009999500037496839,0.0003814546715176752,1.07500861973163e-05
71.44551731985247,25.20950942493983,18.23169146945965,0.3481533847006674,-1.777523644962384,34.35700571528724,-1,34.65,-1.967109497488697,31.98922689899022,0.0003829687231707341,1.079275492572069e-05,-2.102783223662517,3954.996480299744,-285.580546881153,0.009999500037496839,0.0003829687231707341,1.079275492572069e-05
72.22680638137597,25.079591331398,18.44326877332543,0.3495127358212772,-1.77448538871201,34.35814702628056,-1,34.65,-1.962365609772217,32.01019417269913,0.000384464009403405,1.083489481045959e-05,-2.096903308282433,3970.438607631424,-277.7680468811529,0.009999500037496839,0.000384464009403405,1.083489481045959e-05
73.00809544289946,24.94671228058583,18.65517669584985,0.3508552266408881,-1.771448519508726,34.35928785835796,-1,34.65,-1.957623122354632,32.03118588443411,0.0003859407493049769,1.087651202586753e-05,-2.091023365460468,3985.689203201422,-269.9555468811529,0.009999500037496839,0.0003859407493049769,1.087651202586753e-05
73.78938450442296,24.81091890064614,18.86741792092723,0.352181050847646,-1.768413042443611,34.36042820955542,-1,34.65,-1.952882038716789,32.05220209494297,0.0003873991559324106,1.091761257627703e-05,-2.085143395084083,4000.750467292628,-262.1430468811529,0.009999500037496839,0.0003873991559324106,1.091761257627703e-05
74.57067356594645,24.67225693497101,19.07999516205858,0.3534903968417131,-1.765378962645845,34.36156807789438,-1,34.65,-1.948142362361075,32.07324286534936,0.0003888394365258844,1.095820230209311e-05,-2.079263397039905,4015.624540116829,-254.3305468811528,0.009999500037496839,0.0003888394365258844,1.095820230209311e-05
75.35196262746994,24.53077127249987,19.29291116277198,0.3547834479220273,-1.762346285283116,34.36270746138153,-1,34.65,-1.943404096811634,32.09430825715666,0.00039026179271423,1.099828688558285e-05,-2.073383371213719,4030.313503936288,-246.5180468811528,0.009999500037496839,0.00039026179271423,1.099828688558285e-05
76.13325168899344,24.38650597668873,19.50616869704978,0.3560603824644129,-1.759315015562035,34.36384635800875,-1,34.65,-1.938667245614593,32.11539833225194,0.0003916664207108542,1.10378718563968e-05,-2.067503317490459,4044.819385087063,-238.7055468811527,0.009999500037496839,0.0003916664207108542,1.10378718563968e-05
76.91454075051693,24.2395043132219,19.71977056976375,0.3573213740915062,-1.756285158728546,34.36498476575286,-1,34.65,-1.933931812338298,32.13651315290996,0.0003930535115006569,1.107696259683669e-05,-2.061623235754196,4059.144155909354,-230.8930468811527,0.009999500037496839,0.0003930535115006569,1.107696259683669e-05
77.69582981204042,24.08980877653476,19.93371961711718,0.358566591834966,-1.753256720068356,34.36612268257549,-1,34.65,-1.92919780057354,32.15765278179727,0.0003944232510184627,1.111556434688395e-05,-2.055743125888133,4073.289736590194,-223.0805468811527,0.009999500037496839,0.0003944232510184627,1.111556434688395e-05
78.47711887356391,23.93746111521099,20.14801870709519,0.3597962002903774,-1.750229704907356,34.36726010642297,-1,34.65,-1.924465213933795,32.17881728197623,0.0003957758203194152,1.11536822090017e-05,-2.049862987774593,4087.25799692315,-215.2680468811526,0.009999500037496839,0.0003957758203194152,1.11536822090017e-05
79.2584079350874,23.78250235631386,20.36267073992278,0.3610103597652506,-1.747204118612059,34.36839703522606,-1,34.65,-1.91973405605546,32.20000671690931,0.0003971113957417757,1.119132115272277e-05,-2.04398282129501,4101.050757989582,-207.4555468811526,0.009999500037496839,0.0003971113957417757,1.119132115272277e-05
80.0396969966109,23.62497282870728,20.57767864853098,0.3622092264204849,-1.744179966590036,34.36953346689988,-1,34.65,-1.915004330598099,32.22122115046321,0.0003984301490625334,1.122848601903503e-05,-2.03810262632992,4114.669793765658,-199.6430468811525,0.009999500037496839,0.0003984301490625334,1.122848601903503e-05
80.82098605813439,23.46491218541974,20.79304539903123,0.3633929524056437,-1.741157254290367,34.37066939934369,-1,34.65,-1.910276041244683,32.24246064691319,0.0003997322476462081,1.126518152457495e-05,-2.032222402758951,4128.116832659068,-191.8305468811525,0.009999500037496839,0.0003997322476462081,1.126518152457495e-05
81.60227511965789,23.30235942509976,21.00877399119818,0.3645616859883656,-1.738135987204086,34.37180483044072,-1,34.65,-1.905549191701846,32.26372527094746,0.0004010178545872022,1.130141226563934e-05,-2.02634215046081,4141.393558979128,-184.0180468811524,0.009999500037496839,0.0004010178545872022,1.130141226563934e-05
82.38356418118138,23.13735291260946,21.22486745896091,0.3657155716782211,-1.735116170864644,34.37293975805802,-1,34.65,-1.900823785700132,32.28501508767147,0.0004022871288460432,1.133718272202485e-05,-2.020461869313282,4154.501614343778,-176.2055468811524,0.009999500037496839,0.0004022871288460432,1.133718272202485e-05
83.16485324270488,22.96993039879901,21.44132887090323,0.3668547503452915,-1.73209781084837,34.37407418004626,-1,34.65,-1.896099826994251,32.30633016261245,0.0004035402253798207,1.137249726070404e-05,-2.014581559193207,4167.442599026636,-168.3930468811523,0.009999500037496839,0.0004035402253798207,1.137249726070404e-05
83.94614230422837,22.80012903950468,21.65816133077261,0.367979359333751,-1.72908091277494,34.37520809423955,-1,34.65,-1.89137731936334,32.32767056172397,0.0004047772952671262,1.140736013934628e-05,-2.008701219976483,4180.218073247272,-160.5805468811523,0.009999500037496839,0.0004047772952671262,1.140736013934628e-05
84.72743136575187,22.62798541380626,21.87536797799859,0.3690895325706934,-1.726065482307859,34.37634149845528,-1,34.65,-1.886656266611227,32.3490363513904,0.0004059984858277628,1.14417755096915e-05,-2.002820851538044,4192.829558407485,-152.7680468811522,0.009999500037496839,0.0004059984858277628,1.14417755096915e-05
85.50872042727536,22.45353554158296,22.09295198822006,0.3701854006704537,-1.723051525154939,34.37747439049391,-1,34.65,-1.881936672566693,32.3704275984317,0.0004072039407374991,1.147574742078407e-05,-1.996940453751858,4205.278538276375,-144.9555468811522,0.009999500037496839,0.0004072039407374991,1.147574742078407e-05
86.29000948879886,22.27681490039978,22.3109165738226,0.3712670910346345,-1.720039047068792,34.37860676813882,-1,34.65,-1.877218541083746,32.39184437010802,0.0004083938001380979,1.150927982207367e-05,-1.991060026490911,4217.566460126645,-137.1430468811521,0.009999500037496839,0.0004083938001380979,1.150927982207367e-05
87.07129855032234,22.09785844175773,22.5292649844851,0.3723347279480609,-1.717028053847324,34.37973862915607,-1,34.65,-1.872501876041892,32.41328673412453,0.000409568200742867,1.154237656638989e-05,-1.985179569627199,4229.694735824639,-129.3305468811521,0.009999500037496839,0.000409568200742867,1.154237656638989e-05
87.85258761184583,21.9167006067381,22.74800050773662,0.3733884326708528,-1.714018551334241,34.38086997129425,-1,34.65,-1.867786681346416,32.43475475863628,0.0004107272759379381,1.157504141279644e-05,-1.979299083031717,4241.664742876274,-121.518046881152,0.009999500037496839,0.0004107272759379381,1.157504141279644e-05
88.63387667336933,21.73337534106914,22.96712646952329,0.3744283235268056,-1.711010545419559,34.38200079228426,-1,34.65,-1.863072960928658,32.45624851225308,0.0004118711558794862,1.160727802933097e-05,-1.973418566574445,4253.477825431036,-113.705546881152,0.009999500037496839,0.0004118711558794862,1.160727802933097e-05
89.41516573489282,21.54791610964254,23.18664623478556,0.3754545159882581,-1.708004042040122,34.38313108983914,-1,34.65,-1.858360718746306,32.47776806404448,0.0004129999675870839,1.1639089995636e-05,-1.967538020124339,4265.135295246084,-105.893046881152,0.009999500037496839,0.0004129999675870839,1.1639089995636e-05
90.19645479641632,21.36035591050529,23.40656320804611,0.3764671227576072,-1.704999047180124,34.38426086165384,-1,34.65,-1.853649958783675,32.49931348354483,0.000414113835033368,1.167048080548583e-05,-1.961657443549321,4276.63843261224,-98.08054688115192,0.009999500037496839,0.000414113835033368,1.167048080548583e-05
90.97774385793981,21.17072728835099,23.62688083400862,0.3774662538456339,-1.701995566871646,34.38539010540502,-1,34.65,-1.848940685052013,32.52088484075841,0.0004152128792301973,1.170145386921465e-05,-1.955776836716264,4287.988487243766,-90.26804688115188,0.009999500037496839,0.0004152128792301973,1.170145386921465e-05
91.75903291946331,20.9790623475338,23.84760259816746,0.3784520166467841,-1.698993607195193,34.38651881875089,-1,34.65,-1.844232901589787,32.54248220616458,0.0004162972183114626,1.173201251605031e-05,-1.949896199490982,4299.186679133561,-82.45554688115183,0.009999500037496839,0.0004162972183114626,1.173201251605031e-05
92.5403219809868,20.78539276462618,24.06873202742889,0.379424516011546,-1.695993174280241,34.38764699933093,-1,34.65,-1.839526612462991,32.56410565072313,0.0004173669676127006,1.176215999635793e-05,-1.944015531738218,4310.234199375346,-74.64304688115178,0.009999500037496839,0.0004173669676127006,1.176215999635793e-05
93.3216110425103,20.58974980054138,24.29027269074381,0.3803838543160545,-1.692994274305792,34.38877464476572,-1,34.65,-1.834821821765453,32.58575524587952,0.00041842223974766,1.179189948379769e-05,-1.938134833321632,4321.132210954382,-66.83054688115172,0.009999500037496839,0.00041842223974766,1.179189948379769e-05
94.10290010403379,20.39216431224041,24.51222819975196,0.381330131529057,-1.689996913500941,34.38990175265676,-1,34.65,-1.830118533619137,32.60743106357035,0.0004194631446819628,1.182123407740077e-05,-1.932254104103789,4331.881849508177,-59.01804688115169,0.009999500037496839,0.0004194631446819628,1.182123407740077e-05
94.88418916555729,20.19266676404068,24.73460220943879,0.3822634452763416,-1.68700109814544,34.39102832058617,-1,34.65,-1.82541675217447,32.62913317622886,0.0004204897898039758,1.185016680356659e-05,-1.926373343946144,4342.484224058405,-51.20554688115165,0.009999500037496839,0.0004204897898039758,1.185016680356659e-05
95.66547822708078,19.99128723854551,24.95739841880419,0.3831838909027602,-1.684006834570284,34.39215434611651,-1,34.65,-1.820716481610652,32.6508616567905,0.0004215022799930363,1.187870061798557e-05,-1.920492552709032,4352.940417715469,-43.39304688115159,0.009999500037496839,0.0004215022799930363,1.187870061798557e-05
96.44676728860428,19.78805544720966,25.18062057154395,0.384091561531939,-1.681014129158293,34.3932798267906,-1,34.65,-1.81601772613598,32.6726165786985,0.0004225007176851329,1.190683840749011e-05,-1.914611730251657,4363.251488356818,-35.58054688115155,0.009999500037496839,0.0004225007176851329,1.190683840749011e-05
97.22805635012776,19.58300074055729,25.4042724567443,0.3849865481237801,-1.678022988344711,34.3944047601312,-1,34.65,-1.811320489988184,32.69439801590973,0.0004234852029361582,1.193458299183719e-05,-1.908730876432074,4373.418469280157,-27.76804688115151,0.009999500037496839,0.0004234852029361582,1.193458299183719e-05
98.00934541165125,19.37615211806713,25.62835790958943,0.3858689395298548,-1.67503341861781,34.39552914364087,-1,34.65,-1.806624777434751,32.71620604290044,0.0004244558334828404,1.19619371254255e-05,-1.902849991107178,4383.442369832705,-19.95554688115146,0.009999500037496839,0.0004244558334828404,1.19619371254255e-05
98.79063447317475,19.16753823773951,25.85288081208256,0.3867388225467723,-1.672045426519501,34.39665297480169,-1,34.65,-1.80193059277327,32.73804073467215,0.0004254127048014495,1.198890349894994e-05,-1.896969074132693,4393.324176017466,-12.14304688115141,0.009999500037496839,0.0004254127048014495,1.198890349894994e-05
99.57192353469824,18.95718742535738,26.07784509378092,0.3875962819676124,-1.66905901864596,34.39777625107502,-1,34.65,-1.79723794033177,32.75990216675766,0.0004263559101643737,1.201548474099599e-05,-1.891088125363155,4403.064851077507,-4.330546881151368,0.009999500037496839,0.0004263559101643737,1.201548474099599e-05
100.0049998750065,18.83984990563158,26.20273664258565,0.3880662588501506,-1.667404307791831,34.39839865437214,-1,34.65,-1.79463741780754,32.77203172438988,0.0004268728847351656,1.203005402435467e-05,-1.887828242895523,4408.403753406027,0,0.009999500037496839,0.0004268728847351656,1.203005402435467e-05
