0,0.0594
5.4323e-06,0.0594
1.0066e-05,0.0594
1.5593e-05,0.0594
2.0164e-05,0.0594
2.5455e-05,0.0594
3.1544e-05,0.0594
4.0051e-05,0.059401
5.2765e-05,0.059401
7.1581e-05,0.059401
8.4269e-05,0.059401
9.6967e-05,0.059401
0.00010975,0.059402
0.00012225,0.059402
0.00013487,0.059402
0.00014741,0.059402
0.00016026,0.059402
0.00017302,0.059402
0.00018581,0.059403
0.00019836,0.059403
0.00021112,0.059403
0.00022385,0.059403
0.0002368,0.059403
0.00024956,0.059403
0.0002624,0.059404
0.00027505,0.059404
0.00028796,0.059404
0.00030082,0.059404
0.00031383,0.059404
0.00032662,0.059405
0.00033953,0.059405
0.00035232,0.059405
0.00036537,0.059405
0.00037831,0.059405
0.00039136,0.059405
0.00040421,0.059406
0.00041723,0.059406
0.00043017,0.059406
0.00044332,0.059406
0.00045632,0.059406
0.00046942,0.059406
0.00048236,0.059407
0.00049551,0.059407
0.00050857,0.059407
0.00052179,0.059407
0.00053484,0.059407
0.00054803,0.059408
0.00056108,0.059408
0.00057435,0.059408
0.0005875,0.059408
0.0006008,0.059408
0.00061391,0.059408
0.0006272,0.059409
0.00064037,0.059409
0.00065374,0.059409
0.00066697,0.059409
0.00068034,0.059409
0.00069354,0.05941
0.00070694,0.05941
0.00072022,0.05941
0.00073368,0.05941
0.00074698,0.05941
0.00076043,0.059411
0.00077374,0.059411
0.00078724,0.059411
0.00080062,0.059411
0.00081416,0.059411
0.00082754,0.059411
0.00084109,0.059412
0.0008545,0.059412
0.0008681,0.059412
0.00088157,0.059412
0.0008952,0.059412
0.00090866,0.059413
0.00092231,0.059413
0.00093582,0.059413
0.00094952,0.059413
0.00096308,0.059413
0.00097679,0.059413
0.00099035,0.059414
0.0010041,0.059414
0.0010177,0.059414
0.0010315,0.059414
0.0010451,0.059414
0.0010589,0.059415
0.0010726,0.059415
0.0010865,0.059415
0.0011002,0.059415
0.001114,0.059415
0.0011278,0.059416
0.0011417,0.059416
0.0011554,0.059416
0.0011694,0.059416
0.0011832,0.059416
0.0011971,0.059417
0.001211,0.059417
0.001225,0.059417
0.0012388,0.059417
0.0012529,0.059417
0.0012668,0.059418
0.0012808,0.059418
0.0012947,0.059418
0.0013088,0.059418
0.0013228,0.059418
0.0013369,0.059418
0.0013509,0.059419
0.0013651,0.059419
0.0013791,0.059419
0.0013933,0.059419
0.0014073,0.059419
0.0014216,0.05942
0.0014356,0.05942
0.0014499,0.05942
0.001464,0.05942
0.0014783,0.05942
0.0014924,0.059421
0.0015068,0.059421
0.0015209,0.059421
0.0015353,0.059421
0.0015495,0.059421
0.0015639,0.059422
0.0015781,0.059422
0.0015926,0.059422
0.0016068,0.059422
0.0016213,0.059422
0.0016356,0.059423
0.0016501,0.059423
0.0016644,0.059423
0.0016789,0.059423
0.0016933,0.059423
0.0017079,0.059424
0.0017223,0.059424
0.0017368,0.059424
0.0017513,0.059424
0.0017659,0.059424
0.0017804,0.059425
0.001795,0.059425
0.0018095,0.059425
0.0018242,0.059425
0.0018387,0.059425
0.0018534,0.059426
0.001868,0.059426
0.0018828,0.059426
0.0018974,0.059426
0.0019121,0.059426
0.0019268,0.059427
0.0019416,0.059427
0.0019563,0.059427
0.0019711,0.059427
0.0019858,0.059427
0.0020007,0.059428
0.0020154,0.059428
0.0020303,0.059428
0.0020451,0.059428
0.00206,0.059428
0.0020748,0.059429
0.0020898,0.059429
0.0021046,0.059429
0.0021197,0.059429
0.0021345,0.059429
0.0021496,0.05943
0.0021645,0.05943
0.0021795,0.05943
0.0021945,0.05943
0.0022096,0.059431
0.0022246,0.059431
0.0022397,0.059431
0.0022547,0.059431
0.0022699,0.059431
0.0022849,0.059432
0.0023001,0.059432
0.0023152,0.059432
0.0023304,0.059432
0.0023455,0.059432
0.0023608,0.059433
0.002376,0.059433
0.0023913,0.059433
0.0024064,0.059433
0.0024218,0.059433
0.002437,0.059434
0.0024524,0.059434
0.0024676,0.059434
0.002483,0.059434
0.0024983,0.059435
0.0025137,0.059435
0.002529,0.059435
0.0025445,0.059435
0.0025599,0.059435
0.0025754,0.059436
0.0025908,0.059436
0.0026063,0.059436
0.0026217,0.059436
0.0026373,0.059436
0.0026527,0.059437
0.0026684,0.059437
0.0026838,0.059437
0.0026995,0.059437
0.002715,0.059438
0.0027307,0.059438
0.0027462,0.059438
0.002762,0.059438
0.0027775,0.059438
0.0027933,0.059439
0.0028089,0.059439
0.0028247,0.059439
0.0028403,0.059439
0.0028562,0.059439
0.0028719,0.05944
0.0028877,0.05944
0.0029034,0.05944
0.0029193,0.05944
0.0029351,0.059441
0.002951,0.059441
0.0029668,0.059441
0.0029828,0.059441
0.0029986,0.059441
0.0030146,0.059442
0.0030304,0.059442
0.0030465,0.059442
0.0030624,0.059442
0.0030785,0.059443
0.0030944,0.059443
0.0031105,0.059443
0.0031264,0.059443
0.0031426,0.059443
0.0031586,0.059444
0.0031748,0.059444
0.0031908,0.059444
0.003207,0.059444
0.0032231,0.059445
0.0032393,0.059445
0.0032554,0.059445
0.0032717,0.059445
0.0032878,0.059445
0.0033042,0.059446
0.0033203,0.059446
0.0033367,0.059446
0.0033529,0.059446
0.0033693,0.059447
0.0033855,0.059447
0.003402,0.059447
0.0034182,0.059447
0.0034347,0.059447
0.003451,0.059448
0.0034675,0.059448
0.0034839,0.059448
0.0035004,0.059448
0.0035168,0.059449
0.0035334,0.059449
0.0035498,0.059449
0.0035664,0.059449
0.0035828,0.059449
0.0035995,0.05945
0.003616,0.05945
0.0036327,0.05945
0.0036492,0.05945
0.0036659,0.059451
0.0036825,0.059451
0.0036992,0.059451
0.0037158,0.059451
0.0037326,0.059452
0.0037492,0.059452
0.0037661,0.059452
0.0037827,0.059452
0.0037996,0.059452
0.0038163,0.059453
0.0038332,0.059453
0.00385,0.059453
0.0038669,0.059453
0.0038837,0.059454
0.0039006,0.059454
0.0039175,0.059454
0.0039345,0.059454
0.0039513,0.059455
0.0039684,0.059455
0.0039853,0.059455
0.0040023,0.059455
0.0040193,0.059456
0.0040364,0.059456
0.0040534,0.059456
0.0040705,0.059456
0.0040875,0.059456
0.0041047,0.059457
0.0041217,0.059457
0.004139,0.059457
0.004156,0.059457
0.0041733,0.059458
0.0041904,0.059458
0.0042077,0.059458
0.0042249,0.059458
0.0042422,0.059459
0.0042594,0.059459
0.0042768,0.059459
0.004294,0.059459
0.0043114,0.05946
0.0043287,0.05946
0.0043461,0.05946
0.0043634,0.05946
0.0043809,0.059461
0.0043983,0.059461
0.0044158,0.059461
0.0044332,0.059461
0.0044507,0.059461
0.0044681,0.059462
0.0044858,0.059462
0.0045032,0.059462
0.0045208,0.059462
0.0045383,0.059463
0.004556,0.059463
0.0045735,0.059463
0.0045913,0.059463
0.0046088,0.059464
0.0046266,0.059464
0.0046442,0.059464
0.004662,0.059464
0.0046796,0.059465
0.0046974,0.059465
0.0047151,0.059465
0.004733,0.059465
0.0047507,0.059466
0.0047686,0.059466
0.0047864,0.059466
0.0048043,0.059466
0.0048221,0.059467
0.0048401,0.059467
0.0048579,0.059467
0.0048759,0.059467
0.0048938,0.059468
0.0049119,0.059468
0.0049298,0.059468
0.0049479,0.059468
0.0049658,0.059469
0.0049839,0.059469
0.0050019,0.059469
0.0050201,0.059469
0.0050381,0.05947
0.0050563,0.05947
0.0050744,0.05947
0.0050927,0.05947
0.0051108,0.059471
0.0051291,0.059471
0.0051472,0.059471
0.0051655,0.059471
0.0051837,0.059472
0.0052021,0.059472
0.0052203,0.059472
0.0052387,0.059472
0.005257,0.059473
0.0052754,0.059473
0.0052937,0.059473
0.0053122,0.059473
0.0053305,0.059474
0.005349,0.059474
0.0053674,0.059474
0.005386,0.059474
0.0054044,0.059475
0.005423,0.059475
0.0054415,0.059475
0.0054601,0.059475
0.0054786,0.059476
0.0054973,0.059476
0.0055158,0.059476
0.0055345,0.059476
0.0055531,0.059477
0.0055719,0.059477
0.0055905,0.059477
0.0056093,0.059477
0.0056279,0.059478
0.0056468,0.059478
0.0056655,0.059478
0.0056844,0.059479
0.0057031,0.059479
0.005722,0.059479
0.0057408,0.059479
0.0057598,0.05948
0.0057786,0.05948
0.0057976,0.05948
0.0058164,0.05948
0.0058355,0.059481
0.0058544,0.059481
0.0058734,0.059481
0.0058924,0.059481
0.0059115,0.059482
0.0059305,0.059482
0.0059496,0.059482
0.0059686,0.059482
0.0059879,0.059483
0.0060069,0.059483
0.0060262,0.059483
0.0060452,0.059484
0.0060645,0.059484
0.0060837,0.059484
0.006103,0.059484
0.0061222,0.059485
0.0061416,0.059485
0.0061608,0.059485
0.0061802,0.059485
0.0061994,0.059486
0.0062189,0.059486
0.0062382,0.059486
0.0062577,0.059486
0.006277,0.059487
0.0062965,0.059487
0.0063159,0.059487
0.0063355,0.059488
0.0063549,0.059488
0.0063745,0.059488
0.006394,0.059488
0.0064137,0.059489
0.0064332,0.059489
0.0064529,0.059489
0.0064724,0.059489
0.0064921,0.05949
0.0065117,0.05949
0.0065315,0.05949
0.0065511,0.05949
0.006571,0.059491
0.0065906,0.059491
0.0066105,0.059491
0.0066302,0.059492
0.0066501,0.059492
0.0066699,0.059492
0.0066898,0.059492
0.0067096,0.059493
0.0067296,0.059493
0.0067494,0.059493
0.0067695,0.059494
0.0067894,0.059494
0.0068094,0.059494
0.0068294,0.059494
0.0068495,0.059495
0.0068694,0.059495
0.0068896,0.059495
0.0069096,0.059495
0.0069298,0.059496
0.0069499,0.059496
0.0069701,0.059496
0.0069902,0.059497
0.0070105,0.059497
0.0070306,0.059497
0.007051,0.059497
0.0070711,0.059498
0.0070915,0.059498
0.0071117,0.059498
0.0071321,0.059499
0.0071524,0.059499
0.0071729,0.059499
0.0071931,0.059499
0.0072137,0.0595
0.007234,0.0595
0.0072546,0.0595
0.0072749,0.0595
0.0072955,0.059501
0.007316,0.059501
0.0073366,0.059501
0.0073571,0.059502
0.0073777,0.059502
0.0073983,0.059502
0.007419,0.059502
0.0074395,0.059503
0.0074603,0.059503
0.0074809,0.059503
0.0075017,0.059504
0.0075224,0.059504
0.0075432,0.059504
0.0075639,0.059504
0.0075848,0.059505
0.0076055,0.059505
0.0076265,0.059505
0.0076472,0.059506
0.0076682,0.059506
0.0076891,0.059506
0.0077101,0.059506
0.0077309,0.059507
0.007752,0.059507
0.0077729,0.059507
0.007794,0.059508
0.007815,0.059508
0.0078362,0.059508
0.0078571,0.059509
0.0078784,0.059509
0.0078994,0.059509
0.0079206,0.059509
0.0079417,0.05951
0.007963,0.05951
0.0079842,0.05951
0.0080055,0.059511
0.0080267,0.059511
0.0080481,0.059511
0.0080693,0.059511
0.0080907,0.059512
0.008112,0.059512
0.0081334,0.059512
0.0081547,0.059513
0.0081763,0.059513
0.0081976,0.059513
0.0082192,0.059514
0.0082406,0.059514
0.0082622,0.059514
0.0082836,0.059514
0.0083053,0.059515
0.0083268,0.059515
0.0083485,0.059515
0.00837,0.059516
0.0083917,0.059516
0.0084133,0.059516
0.0084351,0.059517
0.0084567,0.059517
0.0084786,0.059517
0.0085002,0.059517
0.0085221,0.059518
0.0085438,0.059518
0.0085657,0.059518
0.0085875,0.059519
0.0086095,0.059519
0.0086313,0.059519
0.0086533,0.05952
0.0086752,0.05952
0.0086972,0.05952
0.0087191,0.05952
0.0087412,0.059521
0.0087632,0.059521
0.0087853,0.059521
0.0088073,0.059522
0.0088295,0.059522
0.0088515,0.059522
0.0088738,0.059523
0.0088959,0.059523
0.0089182,0.059523
0.0089403,0.059523
0.0089626,0.059524
0.0089848,0.059524
0.0090072,0.059524
0.0090294,0.059525
0.0090519,0.059525
0.0090741,0.059525
0.0090966,0.059526
0.0091189,0.059526
0.0091415,0.059526
0.0091638,0.059527
0.0091864,0.059527
0.0092088,0.059527
0.0092314,0.059528
0.0092539,0.059528
0.0092765,0.059528
0.009299,0.059528
0.0093218,0.059529
0.0093443,0.059529
0.0093671,0.059529
0.0093897,0.05953
0.0094125,0.05953
0.0094351,0.05953
0.009458,0.059531
0.0094807,0.059531
0.0095036,0.059531
0.0095263,0.059532
0.0095493,0.059532
0.0095721,0.059532
0.0095951,0.059533
0.0096179,0.059533
0.009641,0.059533
0.0096638,0.059533
0.0096869,0.059534
0.0097099,0.059534
0.009733,0.059534
0.009756,0.059535
0.0097792,0.059535
0.0098022,0.059535
0.0098255,0.059536
0.0098485,0.059536
0.0098718,0.059536
0.0098949,0.059537
0.0099183,0.059537
0.0099415,0.059537
0.0099648,0.059538
0.0099881,0.059538
0.010012,0.059538
0.010035,0.059539
0.010058,0.059539
0.010082,0.059539
0.010105,0.05954
0.010128,0.05954
0.010152,0.05954
0.010175,0.059541
0.010199,0.059541
0.010223,0.059541
0.010246,0.059542
0.01027,0.059542
0.010294,0.059542
0.010317,0.059542
0.010341,0.059543
0.010364,0.059543
0.010388,0.059543
0.010412,0.059544
0.010436,0.059544
0.01046,0.059544
0.010483,0.059545
0.010507,0.059545
0.010531,0.059545
0.010555,0.059546
0.010579,0.059546
0.010603,0.059546
0.010627,0.059547
0.010651,0.059547
0.010675,0.059547
0.010699,0.059548
0.010723,0.059548
0.010747,0.059548
0.010771,0.059549
0.010795,0.059549
0.01082,0.059549
0.010844,0.05955
0.010868,0.05955
0.010892,0.05955
0.010917,0.059551
0.010941,0.059551
0.010965,0.059551
0.01099,0.059552
0.011014,0.059552
0.011038,0.059552
0.011063,0.059553
0.011087,0.059553
0.011112,0.059553
0.011136,0.059554
0.011161,0.059554
0.011185,0.059554
0.01121,0.059555
0.011235,0.059555
0.011259,0.059556
0.011284,0.059556
0.011309,0.059556
0.011333,0.059557
0.011358,0.059557
0.011383,0.059557
0.011408,0.059558
0.011432,0.059558
0.011457,0.059558
0.011482,0.059559
0.011507,0.059559
0.011532,0.059559
0.011557,0.05956
0.011582,0.05956
0.011607,0.05956
0.011632,0.059561
0.011657,0.059561
0.011682,0.059561
0.011707,0.059562
0.011732,0.059562
0.011758,0.059562
0.011783,0.059563
0.011808,0.059563
0.011833,0.059563
0.011859,0.059564
0.011884,0.059564
0.011909,0.059564
0.011934,0.059565
0.01196,0.059565
0.011985,0.059566
0.012011,0.059566
0.012036,0.059566
0.012062,0.059567
0.012087,0.059567
0.012113,0.059567
0.012138,0.059568
0.012164,0.059568
0.012189,0.059568
0.012215,0.059569
0.012241,0.059569
0.012266,0.059569
0.012292,0.05957
0.012318,0.05957
0.012344,0.05957
0.012369,0.059571
0.012395,0.059571
0.012421,0.059572
0.012447,0.059572
0.012473,0.059572
0.012499,0.059573
0.012525,0.059573
0.012551,0.059573
0.012577,0.059574
0.012603,0.059574
0.012629,0.059574
0.012655,0.059575
0.012681,0.059575
0.012707,0.059576
0.012733,0.059576
0.01276,0.059576
0.012786,0.059577
0.012812,0.059577
0.012838,0.059577
0.012865,0.059578
0.012891,0.059578
0.012917,0.059578
0.012944,0.059579
0.01297,0.059579
0.012997,0.059579
0.013023,0.05958
0.01305,0.05958
0.013076,0.059581
0.013103,0.059581
0.013129,0.059581
0.013156,0.059582
0.013183,0.059582
0.013209,0.059582
0.013236,0.059583
0.013263,0.059583
0.013289,0.059584
0.013316,0.059584
0.013343,0.059584
0.01337,0.059585
0.013397,0.059585
0.013424,0.059585
0.01345,0.059586
0.013478,0.059586
0.013504,0.059587
0.013532,0.059587
0.013558,0.059587
0.013586,0.059588
0.013613,0.059588
0.01364,0.059588
0.013667,0.059589
0.013694,0.059589
0.013721,0.05959
0.013749,0.05959
0.013776,0.05959
0.013803,0.059591
0.01383,0.059591
0.013858,0.059591
0.013885,0.059592
0.013913,0.059592
0.01394,0.059593
0.013968,0.059593
0.013995,0.059593
0.014023,0.059594
0.01405,0.059594
0.014078,0.059594
0.014105,0.059595
0.014133,0.059595
0.01416,0.059596
0.014188,0.059596
0.014216,0.059596
0.014244,0.059597
0.014271,0.059597
0.014299,0.059597
0.014327,0.059598
0.014355,0.059598
0.014383,0.059599
0.014411,0.059599
0.014439,0.059599
0.014467,0.0596
0.014495,0.0596
0.014523,0.059601
0.014551,0.059601
0.014579,0.059601
0.014607,0.059602
0.014635,0.059602
0.014663,0.059603
0.014692,0.059603
0.01472,0.059603
0.014748,0.059604
0.014776,0.059604
0.014805,0.059604
0.014833,0.059605
0.014862,0.059605
0.01489,0.059606
0.014919,0.059606
0.014947,0.059606
0.014976,0.059607
0.015004,0.059607
0.015033,0.059608
0.015061,0.059608
0.01509,0.059608
0.015119,0.059609
0.015147,0.059609
0.015176,0.05961
0.015205,0.05961
0.015233,0.05961
0.015262,0.059611
0.015291,0.059611
0.01532,0.059612
0.015349,0.059612
0.015378,0.059612
0.015407,0.059613
0.015436,0.059613
0.015465,0.059614
0.015494,0.059614
0.015523,0.059614
0.015552,0.059615
0.015581,0.059615
0.015611,0.059616
0.01564,0.059616
0.015669,0.059616
0.015698,0.059617
0.015728,0.059617
0.015757,0.059618
0.015786,0.059618
0.015816,0.059618
0.015845,0.059619
0.015875,0.059619
0.015904,0.05962
0.015934,0.05962
0.015963,0.05962
0.015993,0.059621
0.016022,0.059621
0.016052,0.059622
0.016082,0.059622
0.016111,0.059622
0.016141,0.059623
0.016171,0.059623
0.016201,0.059624
0.01623,0.059624
0.01626,0.059625
0.01629,0.059625
0.01632,0.059625
0.01635,0.059626
0.01638,0.059626
0.01641,0.059627
0.01644,0.059627
0.01647,0.059627
0.0165,0.059628
0.016531,0.059628
0.016561,0.059629
0.016591,0.059629
0.016621,0.05963
0.016651,0.05963
0.016682,0.05963
0.016712,0.059631
0.016743,0.059631
0.016773,0.059632
0.016803,0.059632
0.016834,0.059632
0.016864,0.059633
0.016895,0.059633
0.016925,0.059634
0.016956,0.059634
0.016987,0.059635
0.017017,0.059635
0.017048,0.059635
0.017079,0.059636
0.01711,0.059636
0.01714,0.059637
0.017171,0.059637
0.017202,0.059638
0.017233,0.059638
0.017264,0.059638
0.017295,0.059639
0.017326,0.059639
0.017357,0.05964
0.017388,0.05964
0.017419,0.059641
0.01745,0.059641
0.017481,0.059641
0.017512,0.059642
0.017544,0.059642
0.017575,0.059643
0.017606,0.059643
0.017637,0.059644
0.017669,0.059644
0.0177,0.059644
0.017732,0.059645
0.017763,0.059645
0.017794,0.059646
0.017826,0.059646
0.017857,0.059647
0.017889,0.059647
0.017921,0.059647
0.017952,0.059648
0.017984,0.059648
0.018016,0.059649
0.018047,0.059649
0.018079,0.05965
0.018111,0.05965
0.018143,0.059651
0.018175,0.059651
0.018207,0.059651
0.018239,0.059652
0.018271,0.059652
0.018303,0.059653
0.018335,0.059653
0.018367,0.059654
0.018399,0.059654
0.018431,0.059655
0.018463,0.059655
0.018495,0.059655
0.018528,0.059656
0.01856,0.059656
0.018592,0.059657
0.018625,0.059657
0.018657,0.059658
0.018689,0.059658
0.018722,0.059659
0.018754,0.059659
0.018787,0.059659
0.01882,0.05966
0.018852,0.05966
0.018885,0.059661
0.018917,0.059661
0.01895,0.059662
0.018983,0.059662
0.019016,0.059663
0.019048,0.059663
0.019081,0.059663
0.019114,0.059664
0.019147,0.059664
0.01918,0.059665
0.019213,0.059665
0.019246,0.059666
0.019279,0.059666
0.019312,0.059667
0.019345,0.059667
0.019378,0.059668
0.019412,0.059668
0.019445,0.059669
0.019478,0.059669
0.019511,0.059669
0.019545,0.05967
0.019578,0.05967
0.019612,0.059671
0.019645,0.059671
0.019678,0.059672
0.019712,0.059672
0.019745,0.059673
0.019779,0.059673
0.019813,0.059674
0.019846,0.059674
0.01988,0.059675
0.019914,0.059675
0.019948,0.059675
0.019981,0.059676
0.020015,0.059676
0.020049,0.059677
0.020083,0.059677
0.020117,0.059678
0.020151,0.059678
0.020185,0.059679
0.020219,0.059679
0.020253,0.05968
0.020287,0.05968
0.020321,0.059681
0.020355,0.059681
0.02039,0.059682
0.020424,0.059682
0.020458,0.059682
0.020493,0.059683
0.020527,0.059683
0.020561,0.059684
0.020596,0.059684
0.02063,0.059685
0.020665,0.059685
0.020699,0.059686
0.020734,0.059686
0.020769,0.059687
0.020803,0.059687
0.020838,0.059688
0.020873,0.059688
0.020908,0.059689
0.020942,0.059689
0.020977,0.05969
0.021012,0.05969
0.021047,0.059691
0.021082,0.059691
0.021117,0.059692
0.021152,0.059692
0.021187,0.059693
0.021222,0.059693
0.021258,0.059694
0.021293,0.059694
0.021328,0.059694
0.021363,0.059695
0.021399,0.059695
0.021434,0.059696
0.021469,0.059696
0.021505,0.059697
0.02154,0.059697
0.021576,0.059698
0.021611,0.059698
0.021647,0.059699
0.021682,0.059699
0.021718,0.0597
0.021754,0.0597
0.021789,0.059701
0.021825,0.059701
0.021861,0.059702
0.021897,0.059702
0.021933,0.059703
0.021969,0.059703
0.022005,0.059704
0.022041,0.059704
0.022077,0.059705
0.022113,0.059705
0.022149,0.059706
0.022185,0.059706
0.022221,0.059707
0.022257,0.059707
0.022294,0.059708
0.02233,0.059708
0.022366,0.059709
0.022403,0.059709
0.022439,0.05971
0.022476,0.05971
0.022512,0.059711
0.022549,0.059711
0.022585,0.059712
0.022622,0.059712
0.022658,0.059713
0.022695,0.059713
0.022732,0.059714
0.022769,0.059714
0.022806,0.059715
0.022843,0.059715
0.022879,0.059716
0.022916,0.059716
0.022953,0.059717
0.02299,0.059717
0.023027,0.059718
0.023065,0.059718
0.023102,0.059719
0.023139,0.059719
0.023176,0.05972
0.023213,0.059721
0.023251,0.059721
0.023288,0.059722
0.023325,0.059722
0.023363,0.059723
0.0234,0.059723
0.023438,0.059724
0.023475,0.059724
0.023513,0.059725
0.02355,0.059725
0.023588,0.059726
0.023626,0.059726
0.023664,0.059727
0.023701,0.059727
0.023739,0.059728
0.023777,0.059728
0.023815,0.059729
0.023853,0.059729
0.023891,0.05973
0.023929,0.05973
0.023967,0.059731
0.024005,0.059731
0.024044,0.059732
0.024082,0.059732
0.02412,0.059733
0.024158,0.059734
0.024197,0.059734
0.024235,0.059735
0.024273,0.059735
0.024312,0.059736
0.02435,0.059736
0.024389,0.059737
0.024427,0.059737
0.024466,0.059738
0.024505,0.059738
0.024543,0.059739
0.024582,0.059739
0.024621,0.05974
0.02466,0.05974
0.024699,0.059741
0.024738,0.059742
0.024776,0.059742
0.024816,0.059743
0.024854,0.059743
0.024894,0.059744
0.024933,0.059744
0.024972,0.059745
0.025011,0.059745
0.02505,0.059746
0.02509,0.059746
0.025129,0.059747
0.025168,0.059747
0.025208,0.059748
0.025247,0.059749
0.025287,0.059749
0.025326,0.05975
0.025366,0.05975
0.025406,0.059751
0.025445,0.059751
0.025485,0.059752
0.025525,0.059752
0.025565,0.059753
0.025605,0.059754
0.025644,0.059754
0.025685,0.059755
0.025724,0.059755
0.025765,0.059756
0.025805,0.059756
0.025845,0.059757
0.025885,0.059757
0.025925,0.059758
0.025965,0.059758
0.026006,0.059759
0.026046,0.05976
0.026086,0.05976
0.026127,0.059761
0.026167,0.059761
0.026208,0.059762
0.026249,0.059762
0.026289,0.059763
0.02633,0.059764
0.02637,0.059764
0.026411,0.059765
0.026452,0.059765
0.026493,0.059766
0.026534,0.059766
0.026575,0.059767
0.026616,0.059767
0.026657,0.059768
0.026698,0.059769
0.026739,0.059769
0.02678,0.05977
0.026821,0.05977
0.026862,0.059771
0.026904,0.059771
0.026945,0.059772
0.026986,0.059773
0.027028,0.059773
0.027069,0.059774
0.027111,0.059774
0.027152,0.059775
0.027194,0.059775
0.027236,0.059776
0.027277,0.059777
0.027319,0.059777
0.027361,0.059778
0.027403,0.059778
0.027445,0.059779
0.027487,0.059779
0.027529,0.05978
0.027571,0.059781
0.027613,0.059781
0.027655,0.059782
0.027697,0.059782
0.027739,0.059783
0.027781,0.059784
0.027824,0.059784
0.027866,0.059785
0.027909,0.059785
0.027951,0.059786
0.027994,0.059786
0.028036,0.059787
0.028079,0.059788
0.028121,0.059788
0.028164,0.059789
0.028207,0.059789
0.02825,0.05979
0.028292,0.059791
0.028335,0.059791
0.028378,0.059792
0.028421,0.059792
0.028464,0.059793
0.028507,0.059794
0.02855,0.059794
0.028594,0.059795
0.028637,0.059795
0.02868,0.059796
0.028723,0.059797
0.028767,0.059797
0.02881,0.059798
0.028854,0.059798
0.028897,0.059799
0.028941,0.0598
0.028984,0.0598
0.029028,0.059801
0.029071,0.059801
0.029115,0.059802
0.029159,0.059803
0.029203,0.059803
0.029247,0.059804
0.029291,0.059804
0.029335,0.059805
0.029379,0.059806
0.029423,0.059806
0.029467,0.059807
0.029511,0.059807
0.029556,0.059808
0.0296,0.059809
0.029644,0.059809
0.029688,0.05981
0.029733,0.05981
0.029777,0.059811
0.029822,0.059812
0.029866,0.059812
0.029911,0.059813
0.029956,0.059814
0.030001,0.059814
0.030045,0.059815
0.03009,0.059815
0.030135,0.059816
0.03018,0.059817
0.030225,0.059817
0.03027,0.059818
0.030315,0.059818
0.03036,0.059819
0.030405,0.05982
0.030451,0.05982
0.030496,0.059821
0.030542,0.059822
0.030587,0.059822
0.030632,0.059823
0.030678,0.059824
0.030723,0.059824
0.030769,0.059825
0.030815,0.059825
0.03086,0.059826
0.030906,0.059827
0.030952,0.059827
0.030998,0.059828
0.031044,0.059829
0.03109,0.059829
0.031136,0.05983
0.031182,0.05983
0.031228,0.059831
0.031274,0.059832
0.03132,0.059832
0.031367,0.059833
0.031413,0.059834
0.031459,0.059834
0.031506,0.059835
0.031552,0.059836
0.031599,0.059836
0.031645,0.059837
0.031692,0.059837
0.031739,0.059838
0.031785,0.059839
0.031832,0.059839
0.031879,0.05984
0.031926,0.059841
0.031973,0.059841
0.03202,0.059842
0.032067,0.059843
0.032114,0.059843
0.032161,0.059844
0.032209,0.059845
0.032256,0.059845
0.032303,0.059846
0.032351,0.059847
0.032398,0.059847
0.032446,0.059848
0.032493,0.059849
0.032541,0.059849
0.032588,0.05985
0.032636,0.059851
0.032684,0.059851
0.032732,0.059852
0.03278,0.059852
0.032828,0.059853
0.032876,0.059854
0.032924,0.059854
0.032972,0.059855
0.03302,0.059856
0.033068,0.059856
0.033116,0.059857
0.033165,0.059858
0.033213,0.059858
0.033262,0.059859
0.03331,0.05986
0.033359,0.05986
0.033407,0.059861
0.033456,0.059862
0.033504,0.059862
0.033553,0.059863
0.033602,0.059864
0.033651,0.059865
0.0337,0.059865
0.033749,0.059866
0.033798,0.059867
0.033847,0.059867
0.033896,0.059868
0.033946,0.059869
0.033995,0.059869
0.034044,0.05987
0.034093,0.059871
0.034143,0.059871
0.034192,0.059872
0.034242,0.059873
0.034292,0.059873
0.034341,0.059874
0.034391,0.059875
0.034441,0.059875
0.034491,0.059876
0.034541,0.059877
0.034591,0.059877
0.034641,0.059878
0.034691,0.059879
0.034741,0.05988
0.034791,0.05988
0.034841,0.059881
0.034892,0.059882
0.034942,0.059882
0.034992,0.059883
0.035043,0.059884
0.035093,0.059884
0.035144,0.059885
0.035195,0.059886
0.035245,0.059887
0.035296,0.059887
0.035347,0.059888
0.035398,0.059889
0.035449,0.059889
0.0355,0.05989
0.035551,0.059891
0.035602,0.059891
0.035653,0.059892
0.035705,0.059893
0.035756,0.059894
0.035807,0.059894
0.035859,0.059895
0.03591,0.059896
0.035962,0.059896
0.036013,0.059897
0.036065,0.059898
0.036117,0.059899
0.036169,0.059899
0.03622,0.0599
0.036272,0.059901
0.036324,0.059901
0.036376,0.059902
0.036428,0.059903
0.036481,0.059904
0.036533,0.059904
0.036585,0.059905
0.036637,0.059906
0.03669,0.059906
0.036742,0.059907
0.036795,0.059908
0.036847,0.059909
0.0369,0.059909
0.036953,0.05991
0.037006,0.059911
0.037058,0.059912
0.037111,0.059912
0.037164,0.059913
0.037217,0.059914
0.03727,0.059914
0.037324,0.059915
0.037377,0.059916
0.03743,0.059917
0.037483,0.059917
0.037537,0.059918
0.03759,0.059919
0.037644,0.05992
0.037697,0.05992
0.037751,0.059921
0.037805,0.059922
0.037859,0.059923
0.037912,0.059923
0.037966,0.059924
0.03802,0.059925
0.038074,0.059926
0.038128,0.059926
0.038183,0.059927
0.038237,0.059928
0.038291,0.059928
0.038345,0.059929
0.0384,0.05993
0.038454,0.059931
0.038509,0.059932
0.038563,0.059932
0.038618,0.059933
0.038673,0.059934
0.038728,0.059935
0.038782,0.059935
0.038838,0.059936
0.038892,0.059937
0.038948,0.059938
0.039003,0.059938
0.039058,0.059939
0.039113,0.05994
0.039168,0.059941
0.039224,0.059941
0.039279,0.059942
0.039335,0.059943
0.03939,0.059944
0.039446,0.059944
0.039502,0.059945
0.039557,0.059946
0.039613,0.059947
0.039669,0.059948
0.039725,0.059948
0.039781,0.059949
0.039838,0.05995
0.039894,0.059951
0.03995,0.059951
0.040006,0.059952
0.040063,0.059953
0.040119,0.059954
0.040176,0.059954
0.040232,0.059955
0.040289,0.059956
0.040346,0.059957
0.040403,0.059958
0.040459,0.059958
0.040516,0.059959
0.040573,0.05996
0.04063,0.059961
0.040687,0.059962
0.040745,0.059962
0.040802,0.059963
0.040859,0.059964
0.040917,0.059965
0.040974,0.059965
0.041032,0.059966
0.041089,0.059967
0.041147,0.059968
0.041205,0.059969
0.041263,0.059969
0.041321,0.05997
0.041378,0.059971
0.041437,0.059972
0.041495,0.059973
0.041553,0.059973
0.041611,0.059974
0.041669,0.059975
0.041728,0.059976
0.041786,0.059977
0.041845,0.059977
0.041903,0.059978
0.041962,0.059979
0.042021,0.05998
0.04208,0.059981
0.042139,0.059982
0.042197,0.059982
0.042257,0.059983
0.042316,0.059984
0.042375,0.059985
0.042434,0.059986
0.042493,0.059986
0.042553,0.059987
0.042612,0.059988
0.042672,0.059989
0.042731,0.05999
0.042791,0.059991
0.042851,0.059991
0.042911,0.059992
0.042971,0.059993
0.04303,0.059994
0.043091,0.059995
0.043151,0.059995
0.043211,0.059996
0.043271,0.059997
0.043332,0.059998
0.043392,0.059999
0.043452,0.06
0.043513,0.06
0.043574,0.060001
0.043634,0.060002
0.043695,0.060003
0.043756,0.060004
0.043817,0.060005
0.043878,0.060006
0.043939,0.060006
0.044,0.060007
0.044061,0.060008
0.044123,0.060009
0.044184,0.06001
0.044245,0.060011
0.044307,0.060011
0.044368,0.060012
0.04443,0.060013
0.044492,0.060014
0.044554,0.060015
0.044616,0.060016
0.044678,0.060017
0.04474,0.060017
0.044802,0.060018
0.044864,0.060019
0.044927,0.06002
0.044989,0.060021
0.045051,0.060022
0.045114,0.060023
0.045176,0.060023
0.045239,0.060024
0.045302,0.060025
0.045365,0.060026
0.045428,0.060027
0.04549,0.060028
0.045554,0.060029
0.045617,0.060029
0.04568,0.06003
0.045743,0.060031
0.045807,0.060032
0.04587,0.060033
0.045934,0.060034
0.045997,0.060035
0.046061,0.060036
0.046125,0.060036
0.046189,0.060037
0.046252,0.060038
0.046317,0.060039
0.046381,0.06004
0.046445,0.060041
0.046509,0.060042
0.046574,0.060043
0.046638,0.060044
0.046702,0.060044
0.046767,0.060045
0.046832,0.060046
0.046896,0.060047
0.046961,0.060048
0.047026,0.060049
0.047091,0.06005
0.047156,0.060051
0.047221,0.060052
0.047286,0.060053
0.047352,0.060053
0.047417,0.060054
0.047483,0.060055
0.047548,0.060056
0.047614,0.060057
0.047679,0.060058
0.047745,0.060059
0.047811,0.06006
0.047877,0.060061
0.047943,0.060062
0.048009,0.060062
0.048075,0.060063
0.048142,0.060064
0.048208,0.060065
0.048275,0.060066
0.048341,0.060067
0.048408,0.060068
0.048474,0.060069
0.048541,0.06007
0.048608,0.060071
0.048675,0.060072
0.048742,0.060073
0.048809,0.060073
0.048877,0.060074
0.048944,0.060075
0.049011,0.060076
0.049079,0.060077
0.049146,0.060078
0.049214,0.060079
0.049282,0.06008
0.04935,0.060081
0.049417,0.060082
0.049486,0.060083
0.049553,0.060084
0.049622,0.060085
0.04969,0.060086
0.049758,0.060087
0.049827,0.060088
0.049895,0.060088
0.049964,0.060089
0.050033,0.06009
0.050101,0.060091
0.05017,0.060092
0.050239,0.060093
0.050308,0.060094
0.050377,0.060095
0.050447,0.060096
0.050516,0.060097
0.050585,0.060098
0.050655,0.060099
0.050724,0.0601
0.050794,0.060101
0.050864,0.060102
0.050933,0.060103
0.051003,0.060104
0.051073,0.060105
0.051144,0.060106
0.051214,0.060107
0.051284,0.060108
0.051354,0.060109
0.051425,0.06011
0.051495,0.060111
0.051566,0.060111
0.051637,0.060112
0.051708,0.060113
0.051778,0.060114
0.05185,0.060115
0.051921,0.060116
0.051992,0.060117
0.052063,0.060118
0.052135,0.060119
0.052206,0.06012
0.052278,0.060121
0.052349,0.060122
0.052421,0.060123
0.052493,0.060124
0.052565,0.060125
0.052637,0.060126
0.052709,0.060127
0.052781,0.060128
0.052853,0.060129
0.052926,0.06013
0.052998,0.060131
0.053071,0.060132
0.053144,0.060133
0.053216,0.060134
0.053289,0.060135
0.053362,0.060136
0.053435,0.060137
0.053508,0.060138
0.053582,0.060139
0.053655,0.06014
0.053729,0.060141
0.053802,0.060142
0.053876,0.060143
0.053949,0.060144
0.054023,0.060145
0.054097,0.060146
0.054171,0.060147
0.054245,0.060148
0.05432,0.060149
0.054394,0.06015
0.054468,0.060151
0.054543,0.060152
0.054617,0.060154
0.054692,0.060155
0.054767,0.060156
0.054842,0.060157
0.054917,0.060158
0.054992,0.060159
0.055067,0.06016
0.055142,0.060161
0.055218,0.060162
0.055293,0.060163
0.055369,0.060164
0.055444,0.060165
0.05552,0.060166
0.055596,0.060167
0.055672,0.060168
0.055748,0.060169
0.055824,0.06017
0.055901,0.060171
0.055977,0.060172
0.056053,0.060173
0.05613,0.060174
0.056207,0.060175
0.056284,0.060176
0.05636,0.060178
0.056438,0.060179
0.056515,0.06018
0.056592,0.060181
0.056669,0.060182
0.056747,0.060183
0.056824,0.060184
0.056902,0.060185
0.056979,0.060186
0.057057,0.060187
0.057135,0.060188
0.057213,0.060189
0.057291,0.06019
0.05737,0.060191
0.057448,0.060193
0.057526,0.060194
0.057605,0.060195
0.057684,0.060196
0.057762,0.060197
0.057841,0.060198
0.05792,0.060199
0.057999,0.0602
0.058078,0.060201
0.058158,0.060202
0.058237,0.060203
0.058317,0.060204
0.058396,0.060206
0.058476,0.060207
0.058556,0.060208
0.058636,0.060209
0.058716,0.06021
0.058796,0.060211
0.058876,0.060212
0.058957,0.060213
0.059037,0.060214
0.059118,0.060216
0.059198,0.060217
0.059279,0.060218
0.05936,0.060219
0.059441,0.06022
0.059522,0.060221
0.059603,0.060222
0.059685,0.060223
0.059766,0.060224
0.059848,0.060226
0.059929,0.060227
0.060011,0.060228
0.060093,0.060229
0.060175,0.06023
0.060257,0.060231
0.060339,0.060232
0.060422,0.060233
0.060504,0.060235
0.060587,0.060236
0.060669,0.060237
0.060752,0.060238
0.060835,0.060239
0.060918,0.06024
0.061001,0.060241
0.061085,0.060243
0.061168,0.060244
0.061251,0.060245
0.061335,0.060246
0.061419,0.060247
0.061502,0.060248
0.061586,0.06025
0.06167,0.060251
0.061755,0.060252
0.061839,0.060253
0.061923,0.060254
0.062008,0.060255
0.062092,0.060256
0.062177,0.060258
0.062262,0.060259
0.062347,0.06026
0.062432,0.060261
0.062517,0.060262
0.062603,0.060264
0.062688,0.060265
0.062774,0.060266
0.062859,0.060267
0.062945,0.060268
0.063031,0.060269
0.063117,0.060271
0.063203,0.060272
0.063289,0.060273
0.063376,0.060274
0.063462,0.060275
0.063549,0.060277
0.063636,0.060278
0.063722,0.060279
0.063809,0.06028
0.063896,0.060281
0.063984,0.060283
0.064071,0.060284
0.064159,0.060285
0.064246,0.060286
0.064334,0.060287
0.064422,0.060289
0.06451,0.06029
0.064598,0.060291
0.064686,0.060292
0.064774,0.060293
0.064863,0.060295
0.064951,0.060296
0.06504,0.060297
0.065129,0.060298
0.065218,0.0603
0.065307,0.060301
0.065396,0.060302
0.065485,0.060303
0.065575,0.060304
0.065664,0.060306
0.065754,0.060307
0.065844,0.060308
0.065934,0.060309
0.066024,0.060311
0.066114,0.060312
0.066204,0.060313
0.066295,0.060314
0.066385,0.060316
0.066476,0.060317
0.066567,0.060318
0.066658,0.060319
0.066749,0.060321
0.06684,0.060322
0.066931,0.060323
0.067023,0.060324
0.067114,0.060326
0.067206,0.060327
0.067298,0.060328
0.06739,0.060329
0.067482,0.060331
0.067575,0.060332
0.067667,0.060333
0.067759,0.060335
0.067852,0.060336
0.067945,0.060337
0.068038,0.060338
0.068131,0.06034
0.068224,0.060341
0.068317,0.060342
0.068411,0.060343
0.068504,0.060345
0.068598,0.060346
0.068692,0.060347
0.068786,0.060349
0.06888,0.06035
0.068974,0.060351
0.069069,0.060353
0.069163,0.060354
0.069258,0.060355
0.069352,0.060356
0.069447,0.060358
0.069542,0.060359
0.069638,0.06036
0.069733,0.060362
0.069829,0.060363
0.069924,0.060364
0.07002,0.060366
0.070116,0.060367
0.070212,0.060368
0.070308,0.06037
0.070404,0.060371
0.0705,0.060372
0.070597,0.060374
0.070694,0.060375
0.070791,0.060376
0.070888,0.060378
0.070985,0.060379
0.071082,0.06038
0.07118,0.060382
0.071277,0.060383
0.071375,0.060384
0.071472,0.060386
0.071571,0.060387
0.071669,0.060388
0.071767,0.06039
0.071865,0.060391
0.071964,0.060392
0.072062,0.060394
0.072162,0.060395
0.07226,0.060396
0.07236,0.060398
0.072459,0.060399
0.072558,0.060401
0.072658,0.060402
0.072758,0.060403
0.072857,0.060405
0.072957,0.060406
0.073057,0.060407
0.073158,0.060409
0.073258,0.06041
0.073359,0.060412
0.073459,0.060413
0.07356,0.060414
0.073661,0.060416
0.073763,0.060417
0.073864,0.060419
0.073965,0.06042
0.074067,0.060421
0.074169,0.060423
0.074271,0.060424
0.074373,0.060426
0.074475,0.060427
0.074577,0.060428
0.07468,0.06043
0.074783,0.060431
0.074885,0.060433
0.074988,0.060434
0.075091,0.060435
0.075195,0.060437
0.075298,0.060438
0.075402,0.06044
0.075505,0.060441
0.07561,0.060443
0.075713,0.060444
0.075818,0.060445
0.075922,0.060447
0.076027,0.060448
0.076131,0.06045
0.076236,0.060451
0.076341,0.060453
0.076446,0.060454
0.076551,0.060456
0.076657,0.060457
0.076762,0.060458
0.076868,0.06046
0.076974,0.060461
0.07708,0.060463
0.077186,0.060464
0.077293,0.060466
0.077399,0.060467
0.077506,0.060469
0.077613,0.06047
0.07772,0.060472
0.077827,0.060473
0.077935,0.060475
0.078042,0.060476
0.07815,0.060478
0.078258,0.060479
0.078366,0.060481
0.078474,0.060482
0.078582,0.060483
0.078691,0.060485
0.0788,0.060486
0.078908,0.060488
0.079017,0.060489
0.079126,0.060491
0.079236,0.060492
0.079345,0.060494
0.079455,0.060495
0.079565,0.060497
0.079675,0.060499
0.079785,0.0605
0.079895,0.060502
0.080006,0.060503
0.080117,0.060505
0.080227,0.060506
0.080338,0.060508
0.080449,0.060509
0.080561,0.060511
0.080672,0.060512
0.080784,0.060514
0.080896,0.060515
0.081008,0.060517
0.08112,0.060518
0.081233,0.06052
0.081345,0.060521
0.081458,0.060523
0.081571,0.060525
0.081684,0.060526
0.081797,0.060528
0.08191,0.060529
0.082024,0.060531
0.082138,0.060532
0.082251,0.060534
0.082366,0.060536
0.08248,0.060537
0.082595,0.060539
0.082709,0.06054
0.082824,0.060542
0.082939,0.060543
0.083054,0.060545
0.083169,0.060547
0.083285,0.060548
0.0834,0.06055
0.083517,0.060551
0.083632,0.060553
0.083749,0.060555
0.083865,0.060556
0.083982,0.060558
0.084098,0.060559
0.084216,0.060561
0.084333,0.060563
0.08445,0.060564
0.084567,0.060566
0.084685,0.060567
0.084803,0.060569
0.084921,0.060571
0.085039,0.060572
0.085158,0.060574
0.085276,0.060576
0.085395,0.060577
0.085514,0.060579
0.085634,0.06058
0.085753,0.060582
0.085873,0.060584
0.085992,0.060585
0.086112,0.060587
0.086232,0.060589
0.086353,0.06059
0.086473,0.060592
0.086594,0.060594
0.086714,0.060595
0.086836,0.060597
0.086957,0.060599
0.087078,0.0606
0.0872,0.060602
0.087322,0.060604
0.087444,0.060605
0.087566,0.060607
0.087688,0.060609
0.087811,0.06061
0.087934,0.060612
0.088057,0.060614
0.08818,0.060616
0.088304,0.060617
0.088427,0.060619
0.088551,0.060621
0.088675,0.060622
0.088799,0.060624
0.088923,0.060626
0.089048,0.060627
0.089173,0.060629
0.089298,0.060631
0.089423,0.060633
0.089548,0.060634
0.089674,0.060636
0.0898,0.060638
0.089925,0.06064
0.090052,0.060641
0.090178,0.060643
0.090305,0.060645
0.090431,0.060646
0.090559,0.060648
0.090686,0.06065
0.090813,0.060652
0.090941,0.060653
0.091069,0.060655
0.091196,0.060657
0.091325,0.060659
0.091453,0.060661
0.091582,0.060662
0.091711,0.060664
0.09184,0.060666
0.091969,0.060668
0.092099,0.060669
0.092228,0.060671
0.092358,0.060673
0.092488,0.060675
0.092619,0.060677
0.092749,0.060678
0.09288,0.06068
0.093011,0.060682
0.093142,0.060684
0.093273,0.060686
0.093405,0.060687
0.093537,0.060689
0.093669,0.060691
0.093801,0.060693
0.093934,0.060695
0.094066,0.060696
0.094199,0.060698
0.094332,0.0607
0.094466,0.060702
0.094599,0.060704
0.094733,0.060706
0.094867,0.060707
0.095001,0.060709
0.095136,0.060711
0.09527,0.060713
0.095405,0.060715
0.09554,0.060717
0.095676,0.060719
0.095811,0.06072
0.095947,0.060722
0.096083,0.060724
0.096219,0.060726
0.096356,0.060728
0.096492,0.06073
0.096629,0.060732
0.096766,0.060734
0.096904,0.060735
0.097041,0.060737
0.097179,0.060739
0.097317,0.060741
0.097456,0.060743
0.097594,0.060745
0.097733,0.060747
0.097872,0.060749
0.098011,0.060751
0.09815,0.060753
0.09829,0.060755
0.09843,0.060756
0.09857,0.060758
0.09871,0.06076
0.098851,0.060762
0.098992,0.060764
0.099133,0.060766
0.099274,0.060768
0.099416,0.06077
0.099558,0.060772
0.0997,0.060774
0.099842,0.060776
0.099985,0.060778
0.10013,0.06078
0.10027,0.060782
0.10041,0.060784
0.10056,0.060786
0.1007,0.060788
0.10084,0.06079
0.10099,0.060792
0.10113,0.060794
0.10128,0.060796
0.10142,0.060798
0.10157,0.0608
0.10171,0.060802
0.10186,0.060804
0.10201,0.060806
0.10215,0.060808
0.1023,0.06081
0.10244,0.060812
0.10259,0.060814
0.10274,0.060816
0.10289,0.060818
0.10303,0.06082
0.10318,0.060822
0.10333,0.060824
0.10348,0.060826
0.10363,0.060828
0.10378,0.06083
0.10393,0.060832
0.10408,0.060834
0.10422,0.060836
0.10438,0.060838
0.10453,0.06084
0.10468,0.060842
0.10483,0.060844
0.10498,0.060846
0.10513,0.060849
0.10528,0.060851
0.10543,0.060853
0.10558,0.060855
0.10574,0.060857
0.10589,0.060859
0.10604,0.060861
0.1062,0.060863
0.10635,0.060865
0.1065,0.060867
0.10666,0.06087
0.10681,0.060872
0.10697,0.060874
0.10712,0.060876
0.10727,0.060878
0.10743,0.06088
0.10759,0.060882
0.10774,0.060884
0.1079,0.060887
0.10805,0.060889
0.10821,0.060891
0.10837,0.060893
0.10853,0.060895
0.10868,0.060897
0.10884,0.0609
0.109,0.060902
0.10916,0.060904
0.10932,0.060906
0.10947,0.060908
0.10963,0.06091
0.10979,0.060913
0.10995,0.060915
0.11011,0.060917
0.11027,0.060919
0.11043,0.060921
0.11059,0.060924
0.11076,0.060926
0.11092,0.060928
0.11108,0.06093
0.11124,0.060933
0.1114,0.060935
0.11157,0.060937
0.11173,0.060939
0.11189,0.060941
0.11206,0.060944
0.11222,0.060946
0.11238,0.060948
0.11255,0.06095
0.11271,0.060953
0.11288,0.060955
0.11304,0.060957
0.11321,0.06096
0.11337,0.060962
0.11354,0.060964
0.11371,0.060966
0.11387,0.060969
0.11404,0.060971
0.11421,0.060973
0.11438,0.060976
0.11454,0.060978
0.11471,0.06098
0.11488,0.060982
0.11505,0.060985
0.11522,0.060987
0.11539,0.060989
0.11556,0.060992
0.11573,0.060994
0.1159,0.060996
0.11607,0.060999
0.11624,0.061001
0.11641,0.061004
0.11658,0.061006
0.11675,0.061008
0.11693,0.061011
0.1171,0.061013
0.11727,0.061015
0.11745,0.061018
0.11762,0.06102
0.11779,0.061022
0.11797,0.061025
0.11814,0.061027
0.11832,0.06103
0.11849,0.061032
0.11867,0.061035
0.11884,0.061037
0.11902,0.061039
0.1192,0.061042
0.11937,0.061044
0.11955,0.061047
0.11973,0.061049
0.11991,0.061051
0.12008,0.061054
0.12026,0.061056
0.12044,0.061059
0.12062,0.061061
0.1208,0.061064
0.12098,0.061066
0.12116,0.061069
0.12134,0.061071
0.12152,0.061074
0.1217,0.061076
0.12188,0.061079
0.12206,0.061081
0.12225,0.061084
0.12243,0.061086
0.12261,0.061089
0.12279,0.061091
0.12298,0.061094
0.12316,0.061096
0.12335,0.061099
0.12353,0.061101
0.12372,0.061104
0.1239,0.061106
0.12409,0.061109
0.12427,0.061111
0.12446,0.061114
0.12465,0.061117
0.12483,0.061119
0.12502,0.061122
0.12521,0.061124
0.1254,0.061127
0.12558,0.061129
0.12577,0.061132
0.12596,0.061135
0.12615,0.061137
0.12634,0.06114
0.12653,0.061142
0.12672,0.061145
0.12691,0.061148
0.1271,0.06115
0.1273,0.061153
0.12749,0.061156
0.12768,0.061158
0.12787,0.061161
0.12807,0.061164
0.12826,0.061166
0.12845,0.061169
0.12865,0.061172
0.12884,0.061174
0.12904,0.061177
0.12923,0.06118
0.12943,0.061182
0.12963,0.061185
0.12982,0.061188
0.13002,0.06119
0.13022,0.061193
0.13041,0.061196
0.13061,0.061198
0.13081,0.061201
0.13101,0.061204
0.13121,0.061207
0.13141,0.061209
0.13161,0.061212
0.13181,0.061215
0.13201,0.061218
0.13221,0.06122
0.13241,0.061223
0.13261,0.061226
0.13282,0.061229
0.13302,0.061232
0.13322,0.061234
0.13343,0.061237
0.13363,0.06124
0.13383,0.061243
0.13404,0.061245
0.13424,0.061248
0.13445,0.061251
0.13466,0.061254
0.13486,0.061257
0.13507,0.06126
0.13528,0.061262
0.13548,0.061265
0.13569,0.061268
0.1359,0.061271
0.13611,0.061274
0.13632,0.061277
0.13653,0.06128
0.13674,0.061283
0.13695,0.061285
0.13716,0.061288
0.13737,0.061291
0.13758,0.061294
0.1378,0.061297
0.13801,0.0613
0.13822,0.061303
0.13844,0.061306
0.13865,0.061309
0.13886,0.061312
0.13908,0.061315
0.13929,0.061318
0.13951,0.061321
0.13973,0.061324
0.13994,0.061326
0.14016,0.061329
0.14038,0.061332
0.14059,0.061335
0.14081,0.061338
0.14103,0.061341
0.14125,0.061344
0.14147,0.061347
0.14169,0.06135
0.14191,0.061353
0.14213,0.061357
0.14235,0.06136
0.14257,0.061363
0.1428,0.061366
0.14302,0.061369
0.14324,0.061372
0.14347,0.061375
0.14369,0.061378
0.14392,0.061381
0.14414,0.061384
0.14437,0.061387
0.14459,0.06139
0.14482,0.061393
0.14505,0.061396
0.14527,0.0614
0.1455,0.061403
0.14573,0.061406
0.14596,0.061409
0.14619,0.061412
0.14642,0.061415
0.14665,0.061418
0.14688,0.061422
0.14711,0.061425
0.14734,0.061428
0.14757,0.061431
0.14781,0.061434
0.14804,0.061438
0.14827,0.061441
0.14851,0.061444
0.14874,0.061447
0.14898,0.06145
0.14921,0.061454
0.14945,0.061457
0.14968,0.06146
0.14992,0.061463
0.15016,0.061467
0.1504,0.06147
0.15064,0.061473
0.15087,0.061476
0.15111,0.06148
0.15135,0.061483
0.1516,0.061486
0.15184,0.06149
0.15208,0.061493
0.15232,0.061496
0.15256,0.0615
0.15281,0.061503
0.15305,0.061506
0.15329,0.06151
0.15354,0.061513
0.15378,0.061516
0.15403,0.06152
0.15428,0.061523
0.15452,0.061526
0.15477,0.06153
0.15502,0.061533
0.15527,0.061537
0.15552,0.06154
0.15576,0.061543
0.15601,0.061547
0.15626,0.06155
0.15652,0.061554
0.15677,0.061557
0.15702,0.061561
0.15727,0.061564
0.15753,0.061568
0.15778,0.061571
0.15803,0.061575
0.15829,0.061578
0.15854,0.061582
0.1588,0.061585
0.15906,0.061589
0.15931,0.061592
0.15957,0.061596
0.15983,0.061599
0.16009,0.061603
0.16035,0.061606
0.16061,0.06161
0.16087,0.061613
0.16113,0.061617
0.16139,0.061621
0.16165,0.061624
0.16192,0.061628
0.16218,0.061631
0.16244,0.061635
0.16271,0.061639
0.16297,0.061642
0.16324,0.061646
0.16351,0.061649
0.16377,0.061653
0.16404,0.061657
0.16431,0.06166
0.16458,0.061664
0.16485,0.061668
0.16512,0.061672
0.16539,0.061675
0.16566,0.061679
0.16593,0.061683
0.1662,0.061686
0.16647,0.06169
0.16675,0.061694
0.16702,0.061698
0.1673,0.061701
0.16757,0.061705
0.16785,0.061709
0.16812,0.061713
0.1684,0.061717
0.16868,0.06172
0.16896,0.061724
0.16924,0.061728
0.16952,0.061732
0.1698,0.061736
0.17008,0.06174
0.17036,0.061743
0.17064,0.061747
0.17093,0.061751
0.17121,0.061755
0.17149,0.061759
0.17178,0.061763
0.17206,0.061767
0.17235,0.061771
0.17264,0.061775
0.17292,0.061778
0.17321,0.061782
0.1735,0.061786
0.17379,0.06179
0.17408,0.061794
0.17437,0.061798
0.17466,0.061802
0.17495,0.061806
0.17525,0.06181
0.17554,0.061814
0.17583,0.061818
0.17613,0.061822
0.17642,0.061826
0.17672,0.06183
0.17702,0.061835
0.17732,0.061839
0.17761,0.061843
0.17791,0.061847
0.17821,0.061851
0.17851,0.061855
0.17881,0.061859
0.17912,0.061863
0.17942,0.061867
0.17972,0.061872
0.18002,0.061876
0.18033,0.06188
0.18063,0.061884
0.18094,0.061888
0.18125,0.061892
0.18155,0.061897
0.18186,0.061901
0.18217,0.061905
0.18248,0.061909
0.18279,0.061914
0.1831,0.061918
0.18341,0.061922
0.18373,0.061926
0.18404,0.061931
0.18435,0.061935
0.18467,0.061939
0.18498,0.061944
0.1853,0.061948
0.18562,0.061952
0.18594,0.061957
0.18625,0.061961
0.18657,0.061965
0.18689,0.06197
0.18722,0.061974
0.18754,0.061979
0.18786,0.061983
0.18818,0.061987
0.18851,0.061992
0.18883,0.061996
0.18916,0.062001
0.18948,0.062005
0.18981,0.06201
0.19014,0.062014
0.19047,0.062019
0.1908,0.062023
0.19113,0.062028
0.19146,0.062032
0.19179,0.062037
0.19212,0.062041
0.19246,0.062046
0.19279,0.06205
0.19313,0.062055
0.19346,0.06206
0.1938,0.062064
0.19414,0.062069
0.19447,0.062073
0.19481,0.062078
0.19515,0.062083
0.19549,0.062087
0.19584,0.062092
0.19618,0.062097
0.19652,0.062101
0.19687,0.062106
0.19721,0.062111
0.19756,0.062116
0.1979,0.06212
0.19825,0.062125
0.1986,0.06213
0.19895,0.062135
0.1993,0.062139
0.19965,0.062144
0.2,0.062149
0.20036,0.062154
0.20071,0.062159
0.20107,0.062164
0.20142,0.062168
0.20178,0.062173
0.20214,0.062178
0.20249,0.062183
0.20285,0.062188
0.20321,0.062193
0.20357,0.062198
0.20394,0.062203
0.2043,0.062208
0.20466,0.062213
0.20503,0.062218
0.20539,0.062223
0.20576,0.062228
0.20613,0.062233
0.2065,0.062238
0.20687,0.062243
0.20724,0.062248
0.20761,0.062253
0.20798,0.062258
0.20835,0.062263
0.20873,0.062268
0.2091,0.062273
0.20948,0.062279
0.20985,0.062284
0.21023,0.062289
0.21061,0.062294
0.21099,0.062299
0.21137,0.062304
0.21175,0.06231
0.21214,0.062315
0.21252,0.06232
0.21291,0.062325
0.21329,0.062331
0.21368,0.062336
0.21407,0.062341
0.21446,0.062347
0.21485,0.062352
0.21524,0.062357
0.21563,0.062363
0.21602,0.062368
0.21642,0.062373
0.21681,0.062379
0.21721,0.062384
0.2176,0.06239
0.218,0.062395
0.2184,0.062401
0.2188,0.062406
0.2192,0.062411
0.21961,0.062417
0.22001,0.062422
0.22041,0.062428
0.22082,0.062434
0.22123,0.062439
0.22163,0.062445
0.22204,0.06245
0.22245,0.062456
0.22287,0.062461
0.22328,0.062467
0.22369,0.062473
0.2241,0.062478
0.22452,0.062484
0.22494,0.06249
0.22536,0.062495
0.22577,0.062501
0.22619,0.062507
0.22661,0.062513
0.22704,0.062518
0.22746,0.062524
0.22789,0.06253
0.22831,0.062536
0.22874,0.062542
0.22917,0.062548
0.2296,0.062553
0.23003,0.062559
0.23046,0.062565
0.23089,0.062571
0.23132,0.062577
0.23176,0.062583
0.2322,0.062589
0.23263,0.062595
0.23307,0.062601
0.23351,0.062607
0.23395,0.062613
0.2344,0.062619
0.23484,0.062625
0.23528,0.062631
0.23573,0.062637
0.23618,0.062643
0.23663,0.062649
0.23708,0.062656
0.23753,0.062662
0.23798,0.062668
0.23843,0.062674
0.23889,0.06268
0.23934,0.062686
0.2398,0.062693
0.24026,0.062699
0.24072,0.062705
0.24118,0.062712
0.24164,0.062718
0.24211,0.062724
0.24257,0.062731
0.24304,0.062737
0.24351,0.062743
0.24398,0.06275
0.24445,0.062756
0.24492,0.062763
0.24539,0.062769
0.24586,0.062775
0.24634,0.062782
0.24682,0.062788
0.2473,0.062795
0.24778,0.062802
0.24826,0.062808
0.24874,0.062815
0.24922,0.062821
0.24971,0.062828
0.2502,0.062835
0.25068,0.062841
0.25117,0.062848
0.25167,0.062855
0.25216,0.062861
0.25265,0.062868
0.25315,0.062875
0.25364,0.062882
0.25414,0.062888
0.25464,0.062895
0.25514,0.062902
0.25564,0.062909
0.25615,0.062916
0.25665,0.062923
0.25716,0.062929
0.25767,0.062936
0.25818,0.062943
0.25869,0.06295
0.2592,0.062957
0.25972,0.062964
0.26023,0.062971
0.26075,0.062978
0.26127,0.062986
0.26179,0.062993
0.26231,0.063
0.26284,0.063007
0.26336,0.063014
0.26389,0.063021
0.26442,0.063028
0.26495,0.063036
0.26548,0.063043
0.26601,0.06305
0.26655,0.063057
0.26708,0.063065
0.26762,0.063072
0.26816,0.063079
0.2687,0.063087
0.26924,0.063094
0.26979,0.063102
0.27034,0.063109
0.27088,0.063117
0.27143,0.063124
0.27198,0.063132
0.27254,0.063139
0.27309,0.063147
0.27365,0.063154
0.2742,0.063162
0.27476,0.063169
0.27532,0.063177
0.27589,0.063185
0.27645,0.063192
0.27702,0.0632
0.27759,0.063208
0.27816,0.063216
0.27873,0.063223
0.2793,0.063231
0.27988,0.063239
0.28045,0.063247
0.28103,0.063255
0.28161,0.063263
0.2822,0.063271
0.28278,0.063279
0.28337,0.063287
0.28395,0.063295
0.28454,0.063303
0.28513,0.063311
0.28573,0.063319
0.28632,0.063327
0.28692,0.063335
0.28752,0.063343
0.28812,0.063351
0.28872,0.063359
0.28933,0.063368
0.28993,0.063376
0.29054,0.063384
0.29115,0.063393
0.29176,0.063401
0.29238,0.063409
0.293,0.063418
0.29361,0.063426
0.29423,0.063434
0.29486,0.063443
0.29548,0.063451
0.29611,0.06346
0.29673,0.063468
0.29736,0.063477
0.298,0.063486
0.29863,0.063494
0.29927,0.063503
0.29991,0.063512
0.30055,0.06352
0.30119,0.063529
0.30183,0.063538
0.30248,0.063547
0.30313,0.063555
0.30378,0.063564
0.30443,0.063573
0.30509,0.063582
0.30574,0.063591
0.3064,0.0636
0.30707,0.063609
0.30773,0.063618
0.3084,0.063627
0.30906,0.063636
0.30973,0.063645
0.31041,0.063654
0.31108,0.063664
0.31176,0.063673
0.31244,0.063682
0.31312,0.063691
0.3138,0.063701
0.31449,0.06371
0.31518,0.063719
0.31587,0.063729
0.31656,0.063738
0.31726,0.063748
0.31795,0.063757
0.31865,0.063767
0.31936,0.063776
0.32006,0.063786
0.32077,0.063795
0.32148,0.063805
0.32219,0.063815
0.3229,0.063824
0.32362,0.063834
0.32434,0.063844
0.32506,0.063854
0.32579,0.063863
0.32651,0.063873
0.32724,0.063883
0.32797,0.063893
0.32871,0.063903
0.32944,0.063913
0.33018,0.063923
0.33092,0.063933
0.33167,0.063943
0.33241,0.063954
0.33316,0.063964
0.33392,0.063974
0.33467,0.063984
0.33543,0.063994
0.33619,0.064005
0.33695,0.064015
0.33772,0.064026
0.33848,0.064036
0.33925,0.064046
0.34003,0.064057
0.3408,0.064067
0.34158,0.064078
0.34236,0.064089
0.34315,0.064099
0.34393,0.06411
0.34472,0.064121
0.34552,0.064131
0.34631,0.064142
0.34711,0.064153
0.34791,0.064164
0.34871,0.064175
0.34952,0.064186
0.35033,0.064197
0.35114,0.064208
0.35196,0.064219
0.35278,0.06423
0.3536,0.064241
0.35442,0.064252
0.35525,0.064263
0.35608,0.064275
0.35691,0.064286
0.35775,0.064297
0.35859,0.064309
0.35943,0.06432
0.36028,0.064332
0.36112,0.064343
0.36198,0.064355
0.36283,0.064366
0.36369,0.064378
0.36455,0.06439
0.36541,0.064401
0.36628,0.064413
0.36715,0.064425
0.36802,0.064437
0.3689,0.064449
0.36978,0.064461
0.37066,0.064472
0.37155,0.064484
0.37244,0.064497
0.37333,0.064509
0.37423,0.064521
0.37513,0.064533
0.37603,0.064545
0.37694,0.064558
0.37785,0.06457
0.37876,0.064582
0.37968,0.064595
0.3806,0.064607
0.38153,0.06462
0.38245,0.064632
0.38338,0.064645
0.38432,0.064657
0.38526,0.06467
0.3862,0.064683
0.38714,0.064696
0.38809,0.064709
0.38904,0.064721
0.39,0.064734
0.39096,0.064747
0.39192,0.06476
0.39289,0.064774
0.39386,0.064787
0.39484,0.0648
0.39581,0.064813
0.3968,0.064826
0.39778,0.06484
0.39877,0.064853
0.39977,0.064867
0.40076,0.06488
0.40176,0.064894
0.40277,0.064907
0.40378,0.064921
0.40479,0.064935
0.40581,0.064948
0.40683,0.064962
0.40786,0.064976
0.40889,0.06499
0.40992,0.065004
0.41096,0.065018
0.412,0.065032
0.41304,0.065046
0.41409,0.06506
0.41515,0.065075
0.41621,0.065089
0.41727,0.065103
0.41834,0.065118
0.41941,0.065132
0.42048,0.065147
0.42156,0.065161
0.42265,0.065176
0.42373,0.065191
0.42483,0.065206
0.42592,0.06522
0.42703,0.065235
0.42813,0.06525
0.42924,0.065265
0.43036,0.06528
0.43148,0.065295
0.4326,0.065311
0.43373,0.065326
0.43487,0.065341
0.436,0.065357
0.43715,0.065372
0.43829,0.065388
0.43945,0.065403
0.4406,0.065419
0.44177,0.065434
0.44293,0.06545
0.4441,0.065466
0.44528,0.065482
0.44646,0.065498
0.44765,0.065514
0.44884,0.06553
0.45004,0.065546
0.45124,0.065562
0.45244,0.065579
0.45366,0.065595
0.45487,0.065611
0.4561,0.065628
0.45732,0.065644
0.45855,0.065661
0.45979,0.065678
0.46103,0.065694
0.46228,0.065711
0.46354,0.065728
0.46479,0.065745
0.46606,0.065762
0.46733,0.065779
0.4686,0.065797
0.46988,0.065814
0.47117,0.065831
0.47246,0.065849
0.47376,0.065866
0.47506,0.065884
0.47637,0.065901
0.47769,0.065919
0.47901,0.065937
0.48033,0.065955
0.48166,0.065973
0.483,0.065991
0.48434,0.066009
0.48569,0.066027
0.48705,0.066045
0.48841,0.066064
0.48978,0.066082
0.49115,0.0661
0.49253,0.066119
0.49392,0.066138
0.49531,0.066156
0.49671,0.066175
0.49811,0.066194
0.49952,0.066213
0.50094,0.066232
0.50236,0.066251
0.50379,0.066271
0.50523,0.06629
0.50667,0.066309
0.50812,0.066329
0.50958,0.066349
0.51104,0.066368
0.51251,0.066388
0.51398,0.066408
0.51547,0.066428
0.51695,0.066448
0.51845,0.066468
0.51995,0.066488
0.52146,0.066508
0.52298,0.066529
0.52451,0.066549
0.52604,0.06657
0.52757,0.066591
0.52912,0.066611
0.53067,0.066632
0.53223,0.066653
0.5338,0.066674
0.53537,0.066695
0.53696,0.066717
0.53854,0.066738
0.54014,0.066759
0.54174,0.066781
0.54336,0.066803
0.54498,0.066824
0.5466,0.066846
0.54824,0.066868
0.54988,0.06689
0.55153,0.066912
0.55319,0.066935
0.55486,0.066957
0.55653,0.06698
0.55821,0.067002
0.5599,0.067025
0.5616,0.067048
0.56331,0.067071
0.56502,0.067094
0.56675,0.067117
0.56848,0.06714
0.57022,0.067163
0.57197,0.067187
0.57372,0.06721
0.57549,0.067234
0.57727,0.067258
0.57905,0.067282
0.58084,0.067306
0.58264,0.06733
0.58445,0.067354
0.58627,0.067378
0.5881,0.067403
0.58993,0.067428
0.59178,0.067452
0.59363,0.067477
0.5955,0.067502
0.59737,0.067527
0.59926,0.067552
0.60115,0.067578
0.60305,0.067603
0.60496,0.067629
0.60688,0.067655
0.60881,0.06768
0.61076,0.067706
0.61271,0.067733
0.61467,0.067759
0.61664,0.067785
0.61862,0.067812
0.62061,0.067838
0.62261,0.067865
0.62462,0.067892
0.62665,0.067919
0.62868,0.067946
0.63072,0.067974
0.63277,0.068001
0.63484,0.068029
0.63691,0.068056
0.639,0.068084
0.6411,0.068112
0.6432,0.06814
0.64532,0.068169
0.64745,0.068197
0.64959,0.068226
0.65175,0.068254
0.65391,0.068283
0.65608,0.068312
0.65827,0.068342
0.66047,0.068371
0.66268,0.0684
0.6649,0.06843
0.66713,0.06846
0.66938,0.06849
0.67164,0.06852
0.67391,0.06855
0.67619,0.068581
0.67849,0.068611
0.68079,0.068642
0.68311,0.068673
0.68544,0.068704
0.68779,0.068735
0.69014,0.068767
0.69252,0.068798
0.6949,0.06883
0.6973,0.068862
0.6997,0.068894
0.70213,0.068927
0.70456,0.068959
0.70701,0.068992
0.70948,0.069024
0.71196,0.069057
0.71445,0.069091
0.71695,0.069124
0.71947,0.069157
0.722,0.069191
0.72455,0.069225
0.72711,0.069259
0.72969,0.069293
0.73228,0.069328
0.73488,0.069362
0.7375,0.069397
0.74014,0.069432
0.74279,0.069468
0.74545,0.069503
0.74813,0.069539
0.75083,0.069574
0.75354,0.06961
0.75626,0.069647
0.75901,0.069683
0.76176,0.06972
0.76454,0.069757
0.76733,0.069794
0.77014,0.069831
0.77296,0.069868
0.7758,0.069906
0.77865,0.069944
0.78153,0.069982
0.78442,0.07002
0.78732,0.070059
0.79024,0.070098
0.79319,0.070137
0.79614,0.070176
0.79912,0.070215
0.80211,0.070255
0.80513,0.070295
0.80815,0.070335
0.8112,0.070375
0.81427,0.070416
0.81735,0.070457
0.82045,0.070498
0.82358,0.070539
0.82672,0.070581
0.82988,0.070623
0.83305,0.070665
0.83625,0.070707
0.83947,0.070749
0.84271,0.070792
0.84596,0.070835
0.84924,0.070879
0.85254,0.070922
0.85585,0.070966
0.85919,0.07101
0.86255,0.071054
0.86593,0.071099
0.86933,0.071144
0.87275,0.071189
0.87619,0.071235
0.87966,0.07128
0.88314,0.071326
0.88665,0.071373
0.89018,0.071419
0.89373,0.071466
0.89731,0.071513
0.9009,0.071561
0.90452,0.071608
0.90816,0.071656
0.91183,0.071705
0.91552,0.071753
0.91924,0.071802
0.92297,0.071851
0.92673,0.071901
0.93052,0.071951
0.93433,0.072001
0.93816,0.072051
0.94202,0.072102
0.9459,0.072153
0.94982,0.072204
0.95375,0.072256
0.95771,0.072308
0.9617,0.072361
0.96571,0.072413
0.96975,0.072466
0.97382,0.07252
0.97791,0.072573
0.98203,0.072628
0.98617,0.072682
0.99035,0.072737
0.99455,0.072792
0.99878,0.072847
1.003,0.072903
1.0073,0.072959
1.0116,0.073016
1.016,0.073073
1.0204,0.07313
1.0248,0.073188
1.0292,0.073246
1.0337,0.073304
1.0382,0.073363
1.0427,0.073422
1.0472,0.073482
1.0518,0.073542
1.0564,0.073602
1.0611,0.073663
1.0658,0.073724
1.0705,0.073786
1.0752,0.073848
1.08,0.07391
1.0848,0.073973
1.0897,0.074037
1.0946,0.0741
1.0995,0.074164
1.1044,0.074229
1.1094,0.074294
1.1144,0.074359
1.1195,0.074425
1.1246,0.074491
1.1297,0.074558
1.1349,0.074625
1.1401,0.074693
1.1453,0.074761
1.1506,0.07483
1.1559,0.074899
1.1612,0.074969
1.1666,0.075039
1.1721,0.075109
1.1775,0.07518
1.183,0.075252
1.1886,0.075324
1.1942,0.075396
1.1998,0.075469
1.2055,0.075543
1.2112,0.075617
1.2169,0.075691
1.2227,0.075766
1.2286,0.075842
1.2344,0.075918
1.2404,0.075995
1.2463,0.076072
1.2524,0.07615
1.2584,0.076228
1.2645,0.076307
1.2707,0.076387
1.2769,0.076467
1.2831,0.076547
1.2894,0.076628
1.2957,0.07671
1.3021,0.076793
1.3085,0.076875
1.315,0.076959
1.3215,0.077043
1.3281,0.077128
1.3347,0.077213
1.3414,0.077299
1.3481,0.077386
1.3549,0.077473
1.3618,0.077561
1.3687,0.07765
1.3756,0.077739
1.3826,0.077829
1.3896,0.077919
1.3967,0.078011
1.4039,0.078102
1.4111,0.078195
1.4184,0.078288
1.4257,0.078382
1.4331,0.078477
1.4406,0.078572
1.448,0.078668
1.4556,0.078765
1.4632,0.078862
1.4709,0.078961
1.4787,0.079059
1.4865,0.079159
1.4943,0.07926
1.5023,0.079361
1.5103,0.079463
1.5183,0.079566
1.5264,0.079669
1.5346,0.079774
1.5429,0.079879
1.5512,0.079985
1.5596,0.080091
1.5681,0.080199
1.5766,0.080307
1.5852,0.080417
1.5938,0.080527
1.6026,0.080638
1.6114,0.080749
1.6203,0.080862
1.6292,0.080976
1.6383,0.08109
1.6474,0.081205
1.6566,0.081322
1.6658,0.081439
1.6752,0.081557
1.6846,0.081676
1.6941,0.081796
1.7036,0.081916
1.7133,0.082038
1.723,0.082161
1.7328,0.082285
1.7427,0.082409
1.7527,0.082535
1.7628,0.082661
1.7729,0.082789
1.7831,0.082918
1.7935,0.083048
1.8039,0.083178
1.8144,0.08331
1.825,0.083443
1.8357,0.083577
1.8464,0.083712
1.8573,0.083848
1.8682,0.083985
1.8793,0.084123
1.8905,0.084262
1.9017,0.084403
1.9131,0.084544
1.9245,0.084687
1.936,0.084831
1.9477,0.084976
1.9594,0.085122
1.9713,0.08527
1.9832,0.085418
1.9953,0.085568
2.0075,0.085719
2.0198,0.085872
2.0321,0.086025
2.0446,0.08618
2.0572,0.086336
2.07,0.086493
2.0828,0.086652
2.0957,0.086812
2.1088,0.086973
2.122,0.087136
2.1352,0.087299
2.1487,0.087465
2.1622,0.087631
2.1759,0.087799
2.1779,0.087824
2.1799,0.087848
2.1831,0.087888
2.1871,0.087938
2.1919,0.087997
2.1979,0.08807
2.2056,0.088164
2.216,0.088292
2.2321,0.088489
2.2519,0.088732
2.2676,0.088923
2.2837,0.089121
2.2987,0.089303
2.3125,0.089473
2.3265,0.089643
2.3421,0.089833
2.3588,0.090037
2.3756,0.09024
2.391,0.090428
2.4058,0.090607
2.4211,0.090793
2.4381,0.090999
2.4558,0.091213
2.4731,0.091422
2.4891,0.091616
2.5051,0.091808
2.5218,0.09201
2.5402,0.092232
2.5588,0.092455
2.5767,0.09267
2.5936,0.092874
2.6109,0.093081
2.6291,0.0933
2.6489,0.093536
2.6683,0.093768
2.6869,0.093991
2.7049,0.094206
2.7237,0.09443
2.7436,0.094666
2.7645,0.094916
2.7848,0.095157
2.8044,0.095389
2.8237,0.095618
2.8442,0.09586
2.8655,0.096113
2.8877,0.096375
2.909,0.096625
2.9297,0.09687
2.9505,0.097115
2.9728,0.097376
2.9957,0.097645
3.019,0.097918
3.0413,0.09818
3.0636,0.098439
3.086,0.098702
3.1101,0.098982
3.1345,0.099266
3.159,0.099551
3.1826,0.099826
3.2065,0.1001
3.2308,0.10038
3.2568,0.10068
3.2826,0.10098
3.3085,0.10128
3.3336,0.10157
3.3594,0.10186
3.3857,0.10217
3.4135,0.10248
3.4408,0.1028
3.4682,0.10311
3.495,0.10342
3.5229,0.10373
3.5512,0.10405
3.5809,0.10439
3.6099,0.10472
3.639,0.10505
3.6677,0.10537
3.6978,0.10571
3.7283,0.10605
3.7599,0.10641
3.7906,0.10675
3.8217,0.1071
3.8525,0.10744
3.8851,0.10781
3.9177,0.10817
3.9513,0.10854
3.984,0.1089
4.0173,0.10927
4.0505,0.10963
4.0857,0.11002
4.1205,0.1104
4.1562,0.11079
4.1909,0.11117
4.2268,0.11156
4.2625,0.11195
4.3003,0.11236
4.3374,0.11276
4.3517,0.11292
4.3545,0.11295
4.3576,0.11298
4.3623,0.11303
4.3729,0.11315
4.3842,0.11327
4.3981,0.11342
4.4154,0.11361
4.4378,0.11385
4.4688,0.11418
4.5158,0.11468
4.5743,0.11531
4.6162,0.11575
4.6618,0.11624
4.7102,0.11675
4.7514,0.11718
4.7887,0.11757
4.8269,0.11797
4.8747,0.11847
4.9231,0.11898
4.9707,0.11947
5.0129,0.11991
5.0548,0.12035
5.099,0.1208
5.1524,0.12135
5.2027,0.12187
5.25,0.12235
5.2941,0.1228
5.342,0.12328
5.3924,0.12379
5.45,0.12437
5.502,0.1249
5.5508,0.12538
5.5981,0.12586
5.6528,0.1264
5.7085,0.12695
5.7683,0.12754
5.8222,0.12807
5.8747,0.12859
5.9271,0.1291
5.9886,0.12969
6.0484,0.13027
6.1092,0.13086
6.1653,0.1314
6.2237,0.13196
6.2825,0.13252
6.3501,0.13316
6.413,0.13375
6.4756,0.13434
6.4848,0.13443
6.4936,0.13451
6.5002,0.13457
6.5151,0.13471
6.5232,0.13478
6.5269,0.13482
6.5287,0.13484
6.5308,0.13486
6.5321,0.13487
6.5334,0.13488
6.5354,0.1349
6.5424,0.13496
6.55,0.13503
6.559,0.13512
6.5696,0.13522
6.5819,0.13533
6.5963,0.13547
6.613,0.13562
6.6329,0.13581
6.6569,0.13603
6.6867,0.1363
6.7247,0.13665
6.7731,0.1371
6.8297,0.13762
6.8914,0.13818
6.958,0.13878
7.0281,0.13942
7.1021,0.14008
7.1786,0.14076
7.2583,0.14147
7.3396,0.14219
7.4241,0.14293
7.5094,0.14368
7.5982,0.14445
7.6874,0.14521
7.7803,0.14601
7.8734,0.1468
7.9704,0.14761
8.0677,0.14843
8.1688,0.14926
8.2707,0.1501
8.376,0.15096
8.4826,0.15182
8.5923,0.1527
8.7039,0.15359
8.7074,0.15362
8.7149,0.15368
8.7211,0.15373
8.7496,0.15395
8.7774,0.15417
8.8089,0.15442
8.8446,0.1547
8.886,0.15502
8.9352,0.1554
8.9954,0.15587
9.072,0.15646
9.1766,0.15726
9.3054,0.15823
9.4436,0.15926
9.5852,0.16031
9.729,0.16136
9.8746,0.1624
10.023,0.16346
10.173,0.16451
10.326,0.16557
10.482,0.16663
10.641,0.1677
10.803,0.16877
10.849,0.16907
10.873,0.16922
10.884,0.16929
10.914,0.16949
10.966,0.16983
11.013,0.17013
11.069,0.17049
11.134,0.17091
11.212,0.1714
11.308,0.172
11.433,0.17277
11.618,0.1739
11.815,0.17508
12.008,0.17621
12.208,0.17735
12.407,0.17847
12.612,0.1796
12.82,0.18071
13.033,0.18182
13.05,0.1819
13.058,0.18195
13.061,0.18197
13.064,0.18198
13.066,0.18199
13.104,0.18218
13.142,0.18238
13.185,0.1826
13.234,0.18284
13.29,0.18312
13.354,0.18344
13.428,0.18381
13.515,0.18423
13.618,0.18473
13.742,0.18532
13.894,0.18603
14.071,0.18684
14.266,0.1877
14.47,0.18858
14.681,0.18947
14.9,0.19036
15.125,0.19125
15.194,0.19151
15.228,0.19164
15.282,0.19184
15.33,0.19203
15.407,0.19231
15.489,0.19261
15.583,0.19295
15.692,0.19334
15.82,0.19379
15.976,0.19432
16.175,0.19497
16.462,0.19587
16.771,0.19679
17.061,0.19759
17.36,0.19837
17.388,0.19845
17.412,0.19851
17.416,0.19852
17.423,0.19853
17.429,0.19855
17.509,0.19874
17.586,0.19893
17.669,0.19913
17.761,0.19934
17.862,0.19957
17.976,0.19982
18.107,0.20009
18.259,0.2004
18.44,0.20075
18.662,0.20116
18.943,0.20162
19.324,0.20219
19.354,0.20223
19.465,0.20237
19.539,0.20247
19.567,0.2025
19.588,0.20253
19.592,0.20253
19.594,0.20253
19.597,0.20254
19.599,0.20254
19.69,0.20265
19.776,0.20274
19.868,0.20284
19.967,0.20294
20.074,0.20305
20.193,0.20315
20.327,0.20326
20.479,0.20338
20.656,0.20349
20.864,0.2036
21.114,0.2037
21.418,0.20378
21.502,0.20379
21.638,0.2038
21.649,0.2038
21.671,0.2038
21.766,0.2038
21.771,0.20379
21.78,0.20379
21.787,0.20379
21.894,0.20376
21.996,0.20371
22.107,0.20363
22.229,0.20352
22.363,0.20337
22.514,0.20315
22.686,0.20285
22.882,0.20244
23.109,0.20188
23.369,0.20113
23.656,0.20017
23.727,0.19991
23.824,0.19954
23.85,0.19944
23.874,0.19935
23.91,0.1992
23.94,0.19908
23.946,0.19906
23.948,0.19905
23.951,0.19904
23.955,0.19902
24.068,0.19855
24.178,0.19807
24.295,0.19754
24.422,0.19694
24.56,0.19626
24.714,0.19547
24.887,0.19454
25.084,0.19343
25.309,0.19209
25.567,0.19047
25.859,0.18854
25.924,0.18809
25.995,0.1876
26.024,0.1874
26.054,0.18718
26.073,0.18705
26.096,0.18689
26.114,0.18676
26.123,0.1867
26.126,0.18667
26.129,0.18665
26.131,0.18664
26.293,0.18546
26.426,0.18447
26.546,0.18356
26.663,0.18267
26.781,0.18174
26.903,0.18076
27.033,0.17971
27.171,0.17857
27.321,0.17731
27.486,0.1759
27.669,0.17431
27.873,0.17249
28.103,0.17039
28.15,0.16997
28.198,0.16953
28.247,0.16906
28.301,0.16856
28.303,0.16854
28.305,0.16852
28.307,0.1685
28.437,0.16728
28.564,0.16607
28.688,0.16488
28.807,0.16372
28.922,0.16259
29.035,0.16148
29.144,0.16039
29.25,0.15933
29.354,0.15828
29.457,0.15723
29.561,0.15617
29.666,0.15509
29.772,0.154
29.878,0.15289
29.985,0.15177
30.093,0.15064
30.202,0.14949
30.311,0.14833
30.421,0.14715
30.533,0.14596
30.645,0.14475
30.758,0.14352
30.872,0.14228
30.987,0.14103
31.104,0.13976
31.221,0.13847
31.339,0.13717
31.459,0.13585
31.579,0.13451
31.701,0.13316
31.825,0.13179
31.949,0.1304
32.075,0.129
32.202,0.12758
32.331,0.12614
32.461,0.12468
32.593,0.1232
32.726,0.1217
32.861,0.12019
32.998,0.11865
33.136,0.1171
33.277,0.11553
33.419,0.11393
33.563,0.11231
33.71,0.11068
33.859,0.10902
34.01,0.10734
34.163,0.10564
34.319,0.10392
34.478,0.10217
34.639,0.1004
34.803,0.098611
34.971,0.096795
35.141,0.094956
35.315,0.093093
35.493,0.091205
35.674,0.089293
35.86,0.087356
36.049,0.085395
36.243,0.083408
36.442,0.081397
36.646,0.079361
36.855,0.077302
37.07,0.075218
37.292,0.073112
37.519,0.070985
37.754,0.068837
37.997,0.066671
38.248,0.06449
38.507,0.062297
38.776,0.060096
39.055,0.057894
39.056,0.057891
39.056,0.057888
39.056,0.057886
39.057,0.057884
39.057,0.057883
39.057,0.057881
39.057,0.057879
39.058,0.057877
39.058,0.057875
39.058,0.057873
39.058,0.05787
39.059,0.057868
39.059,0.057866
39.059,0.057864
39.06,0.057862
39.06,0.057859
39.06,0.057857
39.06,0.057855
39.061,0.057853
39.061,0.057851
39.061,0.057849
39.061,0.057848
39.062,0.057846
39.062,0.057844
39.062,0.057842
39.062,0.05784
39.063,0.057839
39.063,0.057836
39.063,0.057834
39.063,0.057832
39.064,0.05783
39.064,0.057827
39.064,0.057826
39.064,0.057824
39.065,0.057822
39.065,0.05782
39.065,0.057819
39.065,0.057817
39.066,0.057815
39.066,0.057813
39.066,0.057812
39.066,0.05781
39.066,0.057808
39.067,0.057807
39.067,0.057804
39.067,0.057802
39.067,0.057801
39.068,0.057799
39.068,0.057796
39.068,0.057794
39.069,0.057792
39.069,0.05779
39.069,0.057788
39.069,0.057787
39.07,0.057785
39.183,0.056917
39.185,0.056902
39.185,0.056902
39.186,0.056891
39.186,0.056891
39.186,0.056891
39.186,0.056891
39.186,0.056891
39.187,0.056887
39.187,0.056887
39.187,0.056887
39.187,0.056886
39.187,0.056886
39.187,0.056886
39.187,0.056886
39.187,0.056886
39.187,0.056886
39.187,0.056886
39.187,0.056886
39.187,0.056886
39.187,0.056886
39.187,0.056886
39.187,0.056886
39.187,0.056886
39.187,0.056886
39.187,0.056886
39.187,0.056886
39.187,0.056886
39.187,0.056886
39.187,0.056886
39.187,0.056886
39.187,0.056886
39.187,0.056886
39.187,0.056886
39.187,0.056886
39.187,0.056886
39.187,0.056886
39.187,0.056886
39.187,0.056886
39.187,0.056886
39.187,0.056886
39.187,0.056886
39.187,0.056886
39.187,0.056886
39.187,0.056886
39.187,0.056886
39.187,0.056886
39.187,0.056886
39.187,0.056886
39.187,0.056886
39.187,0.056886
39.187,0.056886
39.187,0.056886
39.187,0.056885
39.187,0.056885
39.187,0.056884
39.187,0.056883
39.188,0.056882
39.188,0.05688
39.188,0.056879
39.188,0.056879
39.188,0.056878
39.188,0.056878
39.188,0.056877
39.188,0.056876
39.189,0.056875
39.189,0.056873
39.189,0.056872
39.189,0.05687
39.19,0.056867
39.19,0.056864
39.191,0.05686
39.191,0.056855
39.192,0.05685
39.193,0.056843
39.194,0.056835
39.195,0.056826
39.197,0.056814
39.198,0.0568
39.201,0.056783
39.203,0.056763
39.207,0.056739
39.21,0.056709
39.215,0.056674
39.221,0.056631
39.228,0.05658
39.236,0.056517
39.246,0.056441
39.259,0.056347
39.274,0.056231
39.293,0.056087
39.317,0.055908
39.348,0.055683
39.386,0.0554
39.435,0.055039
39.5,0.054572
39.587,0.053949
39.718,0.053029
39.888,0.051867
40.058,0.050741
40.249,0.049519
40.463,0.04821
40.702,0.046825
40.968,0.045379
41.263,0.043897
41.348,0.043491
41.359,0.043438
41.364,0.043419
41.37,0.043391
41.375,0.043368
41.599,0.042368
41.817,0.04147
42.063,0.040552
42.335,0.039657
42.634,0.038815
42.965,0.038073
43.328,0.037486
43.457,0.037335
43.502,0.037285
43.526,0.037257
43.535,0.037247
43.54,0.037242
43.553,0.037226
43.564,0.037214
43.824,0.036923
44.078,0.036639
44.363,0.036326
44.677,0.035984
45.025,0.035609
45.412,0.035198
45.545,0.035059
45.653,0.034945
45.69,0.034907
45.712,0.034884
45.717,0.034879
45.725,0.034871
45.732,0.034863
45.967,0.03462
46.197,0.034385
46.454,0.034125
46.737,0.03384
47.052,0.03353
47.401,0.033189
47.793,0.032814
47.865,0.032746
47.888,0.032724
47.923,0.03269
47.952,0.032663
48.265,0.032371
48.572,0.032088
48.919,0.031773
49.307,0.031428
49.745,0.031048
49.969,0.030856
50.026,0.030808
50.286,0.03059
50.545,0.030375
50.983,0.03002
51.453,0.029649
51.997,0.029234
52.169,0.029105
52.205,0.029079
52.247,0.029047
52.272,0.029029
52.293,0.029014
52.645,0.028758
52.987,0.028515
53.362,0.028256
53.772,0.027981
54.224,0.027687
54.347,0.02761
54.402,0.027575
54.424,0.027562
54.435,0.027555
54.444,0.027549
54.811,0.027323
55.163,0.027113
55.536,0.026897
55.932,0.026677
56.356,0.02645
56.507,0.026372
56.578,0.026336
56.598,0.026325
56.616,0.026316
56.63,0.026309
57.055,0.026098
57.467,0.025904
57.907,0.025706
58.378,0.025507
58.5,0.025457
58.613,0.025412
58.692,0.025381
58.737,0.025363
58.763,0.025353
58.779,0.025347
58.785,0.025345
58.796,0.02534
59.589,0.025053
60.235,0.024845
60.89,0.02466
60.928,0.02465
60.949,0.024645
60.956,0.024643
60.963,0.024641
60.969,0.02464
61.929,0.02442
62.812,0.024267
63.899,0.024146
65.49,0.024115
66.507,0.024284
67.53,0.024635
68.499,0.025121
69.437,0.025721
70.347,0.026414
71.229,0.02718
72.084,0.028001
72.914,0.028864
73.717,0.029754
74.496,0.030662
75.252,0.031577
75.986,0.032493
76.7,0.033404
77.394,0.034304
78.07,0.035191
78.1,0.035231
78.131,0.035271
78.162,0.035313
78.194,0.035354
78.225,0.035395
78.285,0.035474
78.344,0.035551
78.346,0.035554
78.348,0.035557
78.351,0.03556
78.353,0.035563
78.358,0.03557
78.363,0.035577
78.368,0.035583
78.373,0.03559
78.373,0.03559
78.373,0.03559
78.373,0.03559
78.374,0.035591
78.374,0.035591
78.374,0.035592
78.375,0.035592
78.377,0.035595
78.379,0.035598
78.381,0.035601
78.385,0.035605
78.388,0.03561
78.393,0.035616
78.398,0.035623
78.405,0.035632
78.413,0.035643
78.423,0.035656
78.434,0.035671
78.449,0.035689
78.466,0.035712
78.486,0.035739
78.511,0.035772
78.541,0.035811
78.577,0.035859
78.621,0.035917
78.674,0.035987
78.739,0.036073
78.819,0.036178
78.916,0.036307
79.038,0.036467
79.192,0.03667
79.397,0.03694
79.75,0.037404
80.053,0.037801
80.379,0.038226
80.436,0.0383
80.47,0.038345
80.496,0.038379
80.522,0.038413
80.534,0.038428
80.543,0.03844
80.548,0.038446
80.55,0.038449
80.551,0.038451
80.553,0.038452
81.157,0.039232
81.776,0.040016
82.362,0.040745
82.933,0.041439
83.495,0.042102
84.049,0.042736
84.595,0.043338
84.639,0.043386
84.676,0.043425
84.711,0.043464
84.754,0.043509
84.797,0.043555
84.834,0.043594
84.871,0.043634
84.879,0.043642
84.887,0.043651
84.893,0.043657
84.9,0.043664
84.903,0.043667
84.904,0.043668
84.904,0.043669
84.905,0.043669
84.905,0.04367
84.907,0.043672
84.908,0.043673
84.95,0.043717
84.995,0.043764
85.051,0.043823
85.12,0.043894
85.204,0.043981
85.309,0.044089
85.442,0.044224
85.62,0.044401
85.922,0.044696
86.188,0.044949
86.47,0.045208
86.775,0.045479
86.845,0.045539
86.944,0.045625
87.034,0.045702
87.065,0.04573
87.076,0.045739
87.081,0.045743
87.083,0.045745
87.085,0.045747
87.44,0.046053
87.748,0.046318
88.093,0.046614
88.468,0.046934
88.875,0.04728
88.956,0.047349
89.044,0.047423
89.119,0.047486
89.174,0.047533
89.206,0.04756
89.233,0.047583
89.246,0.047594
89.253,0.0476
89.256,0.047603
89.258,0.047604
89.26,0.047605
89.261,0.047607
89.781,0.048044
90.29,0.048471
90.778,0.048877
91.258,0.049275
91.734,0.049668
92.207,0.050055
92.676,0.050438
93.141,0.050816
93.604,0.05119
94.062,0.051559
94.518,0.051923
94.971,0.052283
95.42,0.05264
95.866,0.052992
96.31,0.05334
96.751,0.053684
97.188,0.054024
97.624,0.054361
98.056,0.054694
98.486,0.055024
98.913,0.05535
99.338,0.055673
99.76,0.055993
100.18,0.056309
100.6,0.056622
101.01,0.056933
101.43,0.05724
101.84,0.057544
102.25,0.057845
102.65,0.058144
103.06,0.05844
103.46,0.058733
103.86,0.059023
104.26,0.059311
104.27,0.059315
104.27,0.059318
104.28,0.059322
104.28,0.059326
104.29,0.05933
104.29,0.059333
104.3,0.059337
104.3,0.059341
104.31,0.059344
104.31,0.059348
104.32,0.059352
104.32,0.059356
104.33,0.059359
104.33,0.059363
104.34,0.059367
104.34,0.05937
104.35,0.059374
104.35,0.059378
104.36,0.059382
104.36,0.059386
104.37,0.059389
104.37,0.059393
104.38,0.059397
104.38,0.059401
104.39,0.059405
104.4,0.059409
104.4,0.059412
104.43,0.059436
104.47,0.05946
104.47,0.059461
104.47,0.059461
104.47,0.059462
104.47,0.059462
104.47,0.059463
104.47,0.059464
104.47,0.059464
104.47,0.059465
104.47,0.059465
104.47,0.059466
104.48,0.059466
104.48,0.059467
104.48,0.059467
104.48,0.059468
104.48,0.059468
104.48,0.059469
104.48,0.059469
104.48,0.05947
104.48,0.05947
104.48,0.059471
104.48,0.059471
104.48,0.059472
104.48,0.059472
104.48,0.059473
104.49,0.059473
104.49,0.059474
104.49,0.059474
104.49,0.059475
104.49,0.059475
104.49,0.059476
104.49,0.059478
104.49,0.05948
104.49,0.05948
104.5,0.059481
104.5,0.059481
104.5,0.059481
104.5,0.059482
104.5,0.059482
104.5,0.059482
104.5,0.059482
104.5,0.059482
104.5,0.059482
104.5,0.059482
104.5,0.059482
104.5,0.059482
104.5,0.059482
104.5,0.059482
104.5,0.059482
104.5,0.059482
104.5,0.059482
104.5,0.059482
104.5,0.059482
104.5,0.059482
104.5,0.059482
104.5,0.059482
104.5,0.059482
104.5,0.059482
104.5,0.059483
104.5,0.059483
104.5,0.059483
104.5,0.059483
104.5,0.059483
104.5,0.059483
104.5,0.059484
104.5,0.059484
104.5,0.059485
104.5,0.059485
104.5,0.059486
104.5,0.059486
104.51,0.059487
104.51,0.059488
104.51,0.05949
104.51,0.059491
104.51,0.059493
104.52,0.059496
104.52,0.059498
104.53,0.059502
104.53,0.059506
104.54,0.059511
104.55,0.059517
104.56,0.059524
104.57,0.059532
104.58,0.059543
104.6,0.059555
104.62,0.05957
104.65,0.059589
104.68,0.059611
104.71,0.059638
104.76,0.059671
104.82,0.059711
104.89,0.059762
104.98,0.059826
105.1,0.059912
105.28,0.060041
105.49,0.060192
105.7,0.060344
105.94,0.060512
106.2,0.060697
106.49,0.060901
106.62,0.060989
106.67,0.061025
107.03,0.061281
107.4,0.061534
107.77,0.061796
108.18,0.062081
108.63,0.06239
108.72,0.062451
108.79,0.062503
108.82,0.06252
108.84,0.062534
108.85,0.062541
108.85,0.062544
108.85,0.062546
108.86,0.062548
109.11,0.062727
109.35,0.062901
109.63,0.063099
109.93,0.063318
110.26,0.063561
110.62,0.063831
111.01,0.064128
111.03,0.06414
111.04,0.064151
111.05,0.06416
111.41,0.064435
111.77,0.064708
112.16,0.065012
112.59,0.065346
113.05,0.065713
113.17,0.065808
113.29,0.065896
113.38,0.065974
113.69,0.066214
114,0.066461
114.34,0.066734
114.71,0.067032
115.13,0.067359
115.26,0.067467
115.33,0.067523
115.36,0.067548
115.38,0.067558
115.38,0.067562
115.39,0.067572
115.4,0.06758
115.81,0.067907
116.21,0.06822
116.63,0.068551
117.08,0.068899
117.55,0.06927
117.56,0.069275
117.57,0.069279
117.97,0.069589
118.35,0.069882
118.75,0.070181
119.17,0.070489
119.6,0.070809
119.67,0.070856
119.71,0.070884
119.73,0.0709
119.73,0.070904
119.74,0.070907
119.74,0.07091
119.75,0.070913
120.17,0.07122
120.57,0.071498
120.96,0.071765
121.34,0.072027
121.74,0.072288
121.86,0.072364
121.9,0.072393
121.91,0.0724
121.93,0.072412
121.95,0.072421
122.36,0.072685
122.76,0.072932
123.18,0.073182
123.62,0.073437
124.08,0.073697
124.09,0.073699
124.09,0.0737
124.09,0.073701
124.09,0.073701
124.53,0.073935
125.13,0.074234
125.84,0.074563
125.97,0.074618
126.02,0.074642
126.08,0.074666
126.12,0.074684
126.14,0.074691
126.15,0.074697
126.17,0.074704
126.18,0.07471
126.2,0.074717
126.21,0.074723
126.23,0.074729
126.25,0.074736
126.26,0.074742
126.26,0.074744
126.27,0.074744
126.27,0.074745
126.27,0.074745
126.27,0.074745
126.27,0.074746
126.27,0.074746
126.33,0.07477
126.4,0.074798
126.48,0.074833
126.6,0.07488
126.78,0.074949
126.96,0.075015
127.15,0.075084
127.36,0.075157
127.6,0.075234
127.86,0.075314
128.14,0.075396
128.21,0.075416
128.31,0.075441
128.38,0.075461
128.42,0.075471
128.44,0.075476
128.44,0.075477
128.45,0.075478
128.45,0.075479
128.72,0.075544
128.98,0.075603
129.27,0.075661
129.59,0.075717
129.93,0.075768
130.31,0.075812
130.41,0.075822
130.49,0.075832
130.52,0.075835
130.56,0.075839
130.59,0.075842
130.61,0.075844
130.62,0.075845
130.62,0.075846
130.62,0.075846
130.63,0.075846
131.03,0.075889
131.44,0.075933
131.82,0.075972
132.19,0.07601
132.56,0.076047
132.7,0.076062
132.77,0.076069
132.79,0.07607
132.82,0.076074
132.85,0.076077
133.29,0.07612
133.71,0.076161
134.17,0.076204
134.66,0.07625
134.74,0.076257
134.81,0.076263
134.83,0.076265
134.85,0.076267
134.87,0.076269
134.9,0.076271
134.92,0.076273
134.93,0.076275
134.95,0.076276
134.96,0.076277
134.97,0.076278
134.97,0.076279
134.98,0.076279
134.98,0.076279
134.98,0.076279
135.06,0.076286
135.15,0.076295
135.29,0.076307
135.48,0.076324
135.66,0.07634
135.87,0.076358
136.09,0.076377
136.35,0.076399
136.62,0.076422
136.93,0.076447
137.04,0.076456
137.08,0.07646
137.13,0.076464
137.15,0.076466
137.16,0.076467
137.17,0.076467
137.48,0.076492
137.78,0.076515
138.11,0.076541
138.47,0.076569
138.87,0.076598
139.31,0.07663
139.32,0.076631
139.33,0.076631
139.33,0.076632
139.34,0.076632
139.8,0.076664
140.19,0.076691
140.57,0.076716
140.94,0.07674
141.31,0.076763
141.4,0.076768
141.46,0.076772
141.48,0.076773
141.5,0.076774
141.5,0.076774
141.51,0.076774
141.51,0.076775
141.51,0.076775
141.69,0.076785
141.87,0.076796
142.06,0.076807
142.28,0.07682
142.52,0.076833
142.79,0.076847
143.08,0.076863
143.41,0.07688
143.49,0.076884
143.56,0.076887
143.6,0.076889
143.64,0.076891
143.67,0.076892
143.68,0.076893
143.69,0.076894
143.69,0.076894
144.04,0.07691
144.48,0.076931
144.95,0.076951
145.36,0.076967
145.74,0.076982
145.78,0.076984
145.81,0.076985
145.84,0.076986
145.85,0.076986
145.86,0.076986
145.86,0.076987
145.86,0.076987
145.87,0.076987
146.27,0.077001
146.66,0.077014
147.03,0.077026
147.4,0.077036
147.75,0.077046
148.09,0.077054
148.42,0.077062
148.76,0.077069
149.1,0.077075
149.44,0.077081
149.77,0.077086
150.11,0.07709
150.13,0.07709
150.14,0.07709
150.14,0.07709
150.15,0.07709
150.15,0.07709
150.16,0.07709
150.17,0.07709
150.17,0.07709
150.17,0.07709
150.18,0.077091
150.18,0.077091
150.19,0.077091
150.19,0.077091
150.2,0.077091
150.2,0.077091
150.2,0.077091
150.21,0.077091
150.21,0.077091
150.21,0.077091
150.21,0.077091
150.21,0.077091
150.21,0.077091
150.21,0.077091
150.21,0.077091
150.22,0.077091
150.22,0.077091
150.22,0.077091
150.22,0.077091
150.22,0.077091
150.23,0.077091
150.23,0.077091
150.24,0.077091
150.25,0.077091
150.26,0.077091
150.27,0.077092
150.29,0.077092
150.31,0.077092
150.33,0.077092
150.36,0.077092
150.39,0.077093
150.43,0.077093
150.49,0.077094
150.55,0.077094
150.63,0.077095
150.74,0.077096
150.92,0.077097
151.1,0.077098
151.29,0.077099
151.51,0.077099
151.74,0.0771
152,0.077099
152.29,0.07709
152.34,0.077088
152.36,0.077087
152.38,0.077086
152.38,0.077085
152.39,0.077085
152.39,0.077085
152.39,0.077085
152.39,0.077085
152.39,0.077085
152.52,0.077076
152.72,0.077059
152.9,0.077039
153.1,0.077012
153.32,0.076978
153.56,0.076933
153.83,0.076876
154.13,0.076804
154.46,0.076715
154.51,0.0767
154.54,0.076691
154.56,0.076686
154.57,0.076684
154.57,0.076684
154.57,0.076683
154.57,0.076682
155.04,0.076531
155.52,0.07636
155.95,0.076186
156.36,0.076007
156.41,0.075983
156.5,0.075945
156.58,0.075905
156.63,0.075882
156.67,0.075864
156.68,0.075859
156.69,0.075853
156.7,0.075847
156.72,0.075841
156.73,0.075834
156.74,0.075831
156.74,0.075828
156.74,0.075827
156.75,0.075827
156.75,0.075826
156.75,0.075826
156.9,0.075754
157.08,0.075661
157.28,0.075562
157.49,0.075451
157.73,0.075324
157.99,0.07518
158.28,0.075017
158.59,0.074834
158.66,0.074795
158.74,0.074747
158.81,0.074705
158.84,0.074685
158.87,0.074667
158.9,0.074652
158.91,0.074645
158.92,0.074638
158.92,0.074636
158.92,0.074635
158.93,0.074634
159.29,0.074411
159.82,0.074075
160.26,0.07379
160.66,0.073524
161.05,0.073262
161.08,0.073247
161.09,0.073239
161.09,0.073235
161.1,0.073233
161.1,0.073232
161.1,0.073231
161.1,0.07323
161.49,0.072964
161.88,0.0727
162.25,0.072443
162.62,0.072189
162.99,0.071934
163,0.071924
163.02,0.071915
163.03,0.071906
163.04,0.071897
163.06,0.071888
163.07,0.07188
163.08,0.071872
163.09,0.071864
163.1,0.071856
163.11,0.071849
163.12,0.071842
163.13,0.071835
163.14,0.071829
163.18,0.071805
163.21,0.071782
163.24,0.071763
163.26,0.071749
163.26,0.071746
163.27,0.071741
163.27,0.071739
163.28,0.071737
163.28,0.071737
163.28,0.071736
163.28,0.071736
163.28,0.071736
163.28,0.071736
163.29,0.071727
163.3,0.071718
163.32,0.071707
163.34,0.071694
163.36,0.071677
163.39,0.071658
163.43,0.071634
163.47,0.071604
163.52,0.071568
163.59,0.071523
163.67,0.071465
163.78,0.071389
163.95,0.071275
164.15,0.071135
164.36,0.070996
164.59,0.070843
164.84,0.070675
165.12,0.07049
165.42,0.07029
165.44,0.07028
165.45,0.070272
165.45,0.07027
165.46,0.070267
165.46,0.070265
165.92,0.069974
166.34,0.069712
166.75,0.069461
167.16,0.069217
167.59,0.068976
167.61,0.068965
167.62,0.068958
167.63,0.068955
167.63,0.068954
167.63,0.068952
167.64,0.068951
167.88,0.068816
168.12,0.06869
168.39,0.068553
168.68,0.068407
169.01,0.068254
169.36,0.068095
169.75,0.067931
169.78,0.06792
169.8,0.067914
169.8,0.067911
169.81,0.06791
169.81,0.067909
169.81,0.067908
170.3,0.067725
170.78,0.067564
171.23,0.067431
171.67,0.067323
172.1,0.067237
172.51,0.067174
172.91,0.06713
173.31,0.067105
173.71,0.0671
174.11,0.067104
174.15,0.067105
174.15,0.067105
174.15,0.067105
174.15,0.067105
174.15,0.067105
174.16,0.067105
174.16,0.067105
174.16,0.067105
174.16,0.067105
174.16,0.067105
174.16,0.067105
174.16,0.067105
174.16,0.067105
174.17,0.067105
174.18,0.067105
174.19,0.067106
174.2,0.067106
174.21,0.067106
174.23,0.067106
174.25,0.067107
174.27,0.067107
174.3,0.067108
174.33,0.067109
174.38,0.06711
174.43,0.067111
174.5,0.067113
174.58,0.067116
174.69,0.067119
174.85,0.067125
175.08,0.067135
175.3,0.067146
175.54,0.067159
175.8,0.067176
176.09,0.067197
176.16,0.067202
176.23,0.067208
176.27,0.067212
176.3,0.067214
176.32,0.067215
176.33,0.067216
176.34,0.067217
176.34,0.067217
176.34,0.067217
177.02,0.067279
177.72,0.067357
177.81,0.067367
177.9,0.067378
177.99,0.067389
178.07,0.0674
178.16,0.06741
178.22,0.067419
178.27,0.067425
178.32,0.067432
178.38,0.06744
178.44,0.067448
178.51,0.067458
178.52,0.067458
178.52,0.067459
178.52,0.067459
178.61,0.067471
178.72,0.067486
178.87,0.067509
179.11,0.067545
179.33,0.067577
179.56,0.067614
179.82,0.067657
180.11,0.067705
180.43,0.067761
180.5,0.067773
180.57,0.067785
180.62,0.067794
180.65,0.0678
180.67,0.067803
180.68,0.067806
180.69,0.067807
180.69,0.067807
180.69,0.067808
180.7,0.067808
181.18,0.067898
181.65,0.06799
182.1,0.068081
182.54,0.068172
182.57,0.068178
182.6,0.068184
182.63,0.06819
182.65,0.068196
182.68,0.068202
182.7,0.068207
182.72,0.068211
182.76,0.068219
182.8,0.068227
182.83,0.068234
182.86,0.068241
182.87,0.068243
182.87,0.068243
182.87,0.068243
182.87,0.068243
182.87,0.068244
182.88,0.068244
182.9,0.06825
182.93,0.068256
182.96,0.068263
183.01,0.068273
183.06,0.068284
183.13,0.068299
183.22,0.068319
183.34,0.068345
183.51,0.068385
183.73,0.068433
183.94,0.068482
184.18,0.068537
184.45,0.068599
184.74,0.068668
184.81,0.068686
184.9,0.068707
184.98,0.068726
185.02,0.068735
185.04,0.06874
185.04,0.068741
185.05,0.068742
185.05,0.068743
185.05,0.068744
185.5,0.068851
185.91,0.068953
186.33,0.069057
186.75,0.069164
187.19,0.069276
187.22,0.069282
187.24,0.069288
187.26,0.069294
187.73,0.069413
188.18,0.069528
188.65,0.069651
189.16,0.069782
189.23,0.069802
189.28,0.069815
189.34,0.069829
189.39,0.069843
189.4,0.069845
189.4,0.069845
189.4,0.069846
189.4,0.069846
189.55,0.069884
189.75,0.069937
189.95,0.069989
190.17,0.070046
190.42,0.070109
190.69,0.070179
190.99,0.070256
191.32,0.07034
191.43,0.070368
191.52,0.070393
191.56,0.070401
191.58,0.070406
191.59,0.070408
191.59,0.07041
192.01,0.070515
192.41,0.070615
192.83,0.070719
193.27,0.070829
193.46,0.070873
193.7,0.070931
193.74,0.070941
193.86,0.070968
193.95,0.07099
194.47,0.071113
194.99,0.071232
195.57,0.07136
195.74,0.071397
195.87,0.071428
195.91,0.071437
195.93,0.07144
195.93,0.07144
195.93,0.071441
195.94,0.071442
196.24,0.071511
196.54,0.071578
196.88,0.071653
197.24,0.071737
197.64,0.071829
198.08,0.07193
198.1,0.071933
198.11,0.071936
198.12,0.07194
198.14,0.071943
198.59,0.072048
199.03,0.07215
199.5,0.072262
200.01,0.072383
200.14,0.072415
200.22,0.072434
200.26,0.072442
200.28,0.072448
200.29,0.072451
200.3,0.072454
200.74,0.072558
201.16,0.072659
201.6,0.072766
202.06,0.07288
202.2,0.072914
202.32,0.072944
202.39,0.07296
202.44,0.072974
202.46,0.072978
202.46,0.072979
202.47,0.07298
202.47,0.072981
202.91,0.07309
203.34,0.073197
203.78,0.073306
204.23,0.073421
204.39,0.073461
204.52,0.073495
204.6,0.073513
204.63,0.073523
204.64,0.073524
204.65,0.073528
204.67,0.073531
205.15,0.073656
205.63,0.073778
206.16,0.073915
206.74,0.074066
206.79,0.074079
206.8,0.074082
206.81,0.074083
206.81,0.074085
206.82,0.074086
206.82,0.074086
206.82,0.074086
206.82,0.074087
206.89,0.074104
206.96,0.074124
207.07,0.074152
207.23,0.074195
207.42,0.074244
207.62,0.074296
207.83,0.074353
208.07,0.074417
208.34,0.074488
208.64,0.074566
208.96,0.074653
208.98,0.074658
208.99,0.074661
208.99,0.074662
209,0.074663
209,0.074664
209.63,0.074834
210.2,0.074988
210.84,0.075163
210.98,0.075202
211.11,0.075236
211.15,0.075246
211.16,0.075251
211.18,0.075256
211.2,0.075262
211.79,0.075423
212.36,0.07558
212.98,0.075753
213.22,0.075822
213.32,0.075849
213.35,0.075857
213.39,0.075869
213.42,0.075879
214.02,0.076045
214.59,0.076209
215.24,0.076392
215.35,0.076425
215.39,0.076435
215.41,0.076443
215.45,0.076452
215.48,0.076462
215.51,0.076471
215.52,0.076473
215.52,0.076474
215.53,0.076475
215.53,0.076475
215.53,0.076476
215.8,0.076553
216.05,0.076626
216.34,0.076708
216.65,0.076799
217,0.076899
217.37,0.077009
217.7,0.077104
