0,14.91448578860176,1.077123160526079,0.09330153897828168,-1.364491519067179,34.51366360088205,-1,34.65,-1.781546533934978,29.65601944040101,0.0001026132917835007,2.891829132080473e-06,-2.059889544330542,3368.244860571114,-217.42,0.03163145934701124,0.0001026132917835007,2.891829132080473e-06
0.000387001687430406,14.91448578860176,1.077590554683511,0.09330153897828168,-1.364491519067179,34.51365665262927,-1,34.65,-1.781546979454519,29.65618979374059,0.00010261130771314,2.891773217370309e-06,-2.05987983046884,3368.178680924223,-217.4077585718568,0.03163145934701124,0.00010261130771314,2.891773217370309e-06
0.06899724777469957,14.91448578860176,1.151169930564399,0.09330153897828168,-1.364491519067179,34.51254546152773,-1,34.65,-1.781515868407885,29.6844697810896,0.0001031097681726172,2.90582073941012e-06,-2.058164604896989,3384.08969460099,-215.2375163619589,0.03163145934701124,0.0001031097681726172,2.90582073941012e-06
0.1348739369672032,15.03101916036672,1.210620778107106,0.09461813652591247,-1.366795702972618,34.51166413901496,-1,34.65,-1.781316559333046,29.70866601706201,0.000104543121147084,2.946215232326912e-06,-2.056528351720949,3430.422286425065,-213.1537405458506,0.03163145934701124,0.000104543121147084,2.946215232326912e-06
0.2137165406759426,15.25244382511171,1.274963724865146,0.0966640279173854,-1.369071813036745,34.51079271014331,-1,34.65,-1.780910515203344,29.73470124923604,0.0001067742863831586,3.00909352534356e-06,-2.05458055591333,3502.672390652052,-210.659833931825,0.03163145934701124,0.0001067742863831586,3.00909352534356e-06
0.2419526820931388,15.34226770462392,1.297058224794906,0.09745386851124273,-1.369780846839141,34.51052103143959,-1,34.65,-1.780728161097116,29.74338071376031,0.0001076361734854154,3.033383070952617e-06,-2.053885301300138,3530.599606477751,-209.7666835724706,0.03163145934701124,0.0001076361734854154,3.033383070952617e-06
0.2527257537944897,15.37739083844612,1.305404862752535,0.09775949747460132,-1.370038226628,34.51042238134592,-1,34.65,-1.780654010326495,29.74661236579918,0.0001079697342624057,3.042783420122344e-06,-2.053620324217323,3541.409569135746,-209.4259155929068,0.03163145934701124,0.0001079697342624057,3.042783420122344e-06
0.2593246944481354,15.16493080260895,1.32055693987568,0.09671175445117207,-1.372051366029361,34.50966208529078,-1,34.65,-1.781346577783282,29.75915273330908,0.000106821117432934,3.010413309473594e-06,-2.053550763651833,36.8824666541412,-209.3917558011455,0.000332945511093437,0.000106821117432934,3.010413309473594e-06
0.2646948965764531,14.97139776239752,1.333979630584391,0.09574523120538801,-1.373867924216316,34.50897612882923,-1,34.65,-1.781985897650942,29.77033389428659,0.0001057617022923775,2.980557064603366e-06,-2.053510097690236,36.51948962830864,-209.3899678164532,0.000332945511093437,0.0001057617022923775,2.980557064603366e-06
0.462839760540821,10.0748206927328,1.822153811592412,0.07024457567214024,-1.428096805692357,34.48849968364225,-1,34.65,-1.801215343972485,30.10680249096491,7.78387577775275e-05,2.193637719184866e-06,-2.052286593112897,26.96273767477949,-209.32399637345,0.000332945511093437,7.78387577775275e-05,2.193637719184866e-06
0.6489067729754789,7.601164176373103,2.274536470698115,0.05633402372919866,-1.464516114312719,34.47474927329881,-1,34.65,-1.8142957314483,30.33561284316772,6.264110978173584e-05,1.765340366576192e-06,-2.051468248894812,11.63530508031803,-209.2839888762024,0.0001779171601375574,6.264110978173584e-05,1.765340366576192e-06
0.8092916609765692,6.249056929245525,2.652428810760162,0.04834192544999136,-1.489227537845862,34.46541983610562,-1,34.65,-1.823246122077693,30.49219296432521,5.392573526936187e-05,1.519725266682016e-06,-2.05091202183071,9.948567288367597,-209.255539056318,0.0001761491339545343,5.392573526936187e-05,1.519725266682016e-06
1.004618947807755,5.137269369022425,3.089254793906461,0.04153615464683554,-1.513916996461429,34.45609914629264,-1,34.65,-1.832247125800311,30.64973549915916,4.65141502155472e-05,1.31085332425633e-06,-2.05035176278106,8.614622075996898,-209.221132323905,0.0001761491339545343,4.65141502155472e-05,1.31085332425633e-06
1.202763811772123,4.365921339762977,3.499127575214442,0.03669358825153488,-1.534823423132773,34.44820697372376,-1,34.65,-1.839914756894803,30.78400577436103,4.124373852777218e-05,1.162323540328125e-06,-2.049873485618288,7.513200894066808,-209.1868935925309,0.000172618489522332,4.124373852777218e-05,1.162323540328125e-06
1.237487562901059,4.256503537723148,3.5668075361857,0.03600095654196644,-1.538160196938518,34.44694737269661,-1,34.65,-1.841142405675826,30.80551031512372,4.048973156343936e-05,1.141074253151473e-06,-2.049796749074753,7.380314857028627,-209.1808996310604,0.000172618489522332,4.048973156343936e-05,1.141074253151473e-06
1.248795582321693,4.2222402118645,3.588558983237494,0.03578390099301333,-1.539228659677114,34.4465440397461,-1,34.65,-1.841535732889481,30.81240058851438,4.025341266232141e-05,1.13441435684724e-06,-2.049772152645059,7.33866160838195,-209.1789476578285,0.000172618489522332,4.025341266232141e-05,1.13441435684724e-06
1.263766462817935,4.177868003926428,3.617134339336305,0.03550271803196275,-1.540629941410534,34.4460150725893,-1,34.65,-1.84205174345436,30.82144032987075,3.994724965480199e-05,1.125786126635329e-06,-2.049739876212132,7.284693760777415,-209.1763634070505,0.000172618489522332,3.994724965480199e-05,1.125786126635329e-06
1.267236591681671,4.167740414359709,3.623721548608437,0.03543852860804887,-1.540952623655113,34.44589326409757,-1,34.65,-1.842170595005836,30.8235224833938,3.987735330475545e-05,1.123816320406744e-06,-2.049732440740161,7.272372323050085,-209.1757643986475,0.000172618489522332,3.987735330475545e-05,1.123816320406744e-06
1.268514958120772,4.167572811989444,3.622959647478734,0.03544644289046966,-1.541066682419667,34.44585020754463,-1,34.65,-1.842210627566292,30.82427985687536,3.988554291773687e-05,1.124047118590767e-06,-2.049726608659641,184.2966848877447,-209.1713426640387,0.004373683414621245,3.988554291773687e-05,1.124047118590767e-06
1.269265507854889,4.197080192815892,3.596295977537808,0.03571206182014897,-1.541095154558277,34.44583945232984,-1,34.65,-1.842215927942633,30.82451950527982,4.017103160893155e-05,1.13209270897898e-06,-2.049717560908599,626.2711520699919,-209.1602631932969,0.01476180756343077,4.017103160893155e-05,1.13209270897898e-06
1.269873718769402,4.233320764395172,3.564341015305529,0.03603565016161549,-1.54110181219954,34.44583693020648,-1,34.65,-1.842214162245674,30.82460793082289,4.051903067759833e-05,1.141899955459589e-06,-2.049710583910354,631.4472774550867,-209.1512849008188,0.01476180756343077,4.051903067759833e-05,1.141899955459589e-06
1.281689437934082,4.873452163354584,3.083382699616608,0.04173959265594217,-1.54124474564086,34.4457827874002,-1,34.65,-1.842184883453071,30.82641344342137,4.667271893043979e-05,1.315322078948758e-06,-2.049574746863057,723.3181439209429,-208.9768635282863,0.01476180756343077,4.667271893043979e-05,1.315322078948758e-06
1.295292376818844,5.495021493229027,2.7298536566734,0.04726738632503381,-1.541436450840419,34.44571017775377,-1,34.65,-1.842161211632094,30.82866719555464,5.266314291730833e-05,1.484143118578689e-06,-2.049417774512104,813.211145464483,-208.7760595621723,0.01476180756343077,5.266314291730833e-05,1.484143118578689e-06
1.314306361643163,6.220108995441756,2.411820074247703,0.05371851722993137,-1.541742421626786,34.44559429651372,-1,34.65,-1.842142180372617,30.83206277701889,5.967673140118489e-05,1.681798794033392e-06,-2.049197536439671,918.8347296564507,-208.4953787771817,0.01476180756343077,5.967673140118489e-05,1.681798794033392e-06
1.340709545469449,7.032142267039472,2.138633204782806,0.06096678353017995,-1.542222312995873,34.44541255149461,-1,34.65,-1.842136119980671,30.83713338771677,6.757683010461175e-05,1.904437939311785e-06,-2.048890516065141,1038.134708563303,-208.1056200584762,0.01476180756343077,6.757683010461175e-05,1.904437939311785e-06
1.380126863977667,7.956047309775955,1.902205611718855,0.06927858800723,-1.543018878994184,34.44511087424446,-1,34.65,-1.842156796627682,30.84522205053439,7.665358448758687e-05,2.160237381013812e-06,-2.048430426226269,1175.485486503229,-207.5237491879914,0.01476180756343077,7.665358448758687e-05,2.160237381013812e-06
1.449770565355096,9.052508174895099,1.696792399193237,0.07932539919225146,-1.544545376761272,34.44453272345965,-1,34.65,-1.842237743674951,30.86028847237852,8.764105736146468e-05,2.469884343823096e-06,-2.047614939261901,1342.005554271452,-206.4956822702528,0.01476180756343077,8.764105736146468e-05,2.469884343823096e-06
1.510407379607684,9.661878674279079,1.613610423645621,0.08508442715957322,-1.545906731565633,34.4440170672672,-1,34.65,-1.842320600086472,30.87362240514953,9.394404204000405e-05,2.647513912036478e-06,-2.046904214225814,1437.605639147126,-205.6005732869966,0.01476180756343077,9.394404204000405e-05,2.647513912036478e-06
1.515631164818848,9.703973105204136,1.608759601860599,0.0854902474587909,-1.5460233510173,34.44397289128761,-1,34.65,-1.842327513718379,30.87476719142473,9.438826358465464e-05,2.660032882840267e-06,-2.046843000320522,1444.344465516313,-205.5234607749567,0.01476180756343077,9.438826358465464e-05,2.660032882840267e-06
1.521515152938804,9.749745653527098,1.603632634142756,0.08593306453404574,-1.546154440173968,34.4439232335798,-1,34.65,-1.842335205256637,30.8760549873202,9.487298875648986e-05,2.673693319501078e-06,-2.046774055767312,1451.697828413262,-205.4366024746244,0.01476180756343077,9.487298875648986e-05,2.673693319501078e-06
1.523449922299209,9.813754358295954,1.595944633101316,0.08645680420447639,-1.545860560673193,34.44403405699464,-1,34.65,-1.842193689631684,30.87451163763318,9.54468202728223e-05,2.689864934961356e-06,-2.046727324261096,4047.361511549253,-205.3668499281254,0.04091065407472085,9.54468202728223e-05,2.689864934961356e-06
1.525154629980544,9.906507921810274,1.584983566289872,0.08719356353526991,-1.545345028312742,34.44422852234969,-1,34.65,-1.841970179953366,30.87153716990434,9.625419046615781e-05,2.712618094955356e-06,-2.046685394448485,4081.343144683177,-205.2971092218758,0.04091065407472085,9.625419046615781e-05,2.712618094955356e-06
1.571047061756383,11.92555187925968,1.41528230888528,0.1022538041399673,-1.530977237453337,34.44964812693244,-1,34.65,-1.835780901120807,30.78845672665171,0.0001127665442650973,3.177966247470924e-06,-2.045567168356893,4776.714837095788,-203.4196198208467,0.04091065407472085,0.0001127665442650973,3.177966247470924e-06
1.61307383320283,13.22406830114311,1.367346309501584,0.1107078947407075,-1.517806407152009,34.45461603411265,-1,34.65,-1.830122972211864,30.71254906334006,0.0001220409810233489,3.439336737930742e-06,-2.044543409637134,5167.506527885614,-201.7002771123238,0.04091065407472085,0.0001220409810233489,3.439336737930742e-06
1.659315869210068,14.29135412879575,1.363474428728301,0.1167516876307685,-1.504041488728736,34.45980779873743,-1,34.65,-1.824180185971947,30.63396036221463,0.0001286723337996504,3.626220316171966e-06,-2.043401244084704,5446.975666698609,-199.8084851735209,0.04091065407472085,0.0001286723337996504,3.626220316171966e-06
1.712465746225321,15.22562821542382,1.389652447803846,0.1213085904116315,-1.489521732881903,34.46528398389363,-1,34.65,-1.817843396821655,30.55224878076228,0.0001336721540124698,3.767124340351421e-06,-2.042060313961081,5657.682637376937,-197.634088940836,0.04091065407472085,0.0001336721540124698,3.767124340351421e-06
1.773535856926761,16.05980349303488,1.43976616465238,0.1248281643827047,-1.474636922982953,34.47089750333824,-1,34.65,-1.811236724419929,30.47013052296278,0.0001375332111750037,3.87593595129556e-06,-2.040480672395443,5820.373143728529,-195.1356707676244,0.04091065407472085,0.0001375332111750037,3.87593595129556e-06
1.776730854027074,16.07456752387417,1.443539141363835,0.1248469282773972,-1.474154158625111,34.47107950582267,-1,34.65,-1.811013844752561,30.46756558020536,0.0001375536146335987,3.876510957855962e-06,-2.040415192690433,1517.760558378023,-195.0359224793616,0.01066658225403643,0.0001375536146335987,3.876510957855962e-06
1.779968685312932,16.00008462736556,1.450305587279317,0.1243727572803179,-1.474578467550851,34.47091922598937,-1,34.65,-1.811151715370789,30.47043037891497,0.0001370326647028859,3.861829641626784e-06,-2.040379726308152,1512.028764457306,-195.0013858856263,0.01066658225403643,0.0001370326647028859,3.861829641626784e-06
1.88492903262433,14.1490415759694,1.642477862569418,0.1127581751289349,-1.486930569574983,34.46625334370689,-1,34.65,-1.81512013805079,30.55455627880093,0.0001242722291195664,3.502217366096872e-06,-2.039260379869901,1371.630861327712,-193.8818177076171,0.01066658225403643,0.0001242722291195664,3.502217366096872e-06
1.983198228067618,13.09714068515455,1.777933151887235,0.1065217911526772,-1.496666245578856,34.46257584318686,-1,34.65,-1.818181932351129,30.6219118076584,0.0001174191072618595,3.309083931925131e-06,-2.03825198158691,1296.212476787881,-192.8336212513832,0.01066658225403643,0.0001174191072618595,3.309083931925131e-06
2.01556088140613,12.84377892185643,1.814386008694967,0.1051166827851067,-1.499592863428417,34.46147036732318,-1,34.65,-1.819090287694743,30.64234901026575,0.0001158744581439837,3.265552911330451e-06,-2.037925941454133,1279.207199745739,-192.4884223475891,0.01066658225403643,0.0001158744581439837,3.265552911330451e-06
2.027708586785874,12.75790421315769,1.827143879953182,0.1046543204233348,-1.500661365601545,34.46106676130622,-1,34.65,-1.819420507614192,30.64983288658176,0.0001153660828957832,3.251225972517527e-06,-2.037804208635904,1273.609358820851,-192.3588478489583,0.01066658225403643,0.0001153660828957832,3.251225972517527e-06
2.035163031304875,12.60812650206445,1.844409831346736,0.1036979392625431,-1.501987534873565,34.46056607401545,-1,34.65,-1.819897843410412,30.6584077405752,0.0001143157984231591,3.221627046470848e-06,-2.037761515916539,19.9758346709363,-192.3404466168896,0.0001688304313229788,0.0001143157984231591,3.221627046470848e-06
2.041284497206008,12.47700707701538,1.859640675556464,0.102852015116707,-1.503138504120448,34.46013154672806,-1,34.65,-1.820319321315184,30.66577710166517,0.0001133868779272831,3.195448377950705e-06,-2.037735831017287,19.81414526195791,-192.3394131271612,0.0001688304313229788,0.0001133868779272831,3.195448377950705e-06
2.239429361170377,9.271060598703979,2.348867601801159,0.0815056037717041,-1.534967137499961,34.44811562744636,-1,34.65,-1.832025648750995,30.87052029677265,8.995358011028014e-05,2.535055439471531e-06,-2.037021861198599,15.73663926712208,-192.3059602443136,0.0001688304313229788,8.995358011028014e-05,2.535055439471531e-06
2.437574225134744,7.32037382081745,2.827072039610033,0.06777006482082844,-1.559299861283881,34.43893007571912,-1,34.65,-1.841040306503611,31.0283029210845,7.488474154686408e-05,2.110388170866169e-06,-2.036469242464175,13.66365959761862,-192.2714180360967,0.0001758759440102745,7.488474154686408e-05,2.110388170866169e-06
2.635719089099112,6.02949609718163,3.288880913052759,0.05829122426515562,-1.578887739839004,34.43153602210218,-1,34.65,-1.848337480529693,31.15612470518085,6.449037546572572e-05,1.81745603585227e-06,-2.036018548989285,12.22040975454784,-192.2359197409063,0.0001824262417344181,6.449037546572572e-05,1.81745603585227e-06
2.83386395306348,5.127287958810828,3.727156195365351,0.05146561784961128,-1.595249064875893,34.42536015751781,-1,34.65,-1.854459689122719,31.26345267443228,5.700484752159506e-05,1.606500248335861e-06,-2.035636987903519,11.12904191924761,-192.1995412322591,0.000187732545761719,5.700484752159506e-05,1.606500248335861e-06
3.017329764824323,4.513001777062905,4.106854241464524,0.04672919618246428,-1.608336565286404,34.42042020369119,-1,34.65,-1.8593742280788,31.34967867271414,5.180738055131398e-05,1.460026179173394e-06,-2.035327717803785,10.12386512447399,-192.165098728357,0.000187732545761719,5.180738055131398e-05,1.460026179173394e-06
3.037326852343892,4.455612505891951,4.146601624177348,0.04628349710459449,-1.609666510221956,34.41991821563052,-1,34.65,-1.859874512202316,31.35845949290215,5.131803566902904e-05,1.446235550672636e-06,-2.035296097014652,10.02917651214773,-192.1613446242091,0.000187732545761719,5.131803566902904e-05,1.446235550672636e-06
3.043692757993374,4.4376862359439,4.159183761088628,0.04614418416518767,-1.610086303142739,34.41975976496997,-1,34.65,-1.8600324585469,31.3612318455427,5.116506793297687e-05,1.44192464174753e-06,-2.035286108330083,9.999574735647004,-192.1601495365354,0.000187732545761719,5.116506793297687e-05,1.44192464174753e-06
3.047720843375387,4.436332591832802,4.157934443654595,0.04615975772015216,-1.610334526387073,34.41966607227432,-1,34.65,-1.860124244421796,31.36288933133199,5.118146843829561e-05,1.442386837806513e-06,-2.035277551677792,56.91408196275244,-192.1559602318966,0.00106818370522088,5.118146843829561e-05,1.442386837806513e-06
3.051059388251398,4.4363058660087,4.155888084532029,0.04618404890498311,-1.610538361594425,34.41958913391015,-1,34.65,-1.860199563244019,31.36425115828873,5.120748484005213e-05,1.44312002731056e-06,-2.035270429247126,56.94199219475892,-192.1523940526608,0.00106818370522088,5.120748484005213e-05,1.44312002731056e-06
3.249204252215765,4.414456496166748,4.05414813308583,0.04743926937661477,-1.622572648082397,34.41504680734048,-1,34.65,-1.864653601466271,31.44479405121607,5.254953618270841e-05,1.480941474239964e-06,-2.0348490843922,58.37912135208953,-191.9407389377009,0.00106818370522088,5.254953618270841e-05,1.480941474239964e-06
3.274733979190839,4.40919057151577,4.043404395310007,0.0475778994893755,-1.624111296328494,34.41446605500626,-1,34.65,-1.865224081912714,31.45511225802288,5.269744014313745e-05,1.485109676761146e-06,-2.034795054479862,58.53714615479195,-191.9134684993474,0.00106818370522088,5.269744014313745e-05,1.485109676761146e-06
3.284033649163886,4.407156384901912,4.039602394878558,0.04762727295610816,-1.62467095952829,34.41425481441362,-1,34.65,-1.865431642187859,31.45886653138076,5.275009959027825e-05,1.486593715726023e-06,-2.034775390805641,58.59338981700791,-191.9035347434183,0.00106818370522088,5.275009959027825e-05,1.486593715726023e-06
3.291350926775658,4.405513658075224,4.036651458044342,0.04766571032214607,-1.625111005136554,34.41408872274652,-1,34.65,-1.865594861021769,31.46181883434075,5.279108885774204e-05,1.487748867809094e-06,-2.034759925627419,58.63716189929035,-191.8957185467068,0.00106818370522088,5.279108885774204e-05,1.487748867809094e-06
3.296008400518816,4.404449026799838,4.034791506958022,0.04768998971692471,-1.625390949257723,34.41398306017784,-1,34.65,-1.865698705530357,31.46369720279052,5.281697735449541e-05,1.488478452717598e-06,-2.034750085158651,58.66480478345687,-191.8907435091468,0.00106818370522088,5.281697735449541e-05,1.488478452717598e-06
3.296950352586982,4.404231928115432,4.034417057718447,0.04769488265013432,-1.6254475526722,34.41396169569999,-1,34.65,-1.865719703306674,31.46407701915458,5.282219429702162e-05,1.488625475643337e-06,-2.034748095272726,58.6703749601385,-191.8897373312965,0.00106818370522088,5.282219429702162e-05,1.488625475643337e-06
3.298155092791507,4.414180361037375,4.024706649949701,0.04781200685229241,-1.625500758020108,34.41394161282796,-1,34.65,-1.86573438619782,31.46449085349077,5.29499959830436e-05,1.492227159522138e-06,-2.034737914707841,641.2416087742482,-191.8778716068313,0.01164702431490306,5.29499959830436e-05,1.492227159522138e-06
3.299099250629998,4.454716051349998,3.9882040113969,0.04825603239496951,-1.625480817804035,34.41394913520825,-1,34.65,-1.865719876912785,31.4644369855601,5.343503537068228e-05,1.505896451355592e-06,-2.034726923087624,883.1818250083736,-191.8628615508427,0.0158978248940618,5.343503537068228e-05,1.505896451355592e-06
3.299876702075114,4.488927315541655,3.957950000364099,0.04863044073081135,-1.625462031939073,34.41395622243379,-1,34.65,-1.865707032135755,31.46437696847162,5.384407727218759e-05,1.517423995852559e-06,-2.034717923387787,889.8508185621833,-191.8505017639046,0.0158978248940618,5.384407727218759e-05,1.517423995852559e-06
3.316966704787856,5.171216834670266,3.441525523339288,0.05607933256648024,-1.625018487334618,34.41412355505695,-1,34.65,-1.865413079491119,31.4628552649963,6.198955065225023e-05,1.746978245654325e-06,-2.034520752511594,1022.783404122283,-191.5788078933384,0.0158978248940618,6.198955065225023e-05,1.746978245654325e-06
3.336678865815823,5.831341938426988,3.062152409564727,0.06325028785437478,-1.624444186917357,34.41434021523541,-1,34.65,-1.865050258943741,31.46068531737291,6.984144793888275e-05,1.968258987368514e-06,-2.034294684591262,1151.101168514557,-191.2654274090322,0.0158978248940618,6.984144793888275e-05,1.968258987368514e-06
3.364311005583814,6.59842069003192,2.722895274523826,0.07152779844847057,-1.623549942084136,34.4146775740864,-1,34.65,-1.86450786801928,31.45705371990804,7.891351776090443e-05,2.223926409625488e-06,-2.0339797148637,1299.503582454902,-190.8261364895524,0.0158978248940618,7.891351776090443e-05,2.223926409625488e-06
3.403417783682314,7.46459048489258,2.432476458039143,0.08077752604879618,-1.622152529578529,34.4152047481017,-1,34.65,-1.863690337382548,31.45104312193016,8.905851702191598e-05,2.509830934253996e-06,-2.033536798562177,1465.581257185861,-190.2044237791715,0.0158978248940618,8.905851702191598e-05,2.509830934253996e-06
3.470030205687667,8.549591490440962,2.16872485452685,0.09214290715018171,-1.619549651637574,34.41618665970979,-1,34.65,-1.862213677356145,31.43933689781208,0.0001015308737427687,2.861324623659845e-06,-2.032787168712884,1669.874639170875,-189.1454311583611,0.0158978248940618,0.0001015308737427687,2.861324623659845e-06
3.540604929617257,9.353368702883159,2.031402574011621,0.1003063164256448,-1.61664534765431,34.41728224332843,-1,34.65,-1.860594041999909,31.42597206232572,0.0001104922008046363,3.113871113585205e-06,-2.031996115371364,1816.705362686593,-188.0234465553817,0.0158978248940618,0.0001104922008046363,3.113871113585205e-06
3.617385142975926,9.978579081017678,1.958247408939277,0.1064030734430353,-1.613409123133627,34.41850299502413,-1,34.65,-1.858801665487538,31.41095602453471,0.0001171854625000493,3.302499397728662e-06,-2.031134106896582,1933.713990495119,-186.7987980048612,0.01595831790110834,0.0001171854625000493,3.302499397728662e-06
3.704374005776498,10.48300745522675,1.925233561841596,0.1110755495801745,-1.609805771078806,34.4198621690999,-1,34.65,-1.856795183678781,31.39437548860547,0.0001223147399832151,3.447051763163336e-06,-2.030155570471112,2018.078508387719,-185.4106020784337,0.01595831790110834,0.0001223147399832151,3.447051763163336e-06
3.801748364552802,10.8880435226825,1.921579586343266,0.1145990071944902,-1.605939857101309,34.42132029863456,-1,34.65,-1.854613278687495,31.37693458946046,0.0001261818773857335,3.556034726325216e-06,-2.029056579823171,2081.670796023979,-183.8566711056649,0.01595831790110834,0.0001261818773857335,3.556034726325216e-06
3.805096382060669,10.90104021554286,1.921737325128991,0.1147068783393426,-1.605801676973945,34.42137241726942,-1,34.65,-1.854538660618122,31.37627393000469,0.0001263002659447551,3.559371131170371e-06,-2.029022803938391,1415.005290453874,-183.8083632442227,0.01083745161431118,0.0001263002659447551,3.559371131170371e-06
3.807808944609645,10.86125311358868,1.927523583881246,0.114377362645188,-1.606112658482209,34.4212550295387,-1,34.65,-1.854654468838702,31.37834326836069,0.0001259380267918392,3.549162573224559e-06,-2.029013312754202,174.379478663816,-183.8047300415698,0.00133939866352814,0.0001259380267918392,3.549162573224559e-06
3.810542537236938,10.81730308613835,1.933813244202585,0.1140136386335404,-1.606459548817482,34.42112408994972,-1,34.65,-1.854783842938371,31.38064973262729,0.0001255381959607232,3.537894613438562e-06,-2.029003023612947,173.8267638602484,-183.8010686712582,0.00133939866352814,0.0001255381959607232,3.537894613438562e-06
4.008687401201305,8.402974534753035,2.364306993307852,0.09369683321044728,-1.62831292691262,34.41287536836872,-1,34.65,-1.862943484662921,31.52657656148697,0.0001032059819040945,2.908532217297208e-06,-2.028328406297245,142.9573574428079,-183.5356737052794,0.00133939866352814,0.0001032059819040945,2.908532217297208e-06
4.038348602275853,8.140299115738754,2.423902873945728,0.09145110564642861,-1.631133835325232,34.41181062470308,-1,34.65,-1.863997889019495,31.5455056626438,0.000100737637141395,2.838969773984768e-06,-2.028237163345492,139.5456309903915,-183.4959455322015,0.00133939866352814,0.000100737637141395,2.838969773984768e-06
4.055111097051846,8.000288350440949,2.456967918557856,0.09025210294492959,-1.63268667266706,34.41122451365997,-1,34.65,-1.864578400882471,31.55593493975716,9.941978774512501e-05,2.801830381908068e-06,-2.028186493467102,137.7241235726657,-183.4734938691011,0.00133939866352814,9.941978774512501e-05,2.801830381908068e-06
4.05897653607624,7.969847297821252,2.464262719938331,0.08999302523662053,-1.633034732910953,34.41109313999489,-1,34.65,-1.864707520460293,31.55828490863457,9.913502328657752e-05,2.793805201712639e-06,-2.028173432117239,352.0490668059429,-183.466222333156,0.003433570745456467,9.913502328657752e-05,2.793805201712639e-06
4.062536076192977,7.960109127743945,2.466366171457143,0.08993825999200766,-1.633251785313577,34.41101120997982,-1,34.65,-1.864782298000121,31.55981548355749,9.907469509881891e-05,2.792105043693987e-06,-2.02815581312412,488.9053414595131,-183.4492388860406,0.004771247565237916,9.907469509881891e-05,2.792105043693987e-06
4.066651753515192,7.950021628329837,2.468505662621272,0.0898865527485737,-1.633496156669194,34.41091896762901,-1,34.65,-1.864866255613794,31.56154150984536,9.90176993560104e-05,2.79049880003302e-06,-2.028135583944798,488.6239071419158,-183.4296019706377,0.004771247565237916,9.90176993560104e-05,2.79049880003302e-06
4.245781112248882,7.59090763638952,2.542415399665809,0.08837130623410214,-1.643622657454881,34.40709659591391,-1,34.65,-1.868332617440364,31.63338734038278,9.734525102404367e-05,2.743366165223049e-06,-2.027266157782298,480.354693622232,-182.5749314539169,0.004771247565237916,9.734525102404367e-05,2.743366165223049e-06
4.321190958922073,7.478805452304385,2.56362351490311,0.08809691798941656,-1.647602692956649,34.40559431315467,-1,34.65,-1.869686912534207,31.66181201237169,9.704086308293092e-05,2.734787959609871e-06,-2.026905638369072,487.8932785697988,-182.2143025299724,0.004861434361484375,9.704086308293092e-05,2.734787959609871e-06
4.383005201057016,7.402816309089084,2.576761166502374,0.08802411612222892,-1.650732673492998,34.40441289862458,-1,34.65,-1.870745494750924,31.684277408392,9.695864601013921e-05,2.732470933013014e-06,-2.026609258341251,487.4697387594125,-181.9137966492285,0.004861434361484375,9.695864601013921e-05,2.732470933013014e-06
4.437778332512472,7.341194925969917,2.586948564449297,0.08800944086701688,-1.653437454997831,34.40339198520472,-1,34.65,-1.871658179501605,31.70374199432577,9.694069254396517e-05,2.731964971693564e-06,-2.026348123978969,487.3704833258193,-181.6475206658848,0.004861434361484375,9.694069254396517e-05,2.731964971693564e-06
4.504153500028604,7.27251082133964,2.597790474767132,0.08804270329208808,-1.656633114831436,34.40218580217394,-1,34.65,-1.872733918193428,31.72680127958979,9.697521542834507e-05,2.73293788934427e-06,-2.0260334513375,487.5334144212861,-181.3248421457726,0.004861434361484375,9.697521542834507e-05,2.73293788934427e-06
4.529037706628766,7.248225741868676,2.601493966261683,0.08806736321641588,-1.657808880414501,34.40174201947074,-1,34.65,-1.873128984250367,31.7353026140054,9.700160821499852e-05,2.733681686059049e-06,-2.025915962183531,487.6622352856882,-181.2038692087483,0.004861434361484375,9.700160821499852e-05,2.733681686059049e-06
4.562110818784276,7.217045402572438,2.606151231814396,0.08810904552775717,-1.659353315631914,34.4011590881241,-1,34.65,-1.873647316341744,31.74648390152172,9.704652245230049e-05,2.734947450928468e-06,-2.02576020453406,487.8830249375763,-181.0430864448743,0.004861434361484375,9.704652245230049e-05,2.734947450928468e-06
4.565424741624224,7.213986226724644,2.606602342624503,0.08811374386798036,-1.659506936061142,34.40110110581774,-1,34.65,-1.873698834918269,31.74759696617967,9.705159929497328e-05,2.735090525585611e-06,-2.02574462211953,487.9080547204367,-181.0269760265089,0.004861434361484375,9.705159929497328e-05,2.735090525585611e-06
4.570886748042775,7.241758919840739,2.597512449248282,0.08848023406049864,-1.659573304408599,34.40107604889052,-1,34.65,-1.873701801398094,31.74829868292119,9.74540777142317e-05,2.746433099219257e-06,-2.025705944468137,917.6221820917392,-180.9780379326023,0.00910538495972384,9.74540777142317e-05,2.746433099219257e-06
4.575358505673824,7.267619683183418,2.589241815154472,0.08881357143797836,-1.659607120590932,34.40106327887896,-1,34.65,-1.873696060432099,31.74873925408758,9.782016616196892e-05,2.756750137291851e-06,-2.025674227052646,921.0593010619521,-180.937320857925,0.00910538495972384,9.782016616196892e-05,2.756750137291851e-06
4.685612846599835,7.774505089796822,2.444284386912057,0.09546069585299441,-1.66043905946261,34.40074910713066,-1,34.65,-1.873553950194027,31.75959202748254,0.0001051210608232865,2.962502623201711e-06,-2.024892250857865,989.6121271690496,-179.933412640313,0.00910538495972384,0.0001051210608232865,2.962502623201711e-06
4.79214372628633,8.090215351755056,2.372984371056477,0.09978184164716214,-1.661220443974599,34.40045401391213,-1,34.65,-1.873408266725579,31.76993216858464,0.0001098678828505583,3.096276698515734e-06,-2.024137168462845,1034.189516120646,-178.9634079706694,0.00910538495972384,0.0001098678828505583,3.096276698515734e-06
4.802706844533979,8.114896496505448,2.368227311759539,0.1001298493485842,-1.661295968027154,34.40042549119092,-1,34.65,-1.873393084021561,31.77094458103377,0.0001102502006358443,3.107051108828339e-06,-2.024062340173566,1037.780124649796,-178.8672267126495,0.00910538495972384,0.0001102502006358443,3.107051108828339e-06
4.80835287141489,8.127680036705332,2.365820585541963,0.1003108778049144,-1.661336170745156,34.40041030801172,-1,34.65,-1.873384906328266,31.77148462893287,0.0001104490787364933,3.112655855301174e-06,-2.024022347739484,1039.647944647623,-178.8158174644059,0.00910538495972384,0.0001104490787364933,3.112655855301174e-06
4.815358028302088,8.143157996302316,2.362960973169066,0.1005308116225607,-1.661385888222497,34.40039153138072,-1,34.65,-1.873374698405405,31.77215360268351,0.0001106907002992386,3.119465190251269e-06,-2.023972731719756,1041.917220706596,-178.7520328142447,0.00910538495972384,0.0001106907002992386,3.119465190251269e-06
4.819067972737686,8.151187349368794,2.361501676432663,0.1006452401395821,-1.661412144680985,34.40038161516808,-1,34.65,-1.87336926425668,31.77250740356778,0.0001108164135406587,3.123008017964019e-06,-2.023946456581377,1043.097910385109,-178.7182523419794,0.00910538495972384,0.0001108164135406587,3.123008017964019e-06
4.821778660755701,8.206068964019934,2.349716954724432,0.1012417520464106,-1.661083813417205,34.40050552296407,-1,34.65,-1.873213412677894,31.77064899486659,0.0001114719225761732,3.141481454419425e-06,-2.023904191737879,2875.349123234346,-178.6533840631247,0.02495211884173132,0.0001114719225761732,3.141481454419425e-06
4.824054878762628,8.261951045636732,2.337930400273688,0.1018413846511607,-1.660733619578476,34.40063768246447,-1,34.65,-1.87305288405649,31.76860176077138,0.0001121308732856845,3.160051883505654e-06,-2.023868542369504,2892.313513800705,-178.5965876009061,0.02495211884173132,0.0001121308732856845,3.160051883505654e-06
4.891438886190421,9.66544711191319,2.110497238813284,0.1159714068322851,-1.64998020154134,34.40469586922261,-1,34.65,-1.868157129392944,31.7054913029853,0.0001276606157820053,3.597708262947422e-06,-2.022821551038342,3292.169578993769,-176.9152138395357,0.02495211884173132,0.0001276606157820053,3.597708262947422e-06
4.957151758732858,10.69567488922897,2.015586381284347,0.1249849474684899,-1.639248602006394,34.40874573685186,-1,34.65,-1.86329824246104,31.64247046618573,0.0001375686518559076,3.876934734121033e-06,-2.021805815470209,3547.32111328611,-175.2755384344253,0.02495211884173132,0.0001375686518559076,3.876934734121033e-06
5.030181193526798,11.5880135043759,1.97757142931774,0.1316702162281421,-1.627562512892292,34.41315569910538,-1,34.65,-1.858000845847341,31.57422138012532,0.0001449180882510131,4.084055214346734e-06,-2.020671782324899,3736.602472694009,-173.4532992985025,0.02495211884173132,0.0001449180882510131,4.084055214346734e-06
5.058146878158351,11.87856299588518,1.974019830352451,0.1336024383950932,-1.623219078780422,34.41479474269839,-1,34.65,-1.856025252737152,31.54901082233429,0.0001470423752678608,4.143921484821532e-06,-2.020234671374015,3791.315161914539,-172.7554962120856,0.02495211884173132,0.0001470423752678608,4.143921484821532e-06
5.064961087758851,11.94582895706497,1.973827179360602,0.1340322155835166,-1.622173899868736,34.41518914995536,-1,34.65,-1.855549105325251,31.54295924524122,0.0001475148785796818,4.157237487245578e-06,-2.020127878865371,3803.485008575648,-172.5854672443214,0.02495211884173132,0.0001475148785796818,4.157237487245578e-06
5.07200937743462,12.01405076504817,1.973875775390766,0.1344613418117988,-1.621098472714725,34.41559497051416,-1,34.65,-1.855058843264676,31.53673891065166,0.0001479866683883742,4.170533381854183e-06,-2.020017295494796,3815.636534322623,-172.4095974827007,0.02495211884173132,0.0001479866683883742,4.170533381854183e-06
5.077005550670871,11.94803870767947,1.983777200481016,0.1338554012209064,-1.621452467527351,34.41546133589929,-1,34.65,-1.855179309099042,31.53924807536653,0.0001473204954031688,4.151759415907484e-06,-2.019986328927569,275.9374862984974,-172.3789676485409,0.00181262697876972,0.0001473204954031688,4.151759415907484e-06
5.081958446551642,11.86411853415277,1.995264124740696,0.1331073646555204,-1.621992933086668,34.41525732730005,-1,34.65,-1.855380718007382,31.54288229837075,0.000146498105591326,4.128582975755551e-06,-2.019967807165031,274.3987919425158,-172.3699898958444,0.00181262697876972,0.000146498105591326,4.128582975755551e-06
5.28010331051601,9.312519052558963,2.428952642721966,0.1100114036226432,-1.640798762398984,34.40815888345684,-1,34.65,-1.862386611204821,31.66991922737636,0.0001211097124661069,3.413091896772104e-06,-2.019287743498232,226.9031384239551,-172.0108271697179,0.00181262697876972,0.0001211097124661069,3.413091896772104e-06
5.322021979662336,8.9232417419986,2.513445142694271,0.1064359971441855,-1.64421440272752,34.40686965035245,-1,34.65,-1.86365816495783,31.69311951966227,0.0001171801605195013,3.302349978276855e-06,-2.019156047446378,219.5532683821602,-171.9348442591092,0.00181262697876972,0.0001171801605195013,3.302349978276855e-06
5.346534307024141,8.666855408778243,2.571990997156241,0.1040305145193941,-1.646451956560013,34.40602510462045,-1,34.65,-1.864508992526798,31.70813368031619,0.0001145365408748817,3.227847970110303e-06,-2.019098171139432,25.09203813860014,-171.9223819246781,0.0002119320977068813,0.0001145365408748817,3.227847970110303e-06
5.366493416720469,8.463354491106097,2.620650822345521,0.1021069592062429,-1.648259262880269,34.40534295631521,-1,34.65,-1.865199285356025,31.72023685380577,0.0001124226454451931,3.168274553455441e-06,-2.019055865029816,24.62979618609943,-171.9181519486918,0.0002119320977068813,0.0001124226454451931,3.168274553455441e-06
5.564638280684837,6.843843429692082,3.097657799917409,0.08644485382048006,-1.664159309044737,34.39934176750044,-1,34.65,-1.871284715500284,31.82699753465367,9.521446882784436e-05,2.683316848784705e-06,-2.018680040042404,20.86773502347321,-171.876158692022,0.0002119320977068813,9.521446882784436e-05,2.683316848784705e-06
5.762783144649204,5.72882904743966,3.560706739956068,0.07524871778733912,-1.677213428969665,34.39441487420726,-1,34.65,-1.876297116875002,31.91503460693529,8.291905440187307e-05,2.336809714961877e-06,-2.018365606189686,18.28349529932235,-171.8339473030358,0.0002131266820647644,8.291905440187307e-05,2.336809714961877e-06
5.960928008613572,4.923944647673934,4.005515600029428,0.06692787243928243,-1.688264268483209,34.39024416743885,-1,34.65,-1.880551234561717,31.98984021586908,7.378654899258578e-05,2.079439107972872e-06,-2.018094380986665,16.36209276276504,-171.7915771253866,0.0002142296851007463,7.378654899258578e-05,2.079439107972872e-06
6.15907287257794,4.322260808309546,4.428017411964428,0.06057053774530058,-1.69784602132969,34.38662798994141,-1,34.65,-1.884247560218282,32.05491314408347,6.681384025666284e-05,1.882935498142317e-06,-2.017854820885942,14.88712946481127,-171.7490631567669,0.0002151432390440666,6.681384025666284e-05,1.882935498142317e-06
6.357217736542307,3.860664709196346,4.824173930028687,0.05562043861192342,-1.706315771502889,34.38343154718389,-1,34.65,-1.887520652955056,32.11260153021368,6.138881476730114e-05,1.730048416169396e-06,-2.017639212927449,13.74161121845192,-171.7064195450889,0.000216013924136541,6.138881476730114e-05,1.730048416169396e-06
6.555362600506675,3.49915374451476,5.190820097125085,0.05171223723428766,-1.713924360142379,34.38056015254467,-1,34.65,-1.890465363245437,32.16456108780767,5.710937144497366e-05,1.609445922540167e-06,-2.017442109654867,12.791309368368,-171.6636174954765,0.000216013924136541,5.710937144497366e-05,1.609445922540167e-06
6.753507464471043,3.211427645186632,5.525394706830053,0.04859889668722474,-1.720852956746352,34.37794542040535,-1,34.65,-1.893150423526001,32.21199107033274,5.370351490808537e-05,1.513462692864224e-06,-2.017259607785162,12.08429651060193,-171.6206769986007,0.000216885509592064,5.370351490808537e-05,1.513462692864224e-06
6.951652328435411,2.97911647731988,5.826783267749759,0.0461011699516726,-1.727236761655574,34.37553631811984,-1,34.65,-1.895627278735964,32.25578889331211,5.09738379687585e-05,1.436535433665012e-06,-2.017088806177447,11.51475975140968,-171.5776283169256,0.0002176007244503071,5.09738379687585e-05,1.436535433665012e-06
7.132410250219057,2.804630338713243,6.072197432076118,0.04425131933220071,-1.732672089044467,34.37348517609416,-1,34.65,-1.897738318460012,32.29315340462441,4.895417999058998e-05,1.379617799734809e-06,-2.016941328965229,11.09570083987036,-171.538276445511,0.0002182175014167468,4.895417999058998e-05,1.379617799734809e-06
7.330555114183425,2.645366399857965,6.309625518629323,0.04259970795124166,-1.738278827779529,34.37136937377561,-1,34.65,-1.899918024809498,32.33176790694176,4.715266774929804e-05,1.328847909298399e-06,-2.016787188859078,10.69319083792515,-171.4950377683781,0.0002182175014167468,4.715266774929804e-05,1.328847909298399e-06
7.528699978147793,2.512488470656804,6.515588379190055,0.04126573457682323,-1.743578584471309,34.36936944054545,-1,34.65,-1.901980372367724,32.36833484913211,4.569894123062795e-05,1.287879252863151e-06,-2.016639654455709,10.38080777009133,-171.4517549440926,0.0002184724252622967,4.569894123062795e-05,1.287879252863151e-06
7.72684484211216,2.400491597256375,6.692151814301167,0.0401889193121628,-1.748620573146643,34.36746680116948,-1,34.65,-1.903944213196445,32.40318342954107,4.452665062749894e-05,1.254841972229515e-06,-2.016497650390753,10.13966460075987,-171.4084135134586,0.0002189162695067391,4.452665062749894e-05,1.254841972229515e-06
7.907450243837292,2.313096647060497,6.829267095902122,0.03939241427764828,-1.753024872133673,34.36580481704404,-1,34.65,-1.905661130624051,32.4336724098707,4.366056172066378e-05,1.230434012127797e-06,-2.016372317555083,9.963722188531998,-171.3688587890402,0.0002193025834267018,4.366056172066378e-05,1.230434012127797e-06
8.10559510780166,2.230126557850087,6.956324094358399,0.03868387594262207,-1.75767639497848,34.3640495593912,-1,34.65,-1.907475916278492,32.46592116912632,4.289117592654007e-05,1.208751321566129e-06,-2.016238673040669,9.791776575791641,-171.3254051084801,0.0002193025834267018,4.289117592654007e-05,1.208751321566129e-06
8.303739971766028,2.158089608513343,7.061649823876656,0.03811750241341997,-1.762163638990832,34.36235630975782,-1,34.65,-1.909228087373695,32.49707787034621,4.227721914718263e-05,1.191448903238783e-06,-2.01610854195198,9.66705306215963,-171.2818993467237,0.0002195805606505564,4.227721914718263e-05,1.191448903238783e-06
8.501884835730396,2.094893566097972,7.147924520382047,0.03766774753865394,-1.766507141904908,34.36071731659252,-1,34.65,-1.910925539322814,32.52728014702673,4.179073219363248e-05,1.177738816366006e-06,-2.015981489138934,9.570929532738525,-171.2383533484658,0.0002198629172850563,4.179073219363248e-05,1.177738816366006e-06
8.700029699694763,2.038783929424507,7.218007167054707,0.0373121036609969,-1.770723540104713,34.35912630081404,-1,34.65,-1.912574661359566,32.55663952743996,4.140711617581385e-05,1.166927819500209e-06,-2.015857153473901,9.49872990132477,-171.1947653577608,0.0002201676369686418,4.140711617581385e-05,1.166927819500209e-06
8.898174563659131,1.988510007733484,7.273978588639836,0.03703490696456579,-1.774826162714555,34.35757823157532,-1,34.65,-1.914180567281232,32.58524526794071,4.110926945595107e-05,1.158533957394985e-06,-2.015735246097496,9.444260615732833,-171.1511345968858,0.000220438719613284,4.110926945595107e-05,1.158533957394985e-06
9.096319427623499,1.942932997657355,7.318222926327062,0.03682076891690503,-1.778826065113931,34.35606893618637,-1,34.65,-1.915747494060514,32.61317138218444,4.088041493464043e-05,1.152084420885321e-06,-2.015615523904825,9.39371629652857,-171.1074557967756,0.000220438719613284,4.088041493464043e-05,1.152084420885321e-06
9.294464291587866,1.901274808487661,7.352328145253319,0.03665962720671065,-1.782732030522721,34.35459509949481,-1,34.65,-1.917278795157079,32.64047655742888,4.070959959321705e-05,1.147270533990662e-06,-2.015497787617457,9.371965896590236,-171.0637167101243,0.0002208072145725688,4.070959959321705e-05,1.147270533990662e-06
9.492609155552234,1.862723083167734,7.378413344578496,0.03653958986276661,-1.786551546212862,34.35315389545784,-1,34.65,-1.918777344858929,32.66721056488036,4.058389021597888e-05,1.143727815177587e-06,-2.015381897701018,9.351867492221809,-171.0199467690988,0.0002209748465466277,4.058389021597888e-05,1.143727815177587e-06
9.690754019516602,1.826765148483377,7.397746027672143,0.0364535968237432,-1.790290506771005,34.35174309911714,-1,34.65,-1.920245387810843,32.69341248880837,4.049562936192786e-05,1.141240463836149e-06,-2.015267731781536,9.340453262943832,-170.9761526966153,0.0002211465705149681,4.049562936192786e-05,1.141240463836149e-06
9.888898883480969,1.792935501520003,7.411620430125295,0.03639479718478844,-1.793953887309962,34.35036083253217,-1,34.65,-1.921684810339993,32.71911526073902,4.043739509818645e-05,1.139599316403436e-06,-2.015155181603741,9.328655839165695,-170.9323336394844,0.0002211465705149681,4.043739509818645e-05,1.139599316403436e-06
10.08704374744534,1.760869237942071,7.421094374705625,0.03635773074844794,-1.797545752316442,34.34900556143099,-1,34.65,-1.92309714911585,32.74434559256343,4.040328733799622e-05,1.138638097707166e-06,-2.015044165331961,9.326088525219982,-170.8884975847114,0.0002212335944258668,4.040328733799622e-05,1.138638097707166e-06
10.2851886114097,1.730294409984549,7.426959021485835,0.03633838325788201,-1.801069501326857,34.34767600250007,-1,34.65,-1.924483681360857,32.76912572208606,4.038896632354501e-05,1.138234505481723e-06,-2.01493461242858,9.3283024767481,-170.8446484695476,0.0002213252284933426,4.038896632354501e-05,1.138234505481723e-06
10.48333347537407,1.701105348696224,7.429364247472643,0.03633596459716718,-1.804527844749854,34.34637113250767,-1,34.65,-1.925845380125562,32.79347362828516,4.039356073910264e-05,1.13836398446562e-06,-2.014826407117512,9.372425740239665,-170.8007112021323,0.0002223067256557379,4.039356073910264e-05,1.13836398446562e-06
10.61599713868886,1.682337709928689,7.428889294957964,0.03634454998645779,-1.806808107413335,34.34551077073014,-1,34.65,-1.926743692684667,32.80954266824727,4.040800959762387e-05,1.1387711795694e-06,-2.014754664956935,9.376916451674338,-170.7712191775273,0.0002223067256557379,4.040800959762387e-05,1.1387711795694e-06
10.81414200265323,1.654593701156319,7.428811562529476,0.03635423700533005,-1.8101638130739,34.34424464370467,-1,34.65,-1.928066486602844,32.83321089176455,4.042656639941815e-05,1.139294143983602e-06,-2.014648720589013,9.3397911534339,-170.7273357486667,0.0002212822932028216,4.042656639941815e-05,1.139294143983602e-06
10.95729363600946,1.63515095848401,7.427447210504461,0.03636763330968976,-1.81255082684435,34.34334401571511,-1,34.65,-1.92900794497131,32.8500625680406,4.044722059520953e-05,1.139876216774087e-06,-2.01457297192306,9.385591030885646,-170.6956108049726,0.0002222222167349652,4.044722059520953e-05,1.139876216774087e-06
11.09308547362454,1.617259308211974,7.42466722657189,0.0363876345168351,-1.814786884241427,34.34250034863148,-1,34.65,-1.929890221383889,32.86586082843415,4.047496506513134e-05,1.140658106380974e-06,-2.014501665891196,9.393305337662822,-170.6654348418032,0.0002222222167349652,4.047496506513134e-05,1.140658106380974e-06
11.29123033758891,1.591328228034323,7.421582674380621,0.03641204293505907,-1.818002404063749,34.34128713689609,-1,34.65,-1.931159680262815,32.88859869500847,4.051062596795297e-05,1.141663095460493e-06,-2.014398727982976,9.366479627646443,-170.6215177908405,0.0002213460153083284,4.051062596795297e-05,1.141663095460493e-06
11.48937520155328,1.566130002035889,7.417163243538718,0.03644301917528926,-1.821161765252636,34.34009512267538,-1,34.65,-1.932407716424742,32.91096279918996,4.055386524574349e-05,1.142881656925498e-06,-2.014296998560457,9.41563157001845,-170.5775926822049,0.0002222222167350772,4.055386524574349e-05,1.142881656925498e-06
11.66746885247543,1.544176652581502,7.411603918115116,0.03647871308791567,-1.823954751040088,34.33904134784648,-1,34.65,-1.933511595576338,32.93075331866712,4.060162900812401e-05,1.144227726592586e-06,-2.014206499648316,9.428589044388227,-170.5380163163105,0.0002222222167349867,4.060162900812401e-05,1.144227726592586e-06
11.86561371643979,1.520186535115389,7.405190661921432,0.03651960547458458,-1.827011890908602,34.33788791743279,-1,34.65,-1.93472053241056,32.95243648326574,4.06564453819774e-05,1.145772551673909e-06,-2.014106899588333,9.443479284556984,-170.4939841254057,0.0002222222167348547,4.06564453819774e-05,1.145772551673909e-06
12.06375858040416,1.496628047658689,7.39861995984853,0.03656133941425091,-1.830016985798769,34.3367541312671,-1,34.65,-1.935909546219009,32.97377195107947,4.071258055134451e-05,1.147354542810618e-06,-2.01400842514376,9.458765584970724,-170.4499519345009,0.0002222222167353013,4.071258055134451e-05,1.147354542810618e-06
12.26190344436853,1.473478483654427,7.39196108706795,0.03660357743191332,-1.832970956286804,34.33563964164426,-1,34.65,-1.937078957540515,32.99476531615425,4.076965776030429e-05,1.148963082335848e-06,-2.013911056391093,9.474360312619334,-170.4059197435961,0.0002222222167347426,4.076965776030429e-05,1.148963082335848e-06
12.4600483083329,1.450719005049111,7.385269567612998,0.03664604745918958,-1.835874679614627,34.33454411722338,-1,34.65,-1.938229071427911,33.01542190227423,4.082737112306282e-05,1.15058954983177e-06,-2.013814774344498,9.490191847298362,-170.3618875526913,0.0002222222167353013,4.082737112306282e-05,1.15058954983177e-06
12.65819317229727,1.428328751341542,7.378589222118722,0.03668853328428943,-1.838728994248353,34.33346724130701,-1,34.65,-1.939360179172982,33.03574679306566,4.088532534580243e-05,1.152222805199887e-06,-2.013719560857211,9.506132522762014,-170.3178553617864,0.0002222222167353013,4.088532534580243e-05,1.152222805199887e-06
12.85633803626163,1.406288460414805,7.371951906541645,0.03673087635238208,-1.84153469265771,34.33240871456442,-1,34.65,-1.940472555289697,33.05574477934827,4.094313265803469e-05,1.153851920362796e-06,-2.013625398777582,9.52204315301778,-170.2738231708816,0.0002222222167348531,4.094313265803469e-05,1.153851920362796e-06
13.054482900226,1.384594407090107,7.365383142090189,0.03677294840688013,-1.844292546159806,34.33136824565798,-1,34.65,-1.941566467438808,33.07542053233936,4.100083363109975e-05,1.155478038694629e-06,-2.013532271411965,9.537975880567819,-170.2297909799768,0.0002222222167353029,4.100083363109975e-05,1.155478038694629e-06
13.25262776419037,1.363252471377935,7.358858836338345,0.03681486919169103,-1.847003302447682,34.3303455521773,-1,34.65,-1.942642173554314,33.09477860750784,4.10587564381915e-05,1.15711040871267e-06,-2.013440159483874,9.556790576113482,-170.1857547228843,0.0002222859047125297,4.10587564381915e-05,1.15711040871267e-06
13.39921527968862,1.347694082607547,7.354042908076719,0.03684587459871033,-1.848978860340944,34.32960023303243,-1,34.65,-1.94342642051416,33.10889804278614,4.110196858132789e-05,1.158328205473786e-06,-2.013372656015273,9.568858309815715,-170.1531703843822,0.0002222859047125297,4.110196858132789e-05,1.158328205473786e-06
13.59736014365299,1.326625522584095,7.349517299739195,0.03687785484754741,-1.851609988902888,34.32860759214234,-1,34.65,-1.944471358267254,33.12771719652106,4.11502791509465e-05,1.159689685163038e-06,-2.013282377936354,9.539782521832679,-170.109281086199,0.0002212823273308351,4.11502791509465e-05,1.159689685163038e-06
13.79550500761736,1.306053621408305,7.344310296132016,0.03691329993563499,-1.854195331839705,34.32763223102744,-1,34.65,-1.945498490887764,33.14622628114735,4.120332307911249e-05,1.161184559502261e-06,-2.013193051815893,9.595793958556815,-170.0653416268338,0.0002222222167349652,4.120332307911249e-05,1.161184559502261e-06
13.99287728466753,1.286145036692165,7.337878156421897,0.03695494810736621,-1.856726092204442,34.32667746818981,-1,34.65,-1.946504272523769,33.16436169965095,4.12642312119999e-05,1.162901061429088e-06,-2.013104966061046,9.613338133664248,-170.0214811219057,0.0002222222167351909,4.12642312119999e-05,1.162901061429088e-06
14.1910221486319,1.266476093049294,7.331678839036958,0.0369955291617925,-1.859223460401408,34.32573530892055,-1,34.65,-1.947497140390997,33.18227402712924,4.132548666515167e-05,1.164627351472456e-06,-2.013017471837639,9.631324341645318,-169.9774489310009,0.0002222222167351909,4.132548666515167e-05,1.164627351472456e-06
14.38916701259626,1.247097559016364,7.325919872667887,0.03703394823043663,-1.861678190862314,34.32480924096559,-1,34.65,-1.948473400288025,33.19989626504307,4.138610242939048e-05,1.166335613919186e-06,-2.012930913808385,9.645231659955931,-169.9334353496154,0.0002221221142528676,4.138610242939048e-05,1.166335613919186e-06
14.58731187656063,1.227840390306705,7.32165371919647,0.03706484761492691,-1.864091220039596,34.32389891071769,-1,34.65,-1.949433429921023,33.21723406502046,4.144055534487387e-05,1.167870196082809e-06,-2.012845325579475,9.633160773515808,-169.8895111634054,0.0002214461177907021,4.144055534487387e-05,1.167870196082809e-06
14.785456740525,1.208991184980161,7.317204517388832,0.03709670974910641,-1.866462472256626,34.32300434655051,-1,34.65,-1.950377131965029,33.23428674816677,4.149832358116155e-05,1.169498210014553e-06,-2.012760650352417,9.671018029204083,-169.845599599308,0.0002218884296083599,4.149832358116155e-05,1.169498210014553e-06
14.98360160448937,1.190576398289507,7.312389188885682,0.0371304791389469,-1.868792815473828,34.3221252207943,-1,34.65,-1.951304799319808,33.2510602635714,4.156073843768862e-05,1.171257174153043e-06,-2.012676821368681,9.682209852861462,-169.8016376046876,0.0002216801012471355,4.156073843768862e-05,1.171257174153043e-06
15.18174646845373,1.172508383475472,7.308061167959862,0.0371618118506277,-1.871083294435559,34.32126113903463,-1,34.65,-1.952216864865404,33.26756100176046,4.162518538198917e-05,1.173073406219695e-06,-2.012593882731214,9.704072115486795,-169.7577128311824,0.0002216801012471355,4.162518538198917e-05,1.173073406219695e-06
15.3798913324181,1.154814823292393,7.304444863276228,0.03718955333642744,-1.873334790375905,34.32041176858696,-1,34.65,-1.953113660624495,33.28379466854326,4.169299696870352e-05,1.174984460027099e-06,-2.012511820456999,9.716572945702616,-169.7138319539638,0.0002214093854547701,4.169299696870352e-05,1.174984460027099e-06
15.57803619638247,1.137522985711348,7.301317124368998,0.03721483373184112,-1.875548019570939,34.3195768390322,-1,34.65,-1.953995449068788,33.2997658673083,4.176552835664329e-05,1.177028526414493e-06,-2.012430617748568,9.730402666017715,-169.6699932615275,0.0002211052796956637,4.176552835664329e-05,1.177028526414493e-06
15.75701102707987,1.122181976481478,7.299316640053541,0.03723347628655956,-1.877515007134304,34.31883480695213,-1,34.65,-1.954779321730328,33.31397137833818,4.183299470582005e-05,1.178929850800383e-06,-2.012357996189907,9.736364993539697,-169.63043594159,0.0002206381959520064,4.183299470582005e-05,1.178929850800383e-06
15.94295132512819,1.106540150666656,7.297940582234467,0.03724926928326202,-1.879526757535862,34.31807589239478,-1,34.65,-1.955581224879212,33.32851105684905,4.190589626942407e-05,1.180984349411042e-06,-2.012283289955983,9.766186880425609,-169.5894104096739,0.0002206381959520064,4.190589626942407e-05,1.180984349411042e-06
16.14109618909256,1.090392334845165,7.295935046798022,0.03726888524455516,-1.881635183636437,34.31728051225242,-1,34.65,-1.956421802412206,33.34376216351903,4.199422267396169e-05,1.183473548084375e-06,-2.012204403794629,9.817051366418976,-169.5456379008746,0.0002209716454413974,4.199422267396169e-05,1.183473548084375e-06
16.33924105305693,1.074638785384612,7.294263346042939,0.0372868237780075,-1.883708330752111,34.316498445147,-1,34.65,-1.957248473664339,33.35877053089759,4.208881513980104e-05,1.186139335758029e-06,-2.012126283150831,9.850159957634968,-169.5018689144642,0.0002208276498532223,4.208881513980104e-05,1.186139335758029e-06
16.5373859170213,1.059151480615284,7.293779809466995,0.0372987003434057,-1.885747225195162,34.31572930368407,-1,34.65,-1.958061658873728,33.3735427428208,4.218516795080665e-05,1.188854733159096e-06,-2.012048948811193,9.851413332223068,-169.4581599344234,0.0002199180380056715,4.218516795080665e-05,1.188854733159096e-06
16.71363386430088,1.045558245002734,7.294648172618569,0.03730262334405622,-1.887532509799527,34.31505583610391,-1,34.65,-1.958773858868279,33.38648683414292,4.227085868122978e-05,1.191269653743748e-06,-2.011980862680644,9.890436076409083,-169.4193998316551,0.0002199180380056715,4.227085868122978e-05,1.191269653743748e-06
16.91177872826525,1.030700548948707,7.295471049258996,0.03730784589297828,-1.889507802923687,34.31431069504125,-1,34.65,-1.959561958171895,33.40081973353061,4.237616755030068e-05,1.194237449144837e-06,-2.011904990266455,9.943478398907589,-169.3758047839577,0.0002200307259544461,4.237616755030068e-05,1.194237449144837e-06
17.10992359222962,1.016205503600845,7.296677393902311,0.0373111335708675,-1.891450396153083,34.31357789342243,-1,34.65,-1.960337127686077,33.41492662396405,4.248808537673521e-05,1.197391496980719e-06,-2.011829845426043,9.983572608415322,-169.3322367055684,0.0002197749952993425,4.248808537673521e-05,1.197391496980719e-06
17.29478231144134,1.002935727210809,7.298643183438705,0.03730992235195234,-1.893233993008388,34.31290507331101,-1,34.65,-1.961048955419092,33.42788872396026,4.259582706660414e-05,1.200427853695207e-06,-2.01176039223689,10.01363488075209,-169.2916314535735,0.0002193159229740784,4.259582706660414e-05,1.200427853695207e-06
17.48571999196886,0.9894909783528612,7.301448280257807,0.03730473489689018,-1.895047564099122,34.31222094963112,-1,34.65,-1.961772849867421,33.44107828479736,4.271093964709279e-05,1.203671935508979e-06,-2.011689324562396,10.06923046065803,-169.2497557799381,0.0002193159229740784,4.271093964709279e-05,1.203671935508979e-06
17.68386485593323,0.97566608891915,7.306721493156302,0.03728729520334692,-1.896899876763954,34.31152221525916,-1,34.65,-1.962512379002272,33.45455883628186,4.282827209611784e-05,1.20697857725423e-06,-2.011616380617671,10.07520248462771,-169.2065146955606,0.0002181432277170466,4.282827209611784e-05,1.20697857725423e-06
17.8820097198976,0.9624619088055244,7.311200018706124,0.03727398681130099,-1.898721277779184,34.31083514524729,-1,34.65,-1.963239601945677,33.46782522952412,4.296498443376047e-05,1.210831379496886e-06,-2.011544070116615,10.16612744051449,-169.16322771872,0.0002186352866755527,4.296498443376047e-05,1.210831379496886e-06
18.08015458386197,0.9497353024843167,7.316331699762506,0.03725741064738707,-1.900513332082906,34.31015914906487,-1,34.65,-1.96395517035579,33.48088797921061,4.311608117551223e-05,1.215089560400799e-06,-2.011472408388439,10.207980740143,-169.1199594573217,0.0002179024562570244,4.311608117551223e-05,1.215089560400799e-06
18.26341588549005,0.9383787009658319,7.322110351916771,0.03723688540533118,-1.902145458638266,34.30954348376362,-1,34.65,-1.964606960552508,33.4927933615442,4.326897451321765e-05,1.219398372645225e-06,-2.011406742555681,10.2620431775742,-169.080027511203,0.0002173912992106213,4.326897451321765e-05,1.219398372645225e-06
18.42014456108724,0.928955636794627,7.328354115984093,0.03721277143107091,-1.903522714420701,34.30902396230947,-1,34.65,-1.965157034561421,33.50284575914763,4.340921369591872e-05,1.223350567794073e-06,-2.011351045602594,10.33536465243892,-169.0459560607914,0.0002173912992106213,4.340921369591872e-05,1.223350567794073e-06
18.61828942505161,0.9176397958124958,7.336528879313562,0.03718098651708006,-1.905239514204063,34.30837636295515,-1,34.65,-1.965842753113695,33.51538501525749,4.360982083513345e-05,1.229004041717397e-06,-2.011281157336771,10.44049855159667,-169.0028800781085,0.0002174010905271499,4.360982083513345e-05,1.229004041717397e-06
18.81643428901598,0.9069058691200003,7.346238995768694,0.03714157773507911,-1.90693050402783,34.30773850289262,-1,34.65,-1.966518226684743,33.52774468485622,4.383405934959192e-05,1.235323490761227e-06,-2.011211872458228,10.49814328174052,-168.9598636563487,0.0002161412398679125,4.383405934959192e-05,1.235323490761227e-06
18.98032540441745,0.8984251771101855,7.356281442715871,0.03709896053797125,-1.908310574327902,34.30721792762715,-1,34.65,-1.967069600176891,33.53783771930178,4.403644598348329e-05,1.241027114079984e-06,-2.011155086113934,10.60748051822312,-168.9244400274624,0.0002161412398679125,4.403644598348329e-05,1.241027114079984e-06
19.17847026838182,0.8889053632506522,7.369129478598322,0.0370441388488115,-1.909956759833785,34.30659697441464,-1,34.65,-1.967727324897311,33.54988500353171,4.431515338760392e-05,1.248881595468838e-06,-2.011086920828903,10.7551911624475,-168.8816218067601,0.0002160833481913866,4.431515338760392e-05,1.248881595468838e-06
19.31051036854847,0.8829573288799926,7.378908300341443,0.03700166687021721,-1.911041027127571,34.30618798274076,-1,34.65,-1.968160579557503,33.55782448918612,4.452021152679607e-05,1.254660506664253e-06,-2.011041807738184,10.80155008538401,-168.8531357781062,0.0002147737061318916,4.452021152679607e-05,1.254660506664253e-06
19.42793734879618,0.8778819667241402,7.389170163875952,0.03695618961474483,-1.911997303866032,34.30582727102433,-1,34.65,-1.96854275828106,33.56482922421008,4.471361729506839e-05,1.260111032861018e-06,-2.011001946363517,10.90901046450364,-168.8279155503586,0.0002147737061318916,4.471361729506839e-05,1.260111032861018e-06
19.62608221276055,0.8701074628462311,7.407113597406075,0.03687674043891601,-1.913593357688669,34.30522523543248,-1,34.65,-1.96918064183085,33.57652704168523,4.508138734091279e-05,1.270475461425724e-06,-2.010935048332567,11.1243613352882,-168.7853381633197,0.0002149914779247385,4.508138734091279e-05,1.270475461425724e-06
19.82422707672491,0.863251419804645,7.427302215868552,0.03678671786321074,-1.915169068744366,34.30463087665753,-1,34.65,-1.969810453199722,33.58808351033343,4.550026439986487e-05,1.282280178541647e-06,-2.010868617290093,11.28601506835193,-168.742796396342,0.0002135954532010504,4.550026439986487e-05,1.282280178541647e-06
19.98360004937255,0.8583435207507294,7.44650945546025,0.03670014048788332,-1.916422952893649,34.30415791355981,-1,34.65,-1.970311747007117,33.59728419565456,4.587327752705438e-05,1.292792366671532e-06,-2.010815611043087,11.49888262167129,-168.7087550540213,0.0002135954532010504,4.587327752705438e-05,1.292792366671532e-06
20.18174491333691,0.854345468185171,7.472285187326261,0.03658405670489537,-1.917965684940776,34.30357600081769,-1,34.65,-1.970928569171414,33.60861108723644,4.645767857733077e-05,1.309261850815685e-06,-2.010750058719619,11.83167193266554,-168.6664308446333,0.000213604868895302,4.645767857733077e-05,1.309261850815685e-06
20.33408061557642,0.8536497153551895,7.495728513300695,0.03647789237343887,-1.91914266019012,34.30313205271191,-1,34.65,-1.971399255855511,33.61725668342277,4.704712202274233e-05,1.325873438822738e-06,-2.010699914515778,12.07252825268038,-168.6339656969594,0.0002119093022324713,4.704712202274233e-05,1.325873438822738e-06
20.45775908546711,0.8545146238516512,7.518699386045908,0.0363732677679167,-1.920094425427594,34.30277305412613,-1,34.65,-1.97178001167754,33.62424971275126,4.761498024814921e-05,1.341876716084205e-06,-2.010659399138321,12.40128652365839,-168.6077570787037,0.0002119093022324713,4.761498024814921e-05,1.341876716084205e-06
20.65590394943148,0.8588506660641129,7.560580043897865,0.0361830538128035,-1.921613364491806,34.30220012550197,-1,34.65,-1.972387802922348,33.63541465755511,4.87152140874364e-05,1.37288330610048e-06,-2.010594610235703,13.05406593902265,-168.565759585335,0.0002119873599381191,4.87152140874364e-05,1.37288330610048e-06
20.85404881339585,0.8666881452252637,7.611234935062242,0.03595403533989289,-1.923129001322235,34.30162844721374,-1,34.65,-1.972994510962006,33.64656010847085,5.005566275927696e-05,1.410659586852351e-06,-2.010529926771974,13.8111048408113,-168.5238065001668,0.0002110852115229934,5.005566275927696e-05,1.410659586852351e-06
21.02552991931229,0.8761707088268965,7.664278594280415,0.03571590590582062,-1.924440963692834,34.30113359644174,-1,34.65,-1.973519948741303,33.65621078546585,5.141413218101176e-05,1.44894372510124e-06,-2.010474025810222,14.66807021901433,-168.4876093746522,0.0002110852115229934,5.141413218101176e-05,1.44894372510124e-06
21.22367478327666,0.8899662250148423,7.74010004699338,0.03537903207203257,-1.925960872765759,34.30056031671365,-1,34.65,-1.974129090078085,33.66739301302259,5.321092792748691e-05,1.499580696138267e-06,-2.010409576579582,15.72993928471335,-168.4460846673985,0.0002093435117859501,5.321092792748691e-05,1.499580696138267e-06
21.42181964724102,0.9069013547757738,7.829031250119406,0.03499104120660434,-1.927484455682956,34.29998565795816,-1,34.65,-1.974740039922245,33.67860585084838,5.527049050557212e-05,1.557622914247942e-06,-2.010345102869636,17.14026566349237,-168.4046316276387,0.0002091105546960059,5.527049050557212e-05,1.557622914247942e-06
21.60193193913561,0.9247577303574911,7.922946131073199,0.03458980577711297,-1.928873341871739,34.29946181010899,-1,34.65,-1.97529727404637,33.68883046020843,5.736818450239992e-05,1.616739745067634e-06,-2.010286450395672,18.61078385201984,-168.3670022029265,0.0002083333288122503,5.736818450239992e-05,1.616739745067634e-06
21.76196880964062,0.9423737196433962,8.017982688097936,0.03419266518882784,-1.930110347002795,34.29899525330589,-1,34.65,-1.975793830687422,33.69793917142449,5.94083938525364e-05,1.674236554026026e-06,-2.010234344179227,20.18985707718991,-168.3336611889615,0.0002083333288122503,5.94083938525364e-05,1.674236554026026e-06
21.96011367360499,0.9661542939492686,8.152164877983864,0.03364694971770696,-1.931644407590268,34.29841666582888,-1,34.65,-1.976409951296805,33.7092383809464,6.21562773093814e-05,1.751676905991658e-06,-2.010169867020571,22.37311606596534,-168.2924994330835,0.0002075345274941602,6.21562773093814e-05,1.751676905991658e-06
22.03508478999021,0.9756790365984895,8.207313145273304,0.03342775612169614,-1.932224563294998,34.29819785672233,-1,34.65,-1.976643030018408,33.71351271241343,6.325942187034965e-05,1.782765525437126e-06,-2.010145488787308,23.32627523204984,-168.2769403378688,0.0002075345274941602,6.325942187034965e-05,1.782765525437126e-06
22.23322965395458,1.001806449239745,8.369956109443576,0.03279732331934521,-1.933758226169531,34.29761943452609,-1,34.65,-1.977259502250935,33.72481346756243,6.632269187411041e-05,1.869094043724929e-06,-2.010081284157953,25.90336160026985,-168.2361242570408,0.0002057114269211402,6.632269187411041e-05,1.869094043724929e-06
22.36519646752414,1.020003593233805,8.488627219871384,0.03235256656804223,-1.934775357804492,34.29723582995819,-1,34.65,-1.977668477805222,33.73231095147344,6.848467430399479e-05,1.930022639476217e-06,-2.010038673342398,27.88818205795819,-168.2090148302153,0.0002048945147401967,6.848467430399479e-05,1.930022639476217e-06
22.48392977465086,1.036798793889141,8.602900537675611,0.03193591399660071,-1.935685869635579,34.29689244200149,-1,34.65,-1.978034655521894,33.73902458454533,7.050695601261507e-05,1.98701421490097e-06,-2.010000483754132,29.94516673674229,-168.1846870268681,0.0002048945147401967,7.050695601261507e-05,1.98701421490097e-06
22.61712048011832,1.057176113016749,8.739037575104563,0.03145397417491782,-1.936699430970989,34.29651019744936,-1,34.65,-1.978442309785418,33.74650095947222,7.293607790932014e-05,2.055471286535386e-06,-2.009957839121508,32.41424308210387,-168.1574307590799,0.0002041337323316518,7.293607790932014e-05,2.055471286535386e-06
22.73634914895461,1.078088455918027,8.869677724472107,0.03100551331213723,-1.937598805655418,34.29617102337139,-1,34.65,-1.978804068424636,33.75313761407293,7.534913912856132e-05,2.123475739077637e-06,-2.009919882777438,35.09492051099249,-168.1330921659094,0.0002041337323316518,7.534913912856132e-05,2.123475739077637e-06
22.82311632058615,1.094851311135575,8.969926150967058,0.03067041515344797,-1.938247014437073,34.29592657457394,-1,34.65,-1.97906478192497,33.7579228219865,7.724704103290062e-05,2.176962065472654e-06,-2.00989239694823,37.28813393380536,-168.1153800593204,0.0002041337323316518,7.724704103290062e-05,2.176962065472654e-06
23.02126118455052,1.137507598359403,9.223876427728031,0.02985388325769267,-1.93970786291952,34.29537568486291,-1,34.65,-1.979652429741535,33.76871128388949,8.201081507238878e-05,2.311213879312775e-06,-2.009830299917312,42.82217040949216,-168.0752604134922,0.0002024489022607807,8.201081507238878e-05,2.311213879312775e-06
23.21337880531573,1.184432105189954,9.503783945834771,0.02900480494823745,-1.941085248033217,34.29485629769003,-1,34.65,-1.980206340798873,33.77889220467026,8.719114742596321e-05,2.4572050638226e-06,-2.009771083328906,49.4741043130816,-168.0365538387219,0.0002010440760632459,8.719114742596321e-05,2.4572050638226e-06
23.32126388015051,1.213156936582356,9.674072005028842,0.02851294425977543,-1.941832840682997,34.29457440983732,-1,34.65,-1.980506775791323,33.78442345807428,9.033812976412615e-05,2.5458927478981e-06,-2.009738425327345,54.02605162455391,-168.0148641835307,0.0002010440760632459,9.033812976412615e-05,2.5458927478981e-06
23.51940874411488,1.269994984613369,10.020625042359,0.02756416745870036,-1.943149961289097,34.2940778096614,-1,34.65,-1.981035680051357,33.7941785107185,9.653786075681771e-05,2.720612439510317e-06,-2.009679909880786,63.2475000182222,-167.9753631894713,0.0001992420855331839,9.653786075681771e-05,2.720612439510317e-06
23.58344351404148,1.289570354571129,10.14001878661898,0.02725287848852704,-1.943554088688134,34.29392545179836,-1,34.65,-1.981197723199948,33.79717593318015,9.865618037954351e-05,2.780310537968953e-06,-2.009661470616771,66.80809931843743,-167.9626047683645,0.0001992420855331839,9.865618037954351e-05,2.780310537968953e-06
23.78158837800584,1.353766119413121,10.53969270364326,0.02626334695353375,-1.944729488364648,34.29348236448358,-1,34.65,-1.981668224901264,33.80590754681509,0.0001055434465398669,2.974406220668976e-06,-2.009606261953669,78.74046639250909,-167.9234198012611,0.0001977305101244362,0.0001055434465398669,2.974406220668976e-06
23.83937840282183,1.373644532392348,10.66268940288695,0.02597449777056964,-1.945044761052541,34.29336353287535,-1,34.65,-1.981794053430487,33.80825526693551,0.0001076452187587648,3.033637983201553e-06,-2.00959075706884,82.81859149009254,-167.9119929501741,0.0001977305101244362,0.0001076452187587648,3.033637983201553e-06
24.0375232667862,1.445812867564389,11.11486492537713,0.02496934459468867,-1.946023094973585,34.29299484608754,-1,34.65,-1.982183107709728,33.81556117042935,0.0001151468163307331,3.245046642047931e-06,-2.009540057324942,97.77435877751064,-167.8731309384056,0.0001961175354382412,0.0001151468163307331,3.245046642047931e-06
24.0997307690102,1.469957791107436,11.26376487236413,0.02465709269075649,-1.946289602093097,34.29289443923209,-1,34.65,-1.982288411421992,33.81756080530099,0.0001175939279975307,3.314010698112228e-06,-2.009525028646245,102.1116370176098,-167.8609425469724,0.0001939257540218755,0.0001175939279975307,3.314010698112228e-06
24.14978321949287,1.489794080280549,11.38986351585699,0.02439885568407672,-1.946493602274785,34.29281759042276,-1,34.65,-1.982368858715727,33.81909368329726,0.0001195911949317226,3.370297311712183e-06,-2.009513238594018,106.7274821833549,-167.8512360877718,0.0001939257540218755,0.0001195911949317226,3.370297311712183e-06
24.34792808345723,1.573879996787025,11.90432543035618,0.02340672118629539,-1.947143886651289,34.29257274460022,-1,34.65,-1.982622072917425,33.82402310607429,0.0001277549009786549,3.600365391216638e-06,-2.009469967204961,126.9585252773033,-167.812810695622,0.0001939257540218755,0.0001277549009786549,3.600365391216638e-06
24.5460729474216,1.667673622988375,12.45431852343473,0.02244321604370375,-1.947526692315635,34.29242886834363,-1,34.65,-1.982764418771714,33.82701339853671,0.0001362919481578308,3.840954902629778e-06,-2.00943272519165,149.438940556972,-167.7747056971884,0.0001923076887518466,0.0001362919481578308,3.840954902629778e-06
24.59125672188422,1.690717166526518,12.58255585004337,0.02223201054437479,-1.947569144225491,34.29241298582216,-1,34.65,-1.982778263318965,33.82737041457053,0.0001382874565280274,3.897191956698955e-06,-2.009425202651684,155.3085300715897,-167.7660165099524,0.0001923076887518466,0.0001382874565280274,3.897191956698955e-06
24.78940158584859,1.799562503441855,13.1684344303618,0.02132379310207928,-1.947556974729197,34.29241820254241,-1,34.65,-1.982756754340458,33.82749729905416,0.0001472292260647996,4.149187280007989e-06,-2.009396722110334,182.0822431684452,-167.7281985606497,0.0001907797054046595,0.0001472292260647996,4.149187280007989e-06
24.82864939432028,1.822909752872109,13.28605180828725,0.02115251436423997,-1.947509597170258,34.29243620930164,-1,34.65,-1.98273382524729,33.82719658413924,0.0001490358598101295,4.200101503740014e-06,-2.009392055769096,188.0890673699846,-167.7207108753117,0.0001907797054046595,0.0001490358598101295,4.200101503740014e-06
25.02679425828465,1.950232934254618,13.90275634003592,0.02030662383276893,-1.947051019358596,34.29260993087912,-1,34.65,-1.982527113138428,33.82408728567627,0.0001583136219085846,4.46156570833284e-06,-2.009373460708552,219.1406665981138,-167.6831953602863,0.0001891090485574468,0.0001583136219085846,4.46156570833284e-06
25.08889397191221,1.994028140533992,14.09726573517052,0.02005807442992432,-1.946818046544,34.29269806521381,-1,34.65,-1.98242528783661,33.82246619651916,0.0001612726767328592,4.544957253380577e-06,-2.009369573912814,230.2271209397757,-167.6714517425265,0.0001891090485574468,0.0001612726767328592,4.544957253380577e-06
25.28703883587657,2.147107495928441,14.733490555315,0.01929836950950717,-1.945793087972264,34.29308557443569,-1,34.65,-1.981983644081771,33.81525350137434,0.0001708548995138353,4.815001713571721e-06,-2.009363421868186,266.9036022843466,-167.6341898200013,0.0001879352973012783,0.0001708548995138353,4.815001713571721e-06
25.36254258743909,2.211622797778355,14.97590159313964,0.01903022146929999,-1.945275390532677,34.29328122377505,-1,34.65,-1.981762630480381,33.81158482513748,0.0001745578905823314,4.919358734592976e-06,-2.009363834122313,282.5239737059782,-167.620000000004,0.0001879352973012783,0.0001745578905823314,4.919358734592976e-06
