0,0.3720776576728967,0.0004980413071368481,0.002386144729233096,-1.378983127955693,34.51366360088205,-1,34.65,-1.781546533934978,29.65601944040102,2.208652142376918e-06,6.22438331033495e-08,-2.059889544330542,72.15244591972727,-217.42,0.03163145934701124,2.208652142376918e-06,6.22438331033495e-08
7.671873792697413e-05,0.3720776576728967,0.0005732805772772397,0.002386144729233096,-1.378983127955693,34.51115231551903,-1,34.65,-1.783851926091576,29.69628538969961,2.264902130328486e-06,6.382906003653006e-08,-2.059743800941028,73.99002556198505,-217.4175732743601,0.03163145934701124,2.264902130328486e-06,6.382906003653006e-08
0.0001690196584532678,0.3720776576728967,0.0006439243486548209,0.002386144729233096,-1.378983127955693,34.50912155588863,-1,34.65,-1.785716609629765,29.72886663513664,2.398834151815304e-06,6.760350791479492e-08,-2.059625216588854,78.36532883036104,-217.4146536615448,0.03163145934701124,2.398834151815304e-06,6.760350791479492e-08
0.0003253034500373021,0.3720776576728967,0.0007596694070187949,0.002386144729233096,-1.378983127955693,34.50700151520289,-1,34.65,-1.787662043858754,29.76288402118582,2.624759202156405e-06,7.397048660622596e-08,-2.059499976265933,85.74586860114859,-217.4097101771447,0.03163145934701124,2.624759202156405e-06,7.397048660622596e-08
0.0006017897366254323,0.4197970253691851,0.0009658814241558203,0.002713021264820726,-1.383832916280879,34.50513853103725,-1,34.65,-1.789367098341498,29.79275679489623,2.984323391302799e-06,8.410365920944252e-08,-2.059386571822379,97.49214372265136,-217.4009645124105,0.03163145934701124,2.984323391302799e-06,8.410365920944252e-08
0.0009493066572894719,0.4731778497679034,0.001228027009737548,0.003070976945760902,-1.38647447927863,34.50411965362485,-1,34.65,-1.790293639656582,29.80907279110454,3.378074640336992e-06,9.520028531858796e-08,-2.059319824878996,110.3552447772113,-217.3899720450621,0.03163145934701124,3.378074640336992e-06,9.520028531858796e-08
0.001438610604100303,0.5401085216257557,0.001598628533149826,0.00351419920774481,-1.388033688429958,34.50351505227163,-1,34.65,-1.790836426731778,29.81875106990034,3.865619128519291e-06,1.089401754400891e-07,-2.059273402921654,126.2823917652277,-217.3744946471602,0.03163145934701124,3.865619128519291e-06,1.089401754400891e-07
0.001980736840076814,0.6054244012777319,0.002011214204750528,0.003943894129982824,-1.388766653099654,34.50322891857009,-1,34.65,-1.791086844965071,29.82334911609533,4.338283542981107e-06,1.222607180294676e-07,-2.059243957646875,141.7234351727847,-217.357346403166,0.03163145934701124,4.338283542981107e-06,1.222607180294676e-07
0.002781251141961538,0.6914860554478918,0.002620044115340693,0.004508002501314964,-1.389228252647144,34.50304720803742,-1,34.65,-1.79123752620608,29.82631509957696,4.958802751446461e-06,1.397480775407639e-07,-2.059214276020864,161.9946122277488,-217.3320249675692,0.03163145934701124,4.958802751446461e-06,1.397480775407639e-07
0.00359808489236514,0.7687395660709211,0.003243624087870039,0.005013432346795112,-1.389431136650153,34.50296646553086,-1,34.65,-1.791296638842428,29.8276898828772,5.514775581474623e-06,1.554164027506485e-07,-2.059189987028482,180.1571824133254,-217.306187324,0.03163145934701124,5.514775581474623e-06,1.554164027506485e-07
0.004930008983295054,0.8816450284631541,0.004258033148144251,0.005751344656691037,-1.389570924729289,34.50291001324297,-1,34.65,-1.791325609462812,29.82875501525358,6.326479122360141e-06,1.782916843574222e-07,-2.059154690847604,206.6739863558264,-217.2640566212645,0.03163145934701124,6.326479122360141e-06,1.782916843574222e-07
0.006160900889401639,0.97314311802776,0.005199433378490929,0.006349059709463289,-1.389623427923982,34.50288831373675,-1,34.65,-1.791325327792471,29.82926719316118,6.983965680409619e-06,1.96820850993362e-07,-2.059123818001451,228.1528160965564,-217.2251217139759,0.03163145934701124,6.983965680409619e-06,1.96820850993362e-07
0.008003080134724968,1.097176607434133,0.006602298786711251,0.007159147395539093,-1.389654302205575,34.50287502994784,-1,34.65,-1.791308082377894,29.82974011947621,7.875062135093003e-06,2.219335692617119e-07,-2.059078712747919,257.2632348547637,-217.1668508960675,0.03163145934701124,7.875062135093003e-06,2.219335692617119e-07
0.009880378799950747,1.209745263107218,0.00803570774524716,0.007894336583763545,-1.389662709469901,34.50287089028448,-1,34.65,-1.791282380677169,29.83008022017854,8.6837702421399e-06,2.447244340966699e-07,-2.059033286074239,283.6821836964544,-217.1074691996563,0.03163145934701124,8.6837702421399e-06,2.447244340966699e-07
0.0125635148796869,1.3552245743583,0.01007991887354255,0.008844539025104918,-1.389659599030641,34.50287124341128,-1,34.65,-1.791240317343899,29.83047330718918,9.728992927615411e-06,2.741807097782525e-07,-2.058968719089425,317.8276119605372,-217.0225976898276,0.03163145934701124,9.728992927615411e-06,2.741807097782525e-07
0.01531245268278736,1.488977915813459,0.01217793998806473,0.009718298279080074,-1.389648938023954,34.50287476018203,-1,34.65,-1.791194591145392,29.83083011293657,1.069012810698808e-05,3.012672466514823e-07,-2.058902749432557,349.2260620472052,-216.9356447754614,0.03163145934701124,1.069012810698808e-05,3.012672466514823e-07
0.01889580122159609,1.647491382154624,0.01490910798086016,0.01075403705329495,-1.389630508583494,34.50288130108373,-1,34.65,-1.791133391187207,29.83126740371352,1.182944075862444e-05,3.333751486521433e-07,-2.05881686750652,386.4452297493615,-216.8222982318298,0.03163145934701124,1.182944075862444e-05,3.333751486521433e-07
0.02276096200794126,1.802571887033001,0.01785736038978697,0.01176763807825996,-1.389608158975203,34.50288944879024,-1,34.65,-1.791066510226821,29.83172393799388,1.294440188608596e-05,3.647967804260589e-07,-2.058724293995452,422.8688796796712,-216.7000375555469,0.03163145934701124,1.294440188608596e-05,3.647967804260589e-07
0.02745094293807753,1.974524766280584,0.02143308772861704,0.01289189932715241,-1.389579553604172,34.5029000111895,-1,34.65,-1.790984835753276,29.83226879999484,1.418108925986766e-05,3.996488791417249e-07,-2.05861200415473,463.2690935224747,-216.5516866144171,0.03163145934701124,1.418108925986766e-05,3.996488791417249e-07
0.03273228117792448,2.151574117591162,0.02546062854021655,0.01404995371096149,-1.389546456783163,34.50291231999687,-1,34.65,-1.790892553612631,29.83287696416628,1.545494908205764e-05,4.355485650398062e-07,-2.058485579501724,504.8836602377935,-216.3846301785855,0.03163145934701124,1.545494908205764e-05,4.355485650398062e-07
0.03889230128660362,2.3411209848887,0.03015784132798499,0.01529033577660092,-1.389507310024567,34.50292694035057,-1,34.65,-1.790784728837174,29.83358300951458,1.681936935426102e-05,4.740004090746286e-07,-2.058338136074076,549.4566638416962,-216.1897797529411,0.03163145934701124,1.681936935426102e-05,4.740004090746286e-07
0.04591730171142927,2.539886904585504,0.03551501479122952,0.01659175688408727,-1.389462328285139,34.50294378392024,-1,34.65,-1.790661646713391,29.83438615888455,1.8250932572496e-05,5.143444634067055e-07,-2.058169998627936,596.2230992176222,-215.9675687375905,0.03163145934701124,1.8250932572496e-05,5.143444634067055e-07
0.05396986578599211,2.749908003764761,0.04165589199190024,0.01796773237289684,-1.38941055402563,34.50296320307403,-1,34.65,-1.790520488622609,29.83530552244433,1.976450561018652e-05,5.569997035598021e-07,-2.05797727372269,645.6686387175611,-215.7128543844267,0.03163145934701124,1.976450561018652e-05,5.569997035598021e-07
0.06313505237555445,2.97068109345485,0.04864557844983544,0.01941518760615477,-1.38935149044592,34.50298537998802,-1,34.65,-1.790359781881989,29.83635113187084,2.135670636677025e-05,6.018708157907979e-07,-2.057757924299103,697.6827955775557,-215.4229461574112,0.03163145934701124,2.135670636677025e-05,6.018708157907979e-07
0.07354747009868595,3.202785549107086,0.05658679854130094,0.02093817733164653,-1.389284302333424,34.50301062520006,-1,34.65,-1.790177178492357,29.83753855850173,2.303199506481119e-05,6.490834972810425e-07,-2.057508727914171,752.4112767476344,-215.0935861894979,0.03163145934701124,2.303199506481119e-05,6.490834972810425e-07
0.08533346033343808,3.446340708214169,0.06557608840217247,0.0225377847376163,-1.38920819514525,34.50303923504499,-1,34.65,-1.789970471286957,29.8388823584426,2.479156321137794e-05,6.986713268661054e-07,-2.057226660316274,809.8930064873854,-214.7207781185231,0.03163145934701124,2.479156321137794e-05,6.986713268661054e-07
0.09863677259982365,3.701624022037469,0.07572327676123372,0.024216179708755,-1.389122254432738,34.50307155165292,-1,34.65,-1.789737145513178,29.84039903291144,2.66377976796305e-05,7.507015709714051e-07,-2.056908280837065,870.2059593828878,-214.2999749373883,0.03163145934701124,2.66377976796305e-05,7.507015709714051e-07
0.1136088641870713,3.968838155920811,0.08714413732438656,0.02597509721981057,-1.389025511280831,34.50310793817056,-1,34.65,-1.789474550029963,29.84210594088249,2.857260694179163e-05,8.052280138141276e-07,-2.056549964474569,933.4124815755729,-213.8263858310065,0.03163145934701124,2.857260694179163e-05,8.052280138141276e-07
0.130413230585608,4.248191558058549,0.09996369001062894,0.02781637334523555,-1.388916916178448,34.50314878844613,-1,34.65,-1.789179822098519,29.84402180573338,3.059801067975911e-05,8.623075737023022e-07,-2.05614779820796,999.5785522144924,-213.2948391984189,0.03163145934701124,3.059801067975911e-05,8.623075737023022e-07
0.1492245008943494,4.539869819546632,0.1143155299647135,0.02974176463267731,-1.388795346025576,34.50319452429829,-1,34.65,-1.788849903768919,29.84616662120771,3.271594109594504e-05,9.219947036129966e-07,-2.055697602616009,1068.767292661028,-212.6998112663823,0.03163145934701124,3.271594109594504e-05,9.219947036129966e-07
0.1702293763433358,4.844042618015648,0.1303425590908562,0.03175300207925433,-1.388659598845463,34.5032455974362,-1,34.65,-1.788481525823789,29.8485617654706,3.492830228717977e-05,9.843430644568843e-07,-2.055194909395418,1141.0409061209,-212.0353964025287,0.03163145934701124,3.492830228717977e-05,9.843430644568843e-07
0.1936269589929229,5.160859439044034,0.1481972571207406,0.03385177194945874,-1.388508392197761,34.50330249000735,-1,34.65,-1.788071202356142,29.85123004456624,3.723694914440461e-05,1.049404930433221e-06,-2.054634953479918,1216.45998833744,-211.2952967181299,0.03163145934701124,3.723694914440461e-05,1.049404930433221e-06
0.2196292729897865,5.490448394956061,0.1680421024106991,0.03603971773882181,-1.388340360205335,34.50336571568096,-1,34.65,-1.787615221945772,29.85419575740636,3.964368951270399e-05,1.117231249903476e-06,-2.054012660554906,1295.083598155718,-210.4728055800099,0.03163145934701124,3.964368951270399e-05,1.117231249903476e-06
0.2484617280896629,5.832913979311342,0.1900499526346207,0.03831843588107363,-1.388154050871494,34.50343582063231,-1,34.65,-1.78710963984826,29.85748475417701,4.215027946918099e-05,1.187871512313283e-06,-2.053322635956149,1376.969103259751,-209.5607929486437,0.03163145934701124,4.215027946918099e-05,1.187871512313283e-06
0.2524658720060485,5.878774597906895,0.1931072064884302,0.03862401773213901,-1.388128177509386,34.50344555645678,-1,34.65,-1.787039428691059,29.85794155619275,4.248641950535291e-05,1.197344549696309e-06,-2.053226807906188,1387.950156054805,-209.4341360331329,0.03163145934701124,4.248641950535291e-05,1.197344549696309e-06
0.2554519473316549,5.806820171888545,0.1971007603901767,0.03828971062884095,-1.390332827105656,34.50261307268882,-1,34.65,-1.787800105829743,29.87176262515173,4.211868169172505e-05,1.186981029494069e-06,-2.053147836473618,14.48279693548095,-209.3930452149135,0.000332945511093437,4.211868169172505e-05,1.186981029494069e-06
0.2582482788709134,5.555404731935319,0.2040539674728665,0.03699362386638051,-1.396359519671786,34.5003374366325,-1,34.65,-1.789935660501907,29.90904470513384,4.069298625301857e-05,1.146802339857796e-06,-2.05301673401678,13.99256180225065,-209.39211418888,0.000332945511093437,4.069298625301857e-05,1.146802339857796e-06
0.291795598880732,3.609104226840356,0.2858081627122219,0.02647290484146278,-1.452870411380003,34.47900063003682,-1,34.65,-1.810134211262123,30.26169829494443,2.912019532560906e-05,8.206600500853463e-07,-2.051785635062917,10.01317844440502,-209.3809447592735,0.000332945511093437,2.912019532560906e-05,8.206600500853463e-07
0.3306905059390243,2.544412717028923,0.3742294668561413,0.02025709392411277,-1.497000459911528,34.46234011405772,-1,34.65,-1.826127073892785,30.54097783234278,2.228280331652405e-05,6.279699116474959e-07,-2.050821132635051,7.662094410943603,-209.367994874564,0.000332945511093437,2.228280331652405e-05,6.279699116474959e-07
0.3730624940536106,1.941982485455886,0.457952046084925,0.01658066824624257,-1.532112735002877,34.44908515472179,-1,34.65,-1.838990071074274,30.76565031117549,1.823873507086683e-05,5.140007156335197e-07,-2.050050887609477,6.271513869421404,-209.3538873113252,0.000332945511093437,1.823873507086683e-05,5.140007156335197e-07
0.4180932509278181,1.584955719820324,0.528077391793189,0.01439946388366568,-1.561451649613955,34.43801037972596,-1,34.65,-1.849832337722531,30.95506874329068,1.583941027203225e-05,4.463833803936361e-07,-2.049404893490272,5.446489617757518,-209.3388945229628,0.000332945511093437,1.583941027203225e-05,4.463833803936361e-07
0.465123714539583,1.365784016062701,0.579443108432245,0.01314020634595041,-1.587065718220146,34.42834219868998,-1,34.65,-1.859368565114416,31.12170301157327,1.445422698054545e-05,4.073463967244626e-07,-2.048838990536203,4.970184863590299,-209.3232359412186,0.000332945511093437,1.445422698054545e-05,4.073463967244626e-07
0.4884593402690973,1.290541478660945,0.5974392355060444,0.01275209434115073,-1.598533324816111,34.42401385055769,-1,34.65,-1.86365939382773,31.19668977067625,1.402730377526581e-05,3.953149245756727e-07,-2.048585063604937,4.823384397840573,-209.3154664493834,0.000332945511093437,1.402730377526581e-05,3.953149245756727e-07
0.5023314783416434,1.252972293517218,0.6061119688528408,0.01257402229426035,-1.60505621067565,34.42155189069877,-1,34.65,-1.866105981936212,31.23944898382432,1.383142452368638e-05,3.897946911220708e-07,-2.048440478500118,4.75602997670122,-209.3108477832829,0.000332945511093437,1.383142452368638e-05,3.897946911220708e-07
0.5084327277931547,1.236458840434144,0.6101697837994172,0.0124922432216771,-1.607867763379069,34.42049072458876,-1,34.65,-1.867161937270436,31.25790230816888,1.374146754384481e-05,3.872595398719901e-07,-2.048378253531295,2.524965581109093,-209.3089816193943,0.0001779171601375574,1.374146754384481e-05,3.872595398719901e-07
0.5141829698221186,1.21246635522806,0.6183603044073859,0.01232787652603338,-1.610500302273918,34.4194971256852,-1,34.65,-1.868151731861456,31.27518979760698,1.356066417863672e-05,3.821641723070349e-07,-2.048320541760338,2.491743345373171,-209.3079585526625,0.0001779171601375574,1.356066417863672e-05,3.821641723070349e-07
0.5750706866809503,1.023580113973316,0.6884741606256927,0.01108227713202418,-1.635723515824126,34.40997740721921,-1,34.65,-1.877670930964317,31.44146279922618,1.21905048452266e-05,3.435505910927495e-07,-2.047766818002317,2.23997946742801,-209.2971255829916,0.0001779171601375574,1.21905048452266e-05,3.435505910927495e-07
0.6315278828666053,0.916601227694004,0.7293484004392263,0.01046894012093457,-1.656042442989575,34.40230902599821,-1,34.65,-1.885386369078532,31.57624608254154,1.151583413302803e-05,3.245371437489717e-07,-2.047319775738599,2.116010151818281,-209.287080878977,0.0001779171601375574,1.151583413302803e-05,3.245371437489717e-07
0.6923591729258333,0.8398429480918747,0.7541233715258507,0.01013258811262318,-1.675839824835945,34.39483779408546,-1,34.65,-1.892944394734365,31.70829253814099,1.11458469238855e-05,3.141102314913186e-07,-2.046883437899983,2.048025785115472,-209.2762579486021,0.0001779171601375574,1.11458469238855e-05,3.141102314913186e-07
0.7577290260352297,0.7811286252595003,0.7663186519125217,0.009979030531020642,-1.69544256864735,34.38744032730889,-1,34.65,-1.90046779934536,31.83974551125737,1.097693358412271e-05,3.093499464616399e-07,-2.046450712305113,2.016988316393124,-209.2646275299783,0.0001779171601375574,1.097693358412271e-05,3.093499464616399e-07
0.8294539048975713,0.7303422815214153,0.7711276133961721,0.009924922013386756,-1.715458918359907,34.37988710091925,-1,34.65,-1.908190905144794,31.9746970796068,1.091741421472543e-05,3.076725824149894e-07,-2.046008293365997,1.986116907473851,-209.2519874945128,0.0001761491339545343,1.091741421472543e-05,3.076725824149894e-07
0.9132791643826923,0.6815456999061205,0.7699219637819292,0.009949766650049192,-1.737247601508142,34.37166545436127,-1,34.65,-1.916644994660077,32.12243401239292,1.094474331505411e-05,3.08442766151525e-07,-2.045525956284863,1.9910886697576,-209.2372217476509,0.0001761491339545343,1.094474331505411e-05,3.08442766151525e-07
1.00241921464693,0.6361571663441039,0.7652138014026159,0.01002079367803574,-1.758800632670581,34.36353311691961,-1,34.65,-1.925056136588834,32.26943385719428,1.102287304583932e-05,3.106446040191081e-07,-2.045048024171096,2.005302180048305,-209.2215198049963,0.0001761491339545343,1.102287304583932e-05,3.106446040191081e-07
1.070384801181984,0.6023981286297924,0.7631862594891589,0.01005501213066689,-1.774206103018635,34.35772060070911,-1,34.65,-1.931097869049837,32.37503059974815,1.106051334373358e-05,3.117053760506736e-07,-2.044706006104901,1.971819259514248,-209.2097446573833,0.000172618489522332,1.106051334373358e-05,3.117053760506736e-07
1.13277488382332,0.5737125515806,0.7604043350773307,0.010098464214522,-1.787595627385806,34.35266886935115,-1,34.65,-1.936369074530346,32.46716674649123,1.11083106359742e-05,3.13052390650182e-07,-2.044408346170219,1.980340348767857,-209.1989749755567,0.000172618489522332,1.11083106359742e-05,3.13052390650182e-07
1.246111297645651,0.5258028876083402,0.7543183306193242,0.01019203135485318,-1.810231857548096,34.3441288024548,-1,34.65,-1.945323037330697,32.62369119630518,1.12112344903385e-05,3.159529720004485e-07,-2.043904112163071,1.998689157000518,-209.1794110149948,0.000172618489522332,1.12112344903385e-05,3.159529720004485e-07
1.247645904901586,0.5251840111842472,0.754233876322684,0.0101933353503387,-1.810524196852354,34.34401851328966,-1,34.65,-1.945439024264046,32.62571891922762,1.121266888537257e-05,3.159933958604997e-07,-2.043897591003801,1.998944874584869,-209.1791461134082,0.000172618489522332,1.121266888537257e-05,3.159933958604997e-07
1.252138589911296,0.5233763107186201,0.7539867724637583,0.01019715251452107,-1.811377937431002,34.34369642793072,-1,34.65,-1.945777800704926,32.63164154770897,1.121686776597318e-05,3.161117279501533e-07,-2.043878545341633,1.999693432394021,-209.178370592908,0.000172618489522332,1.121686776597318e-05,3.161117279501533e-07
1.256614121221265,0.5215815617023039,0.753740862525943,0.01020095400492601,-1.812225304982118,34.34337674751888,-1,34.65,-1.946114123412162,32.63752131428803,1.122104940541861e-05,3.162295741527064e-07,-2.04385963973629,2.000438916526503,-209.1775980334534,0.000172618489522332,1.122104940541861e-05,3.162295741527064e-07
1.261414447434303,0.5196632176591839,0.7534774383077034,0.0102050294206859,-1.813130725282516,34.34303516665324,-1,34.65,-1.94647357019389,32.64380538698259,1.122553236275449e-05,3.163559120412629e-07,-2.043839436569018,2.001238118275983,-209.1767694083933,0.000172618489522332,1.122553236275449e-05,3.163559120412629e-07
1.262650154750921,0.51917050166208,0.7534096893986991,0.01020607810316197,-1.813363224956707,34.3429474534285,-1,34.65,-1.946565885058275,32.64541929955151,1.122668591347816e-05,3.163884211980209e-07,-2.043834248275427,2.001443768182373,-209.1765561024628,0.000172618489522332,1.122668591347816e-05,3.163884211980209e-07
1.26387628694527,0.5186820496289256,0.7533424923894517,0.01020711846647746,-1.813593690784082,34.34286050754339,-1,34.65,-1.946657397940651,32.64701919397341,1.122783031312521e-05,3.164206724608012e-07,-2.043829105208211,2.001647786675411,-209.1763444493755,0.000172618489522332,1.122783031312521e-05,3.164206724608012e-07
1.264704694742955,0.5183522893495834,0.7532971079180388,0.0102078212487967,-1.813749268817937,34.34280181396655,-1,34.65,-1.946719177668893,32.64809927338183,1.122860337367638e-05,3.164424587126978e-07,-2.043825633244397,2.001785604481529,-209.1762014508727,0.000172618489522332,1.122860337367638e-05,3.164424587126978e-07
1.265827603689053,0.5179056209762367,0.7532356098148294,0.01020877371650028,-1.8139599869159,34.34272231820956,-1,34.65,-1.946802857432413,32.64956222751513,1.122965108815031e-05,3.164719852115087e-07,-2.043820930629204,2.001972386370757,-209.1760076160266,0.000172618489522332,1.122965108815031e-05,3.164719852115087e-07
1.268166737237002,0.5169763544456841,0.7531075820657479,0.01021075719189579,-1.814398312671027,34.34255695504632,-1,34.65,-1.946976938929262,32.65260566157584,1.123183291108537e-05,3.165334729487696e-07,-2.043811148045121,2.002361352086045,-209.1756038383268,0.000172618489522332,1.123183291108537e-05,3.165334729487696e-07
1.268874810806439,0.5476650933554437,0.7109917233235106,0.01081775312273412,-1.814408780893358,34.34255303677818,-1,34.65,-1.946976803802351,32.65273044546121,1.189952843500753e-05,3.353503468047576e-07,-2.043803638284813,118.2697642056764,-209.1660305879417,0.009623642284563704,1.189952843500753e-05,3.353503468047576e-07
1.269277470616836,0.5938062862111132,0.6562995631887611,0.01172240700024639,-1.814277573328188,34.34260258949336,-1,34.65,-1.946921970880353,32.65185244287537,1.289464770027103e-05,3.633946170076382e-07,-2.043801954281564,196.5864267301007,-209.1600866013071,0.01476180756343077,1.289464770027103e-05,3.633946170076382e-07
1.269612177551561,0.6357613638500488,0.6135724614337932,0.01254224470399181,-1.814126302274196,34.34265971424243,-1,34.65,-1.94685961366874,32.65082980408968,1.379646917439099e-05,3.888095858237461e-07,-2.043801467520492,210.3352212118598,-209.1551457219465,0.01476180756343077,1.379646917439099e-05,3.888095858237461e-07
1.270830129204317,0.768864298540786,0.5093629729376949,0.01512591724946393,-1.813498368911322,34.34289684189675,-1,34.65,-1.946601926948329,32.64657143456746,1.663850897441032e-05,4.689034347333818e-07,-2.043801372788298,253.6637759655338,-209.137166554027,0.01476180756343077,1.663850897441032e-05,4.689034347333818e-07
1.272386902130595,0.9100203104603003,0.4329413118864434,0.01782756505586329,-1.812547456578573,34.34325593700083,-1,34.65,-1.946213681566651,32.64010098070526,1.961032156144962e-05,5.52654516731762e-07,-2.043804460562388,298.9707925647785,-209.1141857716693,0.01476180756343077,1.961032156144962e-05,5.52654516731762e-07
1.27473672831523,1.086695684033013,0.3664218327050117,0.02113075796284376,-1.810863203642001,34.34389196600115,-1,34.65,-1.945528951738384,32.62861175727929,2.324383375912814e-05,6.550534968481567e-07,-2.043814507698146,354.3658057536104,-209.0794980897242,0.01476180756343077,2.324383375912814e-05,6.550534968481567e-07
1.278227341849977,1.300861684771514,0.3117695134342604,0.02497307745723971,-1.807942330500986,34.34499498591856,-1,34.65,-1.944346044863307,32.60865199731945,2.747038520296368e-05,7.741654011744311e-07,-2.043838498110037,418.8020482200961,-209.027970324446,0.01476180756343077,2.747038520296368e-05,7.741654011744311e-07
1.283629094490704,1.565092333741628,0.2677032699749164,0.02937785049940458,-1.802741675324091,34.34695893659669,-1,34.65,-1.942247440365944,32.57308615723812,3.231563554934504e-05,9.107133654815422e-07,-2.04389035062319,492.6707163953325,-208.9482306914583,0.01476180756343077,3.231563554934504e-05,9.107133654815422e-07
1.293085972152914,1.915014335847512,0.2330704604208961,0.03444129299218895,-1.792543343152497,34.35081021716545,-1,34.65,-1.938147807619403,32.50339337043707,3.788542229140784e-05,1.067680082757857e-06,-2.04400479293694,577.5853646061402,-208.8086300832578,0.01476180756343077,3.788542229140784e-05,1.067680082757857e-06
1.30563614448276,2.252916233739378,0.2160945557595561,0.03828174056975984,-1.778346161646063,34.35617168278525,-1,34.65,-1.932462686910745,32.40663708088167,4.210991462673583e-05,1.186733957662555e-06,-2.044171019599821,641.9902147621758,-208.6233668544368,0.01476180756343077,4.210991462673583e-05,1.186733957662555e-06
1.31959239526751,2.531265160076856,0.2111135441130712,0.04058015595524641,-1.762971157679876,34.36197802827553,-1,34.65,-1.926326968923695,32.30229262789066,4.463817155077105e-05,1.257984834612639e-06,-2.044346942365748,680.5349665153606,-208.4173473660453,0.01476180756343077,4.463817155077105e-05,1.257984834612639e-06
1.336186683226297,2.784949463178829,0.2125386089855829,0.04203213077044712,-1.746080843509709,34.36835672172084,-1,34.65,-1.919606142845721,32.18825405484861,4.623534384749184e-05,1.302996053883861e-06,-2.0445260256575,704.8847899446619,-208.1723856805456,0.01476180756343077,4.623534384749184e-05,1.302996053883861e-06
1.355871730106175,3.022845540597439,0.2183061788920665,0.04296888242747682,-1.728297368385665,34.37507281636334,-1,34.65,-1.912546664244134,32.06891126269268,4.72657706702245e-05,1.332035355251781e-06,-2.044689721269463,720.5942479924073,-207.8817988066277,0.01476180756343077,4.72657706702245e-05,1.332035355251781e-06
1.379456033515176,3.255702849633563,0.2273280133983326,0.04366337843441357,-1.71000066323746,34.38198282372603,-1,34.65,-1.905294651715419,31.9469728211403,4.802971627785493e-05,1.353564731466821e-06,-2.044820724863581,732.24104445487,-207.5336518581864,0.01476180756343077,4.802971627785493e-05,1.353564731466821e-06
1.408074517093116,3.492505381796193,0.2391909038318301,0.04430799588359654,-1.691507883892895,34.38896694749575,-1,34.65,-1.897967028382237,31.82470177652145,4.87387954719562e-05,1.373547872391493e-06,-2.044899422679065,743.0513704348577,-207.1111913108517,0.01476180756343077,4.87387954719562e-05,1.373547872391493e-06
1.443174802786335,3.73932281540534,0.2539354459459631,0.04503257852145007,-1.67319799198667,34.39588203221825,-1,34.65,-1.890699783575388,31.70475522365166,4.953583637359508e-05,1.396009934164952e-06,-2.044901349706254,755.202723961766,-206.5930476480269,0.01476180756343077,4.953583637359508e-05,1.396009934164952e-06
1.486027812495265,3.99671736552429,0.2717149042256399,0.04591646702120079,-1.655724793039172,34.40248110416878,-1,34.65,-1.883731956467656,31.59155404164654,5.050811372332087e-05,1.423410477657225e-06,-2.044798077150181,770.0256593700119,-205.9604597651899,0.01476180756343077,5.050811372332087e-05,1.423410477657225e-06
1.500872516367355,4.077333031138417,0.2777962753494028,0.0462264546563909,-1.650647664949472,34.40439856032292,-1,34.65,-1.881696632440342,31.55894387498665,5.084910012202999e-05,1.433020094348118e-06,-2.04474118591011,775.2241959445616,-205.741325103294,0.01476180756343077,5.084910012202999e-05,1.433020094348118e-06
1.508607642979149,4.117876257469283,0.2809489978806786,0.04638882964600325,-1.648170032676279,34.40533427288643,-1,34.65,-1.880700954485659,31.54308377746771,5.102771261060358e-05,1.438053719026101e-06,-2.044707907873152,777.9472475326492,-205.6271406527719,0.01476180756343077,5.102771261060358e-05,1.438053719026101e-06
1.514918003983893,4.150258610098275,0.2835130609464543,0.04652169721852152,-1.646228089609236,34.40606767290647,-1,34.65,-1.879919275953633,31.53067907231523,5.117386694037368e-05,1.442172613774167e-06,-2.044679042767511,780.175455554186,-205.5339883179641,0.01476180756343077,5.117386694037368e-05,1.442172613774167e-06
1.521286896403109,4.182338950561481,0.2860938289002196,0.04665614055937533,-1.644336908576818,34.40678190009457,-1,34.65,-1.879156853157557,31.51862189355685,5.132175461531286e-05,1.446340357340635e-06,-2.044648421532169,782.4300894340329,-205.4399719536794,0.01476180756343077,5.132175461531286e-05,1.446340357340635e-06
1.52324680100578,4.265381491724296,0.2839972386074407,0.04730145619711777,-1.642036296420547,34.40765042116525,-1,34.65,-1.878252735083982,31.50370398799086,5.203160181682954e-05,1.466345142110651e-06,-2.044648865704875,2198.407146623639,-205.3751597530961,0.04091065407472085,5.203160181682954e-05,1.466345142110651e-06
1.525807168579375,4.495530899455352,0.2774929686589614,0.04906653293335167,-1.635845180688617,34.40998751882142,-1,34.65,-1.875854527040325,31.46324157786619,5.397318622668684e-05,1.521062520933902e-06,-2.04470306945706,2280.441773530372,-205.2704134409886,0.04091065407472085,5.397318622668684e-05,1.521062520933902e-06
1.538050654755693,5.388196772073805,0.2659796747176471,0.05474317435871288,-1.606795081456716,34.42095357239436,-1,34.65,-1.864648601386931,31.27432798094875,6.021749179458418e-05,1.697038405120099e-06,-2.044950247776764,2544.272320867608,-204.7695244133607,0.04091065407472085,6.021749179458418e-05,1.697038405120099e-06
1.550799514399725,6.073914612454015,0.2698784813795505,0.05789047925991713,-1.579165557430306,34.43138312759517,-1,34.65,-1.854047824365733,31.09625002850398,6.367952718590884e-05,1.794604857057431e-06,-2.045150950943659,2690.548104821859,-204.2479602266165,0.04091065407472085,6.367952718590884e-05,1.794604857057431e-06
1.566134077456852,6.703930969045495,0.2826062490903492,0.06001366263625566,-1.550357652891201,34.44225715480043,-1,34.65,-1.843036388364515,30.91241015187738,6.601502889988124e-05,1.860423541723926e-06,-2.045296621632006,2789.226282691984,-203.6206132219994,0.04091065407472085,6.601502889988124e-05,1.860423541723926e-06
1.584461175067622,7.290430251319581,0.3023135328308357,0.06154681070793527,-1.521747106135337,34.45305623159478,-1,34.65,-1.83212138471187,30.73187915745018,6.77014917787288e-05,1.907951131945994e-06,-2.045344831060356,2860.481672030676,-202.8708396714516,0.04091065407472085,6.77014917787288e-05,1.907951131945994e-06
1.606461920923835,7.853146532947498,0.3282347358312618,0.06284508939595217,-1.4941365409512,34.46347729559583,-1,34.65,-1.821579695048244,30.559859257409,6.912959833554739e-05,1.948197771274517e-06,-2.045257008636349,2920.821149406416,-201.9707747683422,0.04091065407472085,6.912959833554739e-05,1.948197771274517e-06
1.632837620484162,8.406392690565022,0.3601246848932128,0.06414943187235891,-1.468245996668342,34.4732484955673,-1,34.65,-1.811649237825043,30.40088364895603,7.056437505959482e-05,1.988632388043126e-06,-2.044995743535869,2981.442450573717,-200.8917276476509,0.04091065407472085,7.056437505959482e-05,1.988632388043126e-06
1.664159834390188,8.957720946889221,0.3978754198736185,0.06560710976447828,-1.444725779946788,34.48212436445028,-1,34.65,-1.802538802188263,30.25890666975063,7.216782074092611e-05,2.033820402698827e-06,-2.044529176094553,3049.190248488355,-199.610315389687,0.04091065407472085,7.216782074092611e-05,2.033820402698827e-06
1.700698415495037,9.5083653016043,0.4412303890680447,0.06728899964497265,-1.424071729721096,34.48991782069005,-1,34.65,-1.794403472972355,30.13678148149296,7.401789960946992e-05,2.085958988994152e-06,-2.043838185208349,3127.358639704566,-198.1154981377254,0.04091065407472085,7.401789960946992e-05,2.085958988994152e-06
1.742513040789828,10.05765434448337,0.48986318097961,0.0692155342520949,-1.406444166373971,34.49656848435762,-1,34.65,-1.787281460644117,30.03520735802287,7.613708767730439e-05,2.145681561814942e-06,-2.042917453183098,3216.897266821366,-196.4048344670261,0.04091065407472085,7.613708767730439e-05,2.145681561814942e-06
1.761767411710714,10.28929204086748,0.5119343999990463,0.07010215368799362,-1.399875562154519,34.4990464984808,-1,34.65,-1.784562142288934,29.99821133924338,7.711236905679298e-05,2.173166764327803e-06,-2.042459996913239,3258.104254109295,-195.6171255588554,0.04091065407472085,7.711236905679298e-05,2.173166764327803e-06
1.773609738897602,10.42632298062068,0.5254167589903698,0.07064678762070334,-1.396220363994544,34.500425359935,-1,34.65,-1.783028285575741,29.97787679388394,7.771146638277367e-05,2.190050416241803e-06,-2.042170318410467,3283.416944800532,-195.132648207873,0.04091065407472085,7.771146638277367e-05,2.190050416241803e-06
1.784564471172827,10.0429382905819,0.5470421406180416,0.06857996194771147,-1.400740776017444,34.49871801714952,-1,34.65,-1.784550951206903,30.00684470817575,7.543795814248262e-05,2.125978820379056e-06,-2.0419352918111,831.0357746585782,-194.9523645577298,0.01066658225403643,7.543795814248262e-05,2.125978820379056e-06
1.793454770500505,9.722515416349832,0.5644491213151657,0.0668794851871418,-1.405022945540651,34.49710083522262,-1,34.65,-1.786031805795667,30.03394801604216,7.356743370585599e-05,2.073264040801396e-06,-2.041770462334707,810.4297990663728,-194.8575354486881,0.01066658225403643,7.356743370585599e-05,2.073264040801396e-06
1.839849392791575,8.56025914315464,0.638370502744155,0.06093050096560153,-1.424592720713676,34.48971044653727,-1,34.65,-1.79279392157181,30.15853289230489,6.702355106216169e-05,1.888845529933648e-06,-2.040970395429325,738.3414139087845,-194.3626633938755,0.01066658225403643,6.702355106216169e-05,1.888845529933648e-06
1.88376998194558,7.951451456826236,0.685666103998779,0.05820562501094285,-1.440144852613121,34.48383757475059,-1,34.65,-1.798160115291346,30.25840564903307,6.402618751203715e-05,1.804374375339229e-06,-2.04027736463496,705.3220109298961,-193.8941808170185,0.01066658225403643,6.402618751203715e-05,1.804374375339229e-06
1.931790956964765,7.57152065991216,0.7192922900425245,0.05697467771635789,-1.455022387152751,34.47821969588721,-1,34.65,-1.803286679653975,30.35467726402572,6.267214548799368e-05,1.766215009207095e-06,-2.039565660999638,690.4056824650415,-193.3819611370574,0.01066658225403643,6.267214548799368e-05,1.766215009207095e-06
1.984184065825234,7.336360748728656,0.742530764963621,0.05674712143413605,-1.469464816557935,34.47276636335931,-1,34.65,-1.808256360526103,30.4488303152559,6.242183357754966e-05,1.759160764458218e-06,-2.038827896082428,687.6482092045745,-192.8231057318525,0.01066658225403643,6.242183357754966e-05,1.759160764458218e-06
2.005298476169305,7.272297952787095,0.7494312162193623,0.05684552719647319,-1.474863808487315,34.47072781813947,-1,34.65,-1.810112125440682,30.48420826054615,6.253007991612051e-05,1.762211343090669e-06,-2.038539696090779,688.8406669810466,-192.597887137172,0.01066658225403643,6.253007991612051e-05,1.762211343090669e-06
2.028302436978898,7.215638619856742,0.7558885871537867,0.05703222365281582,-1.480506276661706,34.46859738152283,-1,34.65,-1.812050169705595,30.52128982433432,6.27354460180974e-05,1.767998933237291e-06,-2.038230892732496,691.1030105259588,-192.3525134970278,0.01066658225403643,6.27354460180974e-05,1.767998933237291e-06
2.030762820767703,7.187483458828344,0.7583399769024984,0.05689625160028951,-1.481292318139709,34.46830060630293,-1,34.65,-1.812331261809453,30.52634583935662,6.258587676031847e-05,1.763783799608975e-06,-2.038205269955477,10.91268398164757,-192.3411895063325,0.0001688304313229788,6.258587676031847e-05,1.763783799608975e-06
2.033145497870469,7.116822351254449,0.7642284037210162,0.05645964309310007,-1.482425754018364,34.46787268327482,-1,34.65,-1.812744244128853,30.53355855219526,6.210560740241008e-05,1.750248935886102e-06,-2.038180443839712,10.8289426010004,-192.3407872379295,0.0001688304313229788,6.210560740241008e-05,1.750248935886102e-06
2.142568077176408,4.853703327660413,1.030530107452985,0.04192111563638397,-1.524950139525316,34.45181851507965,-1,34.65,-1.828330639478344,30.8058177835724,4.611322720002237e-05,1.299554584727903e-06,-2.037246481393709,8.040457397999047,-192.3223133766688,0.0001688304313229788,4.611322720002237e-05,1.299554584727903e-06
2.260324879363,3.582861123250594,1.303508042581748,0.03317454011716364,-1.557357166167951,34.43958486198542,-1,34.65,-1.840329103200356,31.01547909441078,3.649199412888e-05,1.028410743632073e-06,-2.036530363682382,6.362866838371022,-192.3024324449644,0.0001688304313229788,3.649199412888e-05,1.028410743632073e-06
2.388256795299821,2.795633616970965,1.573395708417556,0.02750774729022778,-1.584004037612454,34.42952627351953,-1,34.65,-1.850272376606674,31.18930587709971,3.025852201925056e-05,8.527401659970611e-07,-2.03593700532153,5.496151060377837,-192.2800917856251,0.0001758759440102745,3.025852201925056e-05,8.527401659970611e-07
2.523004388125327,2.293379427375247,1.818634851643449,0.02381634565718356,-1.606413032018671,34.42106781460368,-1,34.65,-1.858688355072054,31.33649633605102,2.619798022290191e-05,7.383067153726903e-07,-2.035434300793122,4.758595171643029,-192.2563929255338,0.0001758759440102745,2.619798022290191e-05,7.383067153726903e-07
2.661369747496547,1.969891915282306,2.018103088024357,0.02147724350235388,-1.625683157876421,34.41379446283618,-1,34.65,-1.865964624068269,31.46381588365151,2.362496785258927e-05,6.657945485729702e-07,-2.03499839665555,4.451055868146598,-192.2312403876969,0.0001824262417344181,2.362496785258927e-05,6.657945485729702e-07
2.741947351852936,1.835145944346183,2.110888427112243,0.02054075886004102,-1.635724597853863,34.41000451946991,-1,34.65,-1.869770667095677,31.53043419645641,2.259483474604512e-05,6.367635246612715e-07,-2.03477004660435,4.25697391055558,-192.2165409181661,0.0001824262417344181,2.259483474604512e-05,6.367635246612715e-07
2.810370574073132,1.742912619623001,2.176107850101853,0.01993112455537044,-1.643736296970433,34.40698071922581,-1,34.65,-1.87281445898352,31.58372167079748,2.192423701090748e-05,6.178648612164836e-07,-2.034587202458463,4.250779387348423,-192.2039517041055,0.000187732545761719,2.192423701090748e-05,6.178648612164836e-07
2.866851187555889,1.679473977627737,2.220279165986587,0.01953937572299799,-1.65005762156188,34.4045949416275,-1,34.65,-1.875220434044734,31.62585158587555,2.149331329529779e-05,6.057206474129378e-07,-2.034442428329321,4.167229768407434,-192.1933484547502,0.000187732545761719,2.149331329529779e-05,6.057206474129378e-07
3.026590909783155,1.539712979374655,2.312011075290552,0.01877659358405317,-1.666813547291715,34.39827111914096,-1,34.65,-1.881617164058326,31.73788563725284,2.065425294245848e-05,5.820744011056482e-07,-2.034057252170515,4.004548601860284,-192.1633601100372,0.000187732545761719,2.065425294245848e-05,5.820744011056482e-07
3.042156139331527,1.528500697695719,2.318694289130103,0.01872365046209108,-1.668371819757071,34.39768302590901,-1,34.65,-1.882213472038689,31.74833121663489,2.059601550830019e-05,5.804331643248235e-07,-2.034021330710096,3.993257240406336,-192.1604380098687,0.000187732545761719,2.059601550830019e-05,5.804331643248235e-07
3.043714580660749,1.527397235634216,2.319344090320513,0.01871852228285961,-1.668527197791799,34.39762438622586,-1,34.65,-1.882272944246561,31.74937301163946,2.059037451114557e-05,5.80274190768648e-07,-2.034017748010362,3.992163536008916,-192.1601454397105,0.000187732545761719,2.059037451114557e-05,5.80274190768648e-07
3.045418222601321,1.533142401888409,2.309628407183721,0.01879767634988164,-1.668687378768216,34.39756393501128,-1,34.65,-1.882333603151312,31.75045454873482,2.067744398486981e-05,5.82727966846331e-07,-2.034012970984954,22.81115680058649,-192.1584198538867,0.00106818370522088,2.067744398486981e-05,5.82727966846331e-07
3.046797503617844,1.541030972269935,2.297022313834718,0.01890130277978815,-1.668813015045685,34.39751652129603,-1,34.65,-1.882381127157539,31.75130350522587,2.079143305776697e-05,5.859403861734328e-07,-2.03400913297836,22.93690844654975,-192.1569465283799,0.00106818370522088,2.079143305776697e-05,5.859403861734328e-07
3.093664617983592,1.76232190759499,1.98355873801773,0.02190828174400265,-1.673411325634343,34.39578118064194,-1,34.65,-1.884123435663682,31.78237516685967,2.409910991840291e-05,6.79156734064082e-07,-2.033871600253407,26.58590566152701,-192.1068838405037,0.00106818370522088,2.409910991840291e-05,6.79156734064082e-07
3.170996284316096,1.98639559017566,1.718452814883405,0.02533295993669588,-1.681993854491971,34.39254230170304,-1,34.65,-1.887386316652425,31.84041605615867,2.786625593036547e-05,7.853217580375723e-07,-2.033623150522117,30.74178481334389,-192.0242794146297,0.00106818370522088,2.786625593036547e-05,7.853217580375723e-07
3.240568102784091,2.093599741954415,1.592381525484561,0.02738590829952241,-1.690313433132148,34.38940272066852,-1,34.65,-1.890559290348448,31.89677779749299,3.012449912947465e-05,8.489631572851946e-07,-2.033386698446406,33.23305693316832,-191.9499639317997,0.00106818370522088,3.012449912947465e-05,8.489631572851946e-07
3.250043211173483,2.103352669028955,1.579723836069961,0.02761208222123473,-1.691471207448671,34.38896581353574,-1,34.65,-1.891001529995282,31.90463018574508,3.03732904433582e-05,8.559745488582766e-07,-2.033353961467687,33.50752111141852,-191.9398427754129,0.00106818370522088,3.03732904433582e-05,8.559745488582766e-07
3.259177569558977,2.111846801771887,1.568289065235605,0.02782000542244993,-1.692591112871144,34.3885431981266,-1,34.65,-1.891429454483307,31.91222791168773,3.060200596469493e-05,8.62420168095948e-07,-2.033322320396254,33.75983786893253,-191.9300856026279,0.00106818370522088,3.060200596469493e-05,8.62420168095948e-07
3.265249513993561,2.117024724826276,1.561075940628386,0.02795298257366737,-1.693337362365861,34.38826158881545,-1,34.65,-1.891714682916071,31.91729186007019,3.074828083103411e-05,8.665424597836886e-07,-2.033301248373174,33.92120689087206,-191.9235996505238,0.00106818370522088,3.074828083103411e-05,8.665424597836886e-07
3.284824327039091,2.13134730558974,1.539734634218899,0.02835504286884095,-1.695751246734461,34.38735067415781,-1,34.65,-1.892637743145821,31.93367881218985,3.119054715572505e-05,8.790063289340697e-07,-2.033233140836586,34.40911083526317,-191.9026901541959,0.00106818370522088,3.119054715572505e-05,8.790063289340697e-07
3.296611782240319,2.138357004171789,1.528153535115256,0.02857889739663447,-1.697209543918979,34.38680036703111,-1,34.65,-1.893195707486784,31.94358363277422,3.143678713629792e-05,8.859458192956685e-07,-2.033192026359703,34.68076040720886,-191.8900989866239,0.00106818370522088,3.143678713629792e-05,8.859458192956685e-07
3.297267153447039,2.138713426128725,1.527535292089155,0.0285909648859072,-1.697290705556635,34.38676973970708,-1,34.65,-1.893226767958476,31.94413499778209,3.145006137449792e-05,8.863199114631233e-07,-2.033189738670778,34.69540441878062,-191.88939892978,0.00106818370522088,3.145006137449792e-05,8.863199114631233e-07
3.298304415069508,2.165235853559093,1.508849086152203,0.0289497376741262,-1.697326845789834,34.38675611495887,-1,34.65,-1.893234385731064,31.94445256502147,3.184471144153883e-05,8.974418678979123e-07,-2.033178379142477,455.8789639355455,-191.8754977074029,0.01386142011915015,3.184471144153883e-05,8.974418678979123e-07
3.299277668167803,2.230021238041638,1.466037357840288,0.02980620519971569,-1.69721096402677,34.38679987842563,-1,34.65,-1.893182506731301,31.94375266370243,3.278682571968726e-05,9.239923611911863e-07,-2.033169112134941,538.321331457792,-191.8600251000686,0.0158978248940618,3.278682571968726e-05,9.239923611911863e-07
3.300181930978272,2.289272349164998,1.429068927282629,0.03058824053579965,-1.697096665243402,34.38684304350159,-1,34.65,-1.893131742378058,31.94305764868586,3.364706458937962e-05,9.482354566097892e-07,-2.033160645500999,552.4454475788129,-191.8456492882496,0.0158978248940618,3.364706458937962e-05,9.482354566097892e-07
3.307406267802957,2.708782205580252,1.21506974718506,0.03608973841454163,-1.696091055810004,34.38722281305234,-1,34.65,-1.89269047975896,31.93688206711384,3.969871225599579e-05,1.118781890850791e-06,-2.033095004501236,651.8064243704795,-191.730798046435,0.0158978248940618,3.969871225599579e-05,1.118781890850791e-06
3.316128284530523,3.12410498386759,1.062478938966762,0.04145624354825479,-1.694696277301941,34.38774955251783,-1,34.65,-1.892088035191086,31.92820975516201,4.560186790308027e-05,1.285143549995899e-06,-2.033019665579574,748.7293358749303,-191.5921369517771,0.0158978248940618,4.560186790308027e-05,1.285143549995899e-06
3.329090100623888,3.622723109145959,0.9294547008838066,0.0477481609068942,-1.692354065666418,34.3886340904842,-1,34.65,-1.891089014381673,31.91351157739616,5.252297699758362e-05,1.48019298811372e-06,-2.032913534381618,862.3658524066444,-191.3860722692157,0.0158978248940618,5.252297699758362e-05,1.48019298811372e-06
3.348940984325086,4.209465821934709,0.8199159912490441,0.05484431725030207,-1.688355266396357,34.39014423843707,-1,34.65,-1.889401149009811,31.88824622796418,6.032874897533228e-05,1.700173834759364e-06,-2.032759905009908,990.5274987960489,-191.0704863961417,0.0158978248940618,6.032874897533228e-05,1.700173834759364e-06
3.385224929419989,4.952360188189214,0.732548620850634,0.06308203295250694,-1.680445262136968,34.39313144754703,-1,34.65,-1.88608847074475,31.83809428700413,6.939023624775764e-05,1.955543021527715e-06,-2.032492100043859,1139.306521662871,-190.4936505905572,0.0158978248940618,6.939023624775764e-05,1.955543021527715e-06
3.41785441532604,5.406124407562346,0.7029676791426971,0.06748328867959213,-1.673225442243335,34.3958579985233,-1,34.65,-1.88307347644101,31.79236593102915,7.423161754755136e-05,2.091981949067356e-06,-2.032253571908424,1218.796340216268,-189.9749127372395,0.0158978248940618,7.423161754755136e-05,2.091981949067356e-06
3.455984075253373,5.789218983475529,0.6927510268046502,0.07066861532776669,-1.66507116011233,34.39893743087664,-1,34.65,-1.87966474488784,31.7409273691557,7.773547686054336e-05,2.190727075160767e-06,-2.03196872142445,1276.325612087136,-189.3687340804447,0.0158978248940618,7.773547686054336e-05,2.190727075160767e-06
3.499829850925127,6.114564665358685,0.6962763013236238,0.07291345203637913,-1.656307278462126,34.40224704944864,-1,34.65,-1.875987066510955,31.68600203840874,8.020479724001704e-05,2.260317013127753e-06,-2.031627905643541,1316.868964647062,-188.6716816164708,0.0158978248940618,8.020479724001704e-05,2.260317013127753e-06
3.550538668688057,6.403523338875143,0.7098184986726176,0.07455370579536377,-1.647087487394133,34.40572879837415,-1,34.65,-1.872092080688373,31.62873331005641,8.200907637490016e-05,2.311164879656277e-06,-2.031213922168979,1346.493117790639,-187.8655217110908,0.0158978248940618,8.200907637490016e-05,2.311164879656277e-06
3.609575154366439,6.679543818139095,0.7309677150895063,0.0759039936266524,-1.637449378813165,34.40936844569858,-1,34.65,-1.867982707404287,31.56952836709809,8.349439298931764e-05,2.353023802426224e-06,-2.030705543908095,1376.096632641201,-186.9234322858954,0.01595831790110834,8.349439298931764e-05,2.353023802426224e-06
3.689826479250426,6.990725177060719,0.763736215028212,0.0772957682832847,-1.626163985739937,34.41363004738869,-1,34.65,-1.863099327222439,31.50131221302679,8.502534511161318e-05,2.396168816781826e-06,-2.029975139131376,1401.328722902584,-185.6427561314116,0.01595831790110834,8.502534511161318e-05,2.396168816781826e-06
3.770632386792891,7.260720224658809,0.7982253794613274,0.07851001210821414,-1.616582153881761,34.41724822104526,-1,34.65,-1.858868091190139,31.44459482259585,8.636101331903555e-05,2.433810375354638e-06,-2.029201130921291,1423.342279223605,-184.3532297705614,0.01595831790110834,8.636101331903555e-05,2.433810375354638e-06
3.778261742688364,7.284626275324089,0.8015045396989783,0.07862063921039943,-1.615756981839022,34.41755980549738,-1,34.65,-1.858499104784011,31.43977225064989,8.648270313143937e-05,2.437239815522382e-06,-2.029126331676772,1425.347886247984,-184.2314780838007,0.01595831790110834,8.648270313143937e-05,2.437239815522382e-06
3.796761591275204,7.341640281513757,0.8094602596398021,0.07888725436518856,-1.613807870877167,34.41829578363669,-1,34.65,-1.857624213936712,31.42842454545736,8.677597980170743e-05,2.445504885320845e-06,-2.028943835884388,1430.181468766989,-183.9362516189295,0.01595831790110834,8.677597980170743e-05,2.445504885320845e-06
3.802912432563609,7.360310173607377,0.8121060227883972,0.07897545965100423,-1.613175621229249,34.41853451755255,-1,34.65,-1.857339375663994,31.4247571678945,8.687300561610466e-05,2.448239249181131e-06,-2.0288828177994,1431.780580895253,-183.8380945382899,0.01595831790110834,8.687300561610466e-05,2.448239249181131e-06
3.81040252528194,7.196828572429176,0.8276692199719579,0.07758063883786968,-1.614969613454354,34.41785739262452,-1,34.65,-1.858001606163539,31.43680366828957,8.533870272165666e-05,2.40499980397396e-06,-2.028815984567931,118.0484817880072,-183.8012562030836,0.00133939866352814,8.533870272165666e-05,2.40499980397396e-06
3.816445838505257,7.048942546359009,0.8416170178564948,0.07632318726838429,-1.61669117121926,34.41720759581356,-1,34.65,-1.858650041673491,31.44822767095372,8.395550599522272e-05,2.366018805319913e-06,-2.02877259136796,116.1351146009966,-183.793161797429,0.00133939866352814,8.395550599522272e-05,2.366018805319913e-06
3.919268255156594,5.258874764305353,1.062476436769084,0.06079376560738412,-1.641347440917225,34.40790144978607,-1,34.65,-1.867960733651812,31.61254699130598,6.687314216812254e-05,1.884606733828908e-06,-2.028134544122721,92.50518994984765,-183.6554415899855,0.00133939866352814,6.687314216812254e-05,1.884606733828908e-06
4.008872987322905,4.372960650526124,1.224288512525102,0.05296964211115703,-1.65801331763989,34.40161147146235,-1,34.65,-1.874277639003447,31.72438360346236,5.826660632227273e-05,1.642058905445868e-06,-2.027682795839846,80.5998239476199,-183.5354251314761,0.00133939866352814,5.826660632227273e-05,1.642058905445868e-06
4.04596623643588,4.110194983272326,1.281890635640246,0.05066557001444118,-1.664065612967904,34.39932729834376,-1,34.65,-1.876576061705778,31.76515552663301,5.57321270158853e-05,1.570632670447677e-06,-2.027514104224803,77.09389492948129,-183.4857424831883,0.00133939866352814,5.57321270158853e-05,1.570632670447677e-06
4.053300644666252,4.063594878408654,1.292617147168933,0.0502596732095397,-1.665215776234383,34.39889322359455,-1,34.65,-1.877013108306311,31.77291333524787,5.528564053049368e-05,1.558049869495731e-06,-2.027481755908575,76.47627302923686,-183.4759187866068,0.00133939866352814,5.528564053049368e-05,1.558049869495731e-06
4.05667948562241,4.042666550214784,1.297485182407786,0.05007773792263589,-1.665740848628424,34.39869506025586,-1,34.65,-1.877212656270894,31.77645595230973,5.508551171489948e-05,1.552409875601713e-06,-2.027466957156207,76.19943611832223,-183.4713931715458,0.00133939866352814,5.508551171489948e-05,1.552409875601713e-06
4.060720666805728,4.031222706782865,1.299463631775839,0.05001575030884096,-1.666278749963029,34.3984920624651,-1,34.65,-1.877413043345291,31.7801323027549,5.501732533972505e-05,1.55048825957407e-06,-2.027445057576685,271.1040046492137,-183.4579006536594,0.004771247565237916,5.501732533972505e-05,1.55048825957407e-06
4.063984358462593,4.042652116209008,1.295190405873277,0.05020277836299252,-1.666576141695294,34.39837984317401,-1,34.65,-1.877520121164906,31.78220783540689,5.522305619929178e-05,1.556286129252768e-06,-2.027426777209962,272.117766397246,-183.4423287727879,0.004771247565237916,5.522305619929178e-05,1.556286129252768e-06
4.13750524179498,4.221408315786586,1.22750950229881,0.0535138659560836,-1.673307584812032,34.39583981132104,-1,34.65,-1.879947251093436,31.82922490922742,5.886525255169197e-05,1.658929844638592e-06,-2.0270142849834,290.0650950025043,-183.0915424371942,0.004771247565237916,5.886525255169197e-05,1.658929844638592e-06
4.209134710807491,4.296295419198208,1.194241945256822,0.05557543333414494,-1.679783608980248,34.39339624319668,-1,34.65,-1.882285130564994,31.87456453051892,6.113297666755945e-05,1.722838433358493e-06,-2.026614187701429,301.2395584184378,-182.7497805075689,0.004771247565237916,6.113297666755945e-05,1.722838433358493e-06
4.291446552826992,4.316407602651672,1.175905875154858,0.05712984659565817,-1.686966291974334,34.39068613824904,-1,34.65,-1.884877387984815,31.9250204656607,6.284283125522399e-05,1.771025244465403e-06,-2.026160031024127,309.6650575356948,-182.3570503317431,0.004771247565237916,6.284283125522399e-05,1.771025244465403e-06
4.38431870977619,4.309307148559697,1.165437729592427,0.05845962316923915,-1.694495441019242,34.38784546235267,-1,34.65,-1.887583606709853,31.97822106200711,6.430558548616307e-05,1.812248318246414e-06,-2.025655084849654,322.8625192601519,-181.907411112807,0.004861434361484375,6.430558548616307e-05,1.812248318246414e-06
4.463844551921452,4.281813427042134,1.163348181335084,0.05927845660623368,-1.700548834784895,34.38556168294024,-1,34.65,-1.889752625499206,32.02120934720525,6.520630226685705e-05,1.837632154793244e-06,-2.025230014336821,327.3847965515596,-181.520801451176,0.004861434361484375,6.520630226685705e-05,1.837632154793244e-06
4.5090080828054,4.261337088308927,1.163907983137003,0.05965908004881729,-1.703828507727767,34.38432439445162,-1,34.65,-1.890924932355758,32.0445844199312,6.562498805369903e-05,1.849431481513336e-06,-2.024992032895779,329.4869148496241,-181.3012419102508,0.004861434361484375,6.562498805369903e-05,1.849431481513336e-06
4.544544970218438,4.243832595167238,1.164952509616048,0.05992893329619826,-1.706329273212775,34.38338097740997,-1,34.65,-1.891817219421093,32.06245104492619,6.592182662581808e-05,1.857796932182146e-06,-2.024806504552414,330.9772682689018,-181.1284816646809,0.004861434361484375,6.592182662581808e-05,1.857796932182146e-06
4.558433576644786,4.236765421795312,1.165476912296518,0.06002865937336175,-1.707287734872311,34.38301940148691,-1,34.65,-1.892158801040543,32.06930904204434,6.603152531069793e-05,1.860888440574214e-06,-2.024734404636603,331.5280383690737,-181.0609631161667,0.004861434361484375,6.603152531069793e-05,1.860888440574214e-06
4.562879122599866,4.23448242479537,1.165656976113062,0.06005997521906316,-1.707592299618929,34.38290450621393,-1,34.65,-1.892267294317086,32.07148949235791,6.606597274096948e-05,1.861859231790958e-06,-2.024711374611036,331.7009904390288,-181.0393513863051,0.004861434361484375,6.606597274096948e-05,1.861859231790958e-06
4.584523311680953,4.393431112547702,1.131251941462462,0.06228177531354435,-1.707295350374683,34.38301693514678,-1,34.65,-1.892067380163255,32.07046393971048,6.85099528448988e-05,1.930735034719875e-06,-2.024576666801755,644.2530577288676,-180.8538717711489,0.00910538495972384,6.85099528448988e-05,1.930735034719875e-06
4.609347220296238,4.566924552526324,1.097958478732718,0.06464421102010524,-1.706672742786143,34.38325234822667,-1,34.65,-1.891722458605071,32.06744628209464,7.110863212211577e-05,2.003970541623262e-06,-2.024418146194436,668.6904861736654,-180.6278405270017,0.00910538495972384,7.110863212211577e-05,2.003970541623262e-06
4.666914764988689,4.859249636680286,1.054030526279062,0.06854178799629024,-1.705220062990658,34.3838016254141,-1,34.65,-1.890919225824859,32.06038980971606,7.539596679591926e-05,2.124795427884997e-06,-2.024050722864356,709.0076716103295,-180.1036658713908,0.00910538495972384,7.539596679591926e-05,2.124795427884997e-06
4.727793230108394,5.060556951899282,1.035507357492802,0.07112489951760285,-1.703710952192101,34.38437225059319,-1,34.65,-1.890080452433468,32.05311346668954,7.823738946936315e-05,2.204871885045689e-06,-2.023661580751146,735.7278074395085,-179.5493440107188,0.00910538495972384,7.823738946936315e-05,2.204871885045689e-06
4.797628747563749,5.214190513665346,1.031685709200449,0.07300000830066755,-1.702049507806877,34.38500048894695,-1,34.65,-1.889145477785971,32.04524138077673,8.030000913073431e-05,2.263000257320694e-06,-2.023213674684125,755.1242450166658,-178.9134647404263,0.00910538495972384,8.030000913073431e-05,2.263000257320694e-06
4.815713601805901,5.245426055685595,1.032478256338043,0.07336708595014189,-1.701633662040778,34.38515773387581,-1,34.65,-1.888908969086012,32.04330080198198,8.070379454515609e-05,2.274379664454399e-06,-2.023097371283529,758.9213573646551,-178.748795180611,0.00910538495972384,8.070379454515609e-05,2.274379664454399e-06
4.819243996878099,5.251187676642286,1.032698655810182,0.07343421645351474,-1.701553522285141,34.38518803765173,-1,34.65,-1.888863194468223,32.04292913739764,8.077763809886622e-05,2.276460710058957e-06,-2.023074629452783,761.3073727184844,-178.7166292974224,0.009125661955995854,8.077763809886622e-05,2.276460710058957e-06
4.822251926927928,5.336987789275125,1.022045347199977,0.0743806469440646,-1.70045386899365,34.3856031641386,-1,34.65,-1.888402211350947,32.03588085031712,8.181871163847106e-05,2.305800055266003e-06,-2.023041299932918,2108.456157723414,-178.6415750693515,0.02495211884173132,8.181871163847106e-05,2.305800055266003e-06
4.824664085004696,5.412757632771059,1.013026542775547,0.07520323025697125,-1.699455179475606,34.38598017121569,-1,34.65,-1.887987290067483,32.0294390026869,8.272355328266838e-05,2.331300137966109e-06,-2.023017099024183,2131.773793729495,-178.5813866143549,0.02495211884173132,8.272355328266838e-05,2.331300137966109e-06
4.865287383525557,6.484695499867877,0.9254342913636558,0.08552385098922315,-1.682241454900994,34.39247834044799,-1,34.65,-1.880861368887231,31.91853947145079,9.407623608814546e-05,2.651239380665918e-06,-2.02261806608077,2424.33075886061,-177.5677492419193,0.02495211884173132,9.407623608814546e-05,2.651239380665918e-06
4.901901711872325,7.21703500622188,0.9013060962903683,0.0910520489722315,-1.666887866897814,34.39827422976213,-1,34.65,-1.874524910909756,31.82008913083096,0.0001001572538694547,2.822613518139177e-06,-2.022254917078512,2581.037692146006,-176.6541441697005,0.02495211884173132,0.0001001572538694547,2.822613518139177e-06
4.944596524136774,7.894680383789861,0.9011017093920326,0.09505155719282811,-1.649949390101839,34.40466829613916,-1,34.65,-1.867533884907245,31.7122302670609,0.0001045567129121109,2.946598272977672e-06,-2.02181058397343,2694.411104210086,-175.5888181401526,0.02495211884173132,0.0001045567129121109,2.946598272977672e-06
4.99368497933808,8.519925435578209,0.9186692180510478,0.09788365744831647,-1.632127158231701,34.41139581500398,-1,34.65,-1.86015928495478,31.59979604793589,0.0001076720231931481,3.034393380897811e-06,-2.021263951607782,2774.692191674478,-174.3639571722126,0.02495211884173132,0.0001076720231931481,3.034393380897811e-06
5.05042806829183,9.109700897572967,0.9501734333773199,0.09996556947104589,-1.613775320055221,34.41832304145758,-1,34.65,-1.852524856265819,31.4853639536705,0.0001099621264181505,3.098932653602423e-06,-2.020583411996018,2833.707814749971,-172.9480968731917,0.02495211884173132,0.0001099621264181505,3.098932653602423e-06
5.066708416469394,9.259988140691163,0.960418796071343,0.10042987190413,-1.608930452543171,34.4201517807324,-1,34.65,-1.850499493037019,31.4554124210194,0.000110472859094543,3.113326029028031e-06,-2.020379058348575,2846.869320656453,-172.5418676906804,0.02495211884173132,0.000110472859094543,3.113326029028031e-06
5.072979855916981,9.317646479242468,0.964388517894171,0.1006092838574244,-1.607088859083919,34.42084690197877,-1,34.65,-1.849729632872045,31.44404337541717,0.0001106702122431668,3.118887799580156e-06,-2.020300474944024,2751.060087014664,-172.3862647314601,0.02406937565711074,0.0001106702122431668,3.118887799580156e-06
5.079588868861597,9.164012964337036,0.9787288235668594,0.09924580176561906,-1.608243651028876,34.42041099966043,-1,34.65,-1.850161614928789,31.45174143108115,0.000109170381942181,3.076619854734191e-06,-2.020266381208382,204.3702976804513,-172.3742850562936,0.00181262697876972,0.000109170381942181,3.076619854734191e-06
5.085010363428089,9.02035591423995,0.9914879438232177,0.098005406692026,-1.609491046844613,34.41994014676086,-1,34.65,-1.850629836351661,31.46004334874222,0.0001078059473612286,3.038167607452806e-06,-2.020231922878128,201.8160343673265,-172.3644579089772,0.00181262697876972,0.0001078059473612286,3.038167607452806e-06
5.203052639450356,6.770415847971878,1.25164302273654,0.07819554687902663,-1.632415404781736,34.41128717084564,-1,34.65,-1.859248257583441,31.61329378199094,8.60151015669293e-05,2.424061953249826e-06,-2.019573278764816,161.0229038271368,-172.1504912948238,0.00181262697876972,8.60151015669293e-05,2.424061953249826e-06
5.305961844276049,5.644209113865823,1.445023225151063,0.06808317181417418,-1.647900901996134,34.40544232628248,-1,34.65,-1.865081919368135,31.71758026857869,7.48914889955916e-05,2.1105783262394e-06,-2.019096415274563,140.199160500029,-171.963955293793,0.00181262697876972,7.48914889955916e-05,2.1105783262394e-06
5.324676938394424,5.489162034866005,1.47641427073331,0.06669357876639868,-1.6504151288911,34.40449337818099,-1,34.65,-1.866029789919075,31.73457304907871,7.336293664303855e-05,2.067500941758359e-06,-2.019016224776636,137.3376636933505,-171.9300318092838,0.00181262697876972,7.336293664303855e-05,2.067500941758359e-06
5.339664285308322,5.329218697340173,1.511042831713155,0.06517643006920083,-1.652698891670777,34.40363140899227,-1,34.65,-1.86690266936691,31.74988880842733,7.169407307612091e-05,2.020469332145226e-06,-2.018962120379281,15.69222400865633,-171.9238379027917,0.0002119320977068813,7.169407307612091e-05,2.020469332145226e-06
5.351864591175227,5.20092057736351,1.540226816344775,0.06394669989025488,-1.654542721946298,34.40293548728265,-1,34.65,-1.867608907962638,31.76224842910865,7.034136987928037e-05,1.982347696597901e-06,-2.018920276396008,15.39614762923917,-171.9212522663766,0.0002119320977068813,7.034136987928037e-05,1.982347696597901e-06
5.550009455139595,3.725124092609308,1.998208165549229,0.04934699404995249,-1.67942360613901,34.3935448976893,-1,34.65,-1.877170378374002,31.92967298896362,5.428169345494775e-05,1.529756815548527e-06,-2.018350238743984,11.88104478817737,-171.8792590097068,0.0002119320977068813,5.428169345494775e-05,1.529756815548527e-06
5.724663617704561,2.983871243941746,2.368205902981357,0.04167065610516251,-1.696003439768306,34.38728758497522,-1,34.65,-1.883573553513243,32.04191513145264,4.583772171567876e-05,1.291790339260038e-06,-2.017963395100086,10.08940035991817,-171.8420715913354,0.0002131266820647644,4.583772171567876e-05,1.291790339260038e-06
5.917479049441073,2.466511120173259,2.728182722941943,0.03619946204064181,-1.710852857345849,34.38168353105888,-1,34.65,-1.889329326100037,32.14291191058222,3.9819408244706e-05,1.122183323259896e-06,-2.017610939953349,8.810061888880137,-171.8008851822281,0.0002142296851007463,3.9819408244706e-05,1.122183323259896e-06
6.11562391340544,2.120289428525688,3.036365952738354,0.03254731278597321,-1.723683033694918,34.37684166954562,-1,34.65,-1.894317975204809,32.23053794947477,3.580204406457053e-05,1.008966696365169e-06,-2.017301178364868,7.95499724639997,-171.7584109065764,0.0002151432390440666,3.580204406457053e-05,1.008966696365169e-06
6.313768777369808,1.885316369906981,3.280224924811542,0.03014614202947816,-1.734875434493189,34.37261798474048,-1,34.65,-1.898681477129118,32.30725597731055,3.316075623242599e-05,9.345304029138232e-07,-2.017026720154853,7.368119095147917,-171.7157813787431,0.0002151432390440666,3.316075623242599e-05,9.345304029138232e-07
6.511913641334176,1.71960198739098,3.463864588860821,0.02856422514350939,-1.74493297696227,34.36882265175856,-1,34.65,-1.902611818609913,32.3764164619432,3.142064765786033e-05,8.854909794487911e-07,-2.016776693286332,7.00973156678913,-171.673003075647,0.000216013924136541,3.142064765786033e-05,8.854909794487911e-07
6.662768394729751,1.624002537565598,3.568859653079158,0.02773536467056135,-1.75202981136915,34.3661446283492,-1,34.65,-1.905390497554053,32.42534355822337,3.050890113761748e-05,8.597963047874019e-07,-2.016598398872263,6.833789716571367,-171.6403569879815,0.000216885509592064,3.050890113761748e-05,8.597963047874019e-07
6.818924806833813,1.544445910904175,3.650904719720665,0.02712338135940989,-1.758979561960843,34.36352214906237,-1,34.65,-1.908115912500853,32.47335731987702,2.983571949535088e-05,8.408248221417065e-07,-2.016422357213173,6.683001533032566,-171.6064889249662,0.000216885509592064,2.983571949535088e-05,8.408248221417065e-07
7.017069670798181,1.463526688800983,3.723750565320256,0.02660650679327988,-1.767331642838141,34.36037055673539,-1,34.65,-1.91139698085437,32.53119089763489,2.926715747260787e-05,8.248017105916762e-07,-2.016208975320829,6.577265746300357,-171.5633934558358,0.0002176007244503071,2.926715747260787e-05,8.248017105916762e-07
7.174005011528967,1.410479088317554,3.76271810548364,0.02634151632270431,-1.773641789478404,34.35798951191741,-1,34.65,-1.913880076788421,32.57498003116588,2.897566795497474e-05,8.165870060038337e-07,-2.016046520035484,6.530215947289863,-171.5291997406259,0.0002182175014167468,2.897566795497474e-05,8.165870060038337e-07
7.33792121334091,1.362505831962304,3.790000076363151,0.0261627161744151,-1.779989013382505,34.355594511139,-1,34.65,-1.916381427994087,32.619108682246,2.877898779185661e-05,8.110442014068681e-07,-2.015882065989656,6.485890344866983,-171.4934303566248,0.0002182175014167468,2.877898779185661e-05,8.110442014068681e-07
7.536066077305278,1.31165481290043,3.809897858356911,0.02603895324381449,-1.78737143102618,34.35280894415923,-1,34.65,-1.919295390071943,32.67053803191683,2.864284856819594e-05,8.072075505582491e-07,-2.015689513343433,6.462749829395625,-171.450145654545,0.0002184724252622967,2.864284856819594e-05,8.072075505582491e-07
7.734210941269645,1.266461971939173,3.819387370112746,0.02598701109144159,-1.794471469131254,34.35012997076775,-1,34.65,-1.922102619321377,32.72010547635244,2.858571220058575e-05,8.055973438346894e-07,-2.015503022851374,6.462961426879227,-171.4068009545102,0.0002189162695067391,2.858571220058575e-05,8.055973438346894e-07
7.932355805234013,1.225126777202223,3.822285606909769,0.02597997266876248,-1.801316230264654,34.34754735993358,-1,34.65,-1.924813301099514,32.76798876146449,2.857796993563872e-05,8.053791527316368e-07,-2.015322008791793,6.472612847467744,-171.3633969350842,0.0002193025834267018,2.857796993563872e-05,8.053791527316368e-07
8.130500669198382,1.186613239279591,3.820834811544668,0.026002457297159,-1.807925000065127,34.34505383081986,-1,34.65,-1.927434596963084,32.81431279464265,2.86027030268749e-05,8.060761762119291e-07,-2.015146058336038,6.486426103174491,-171.3199393299082,0.0002195805606505564,2.86027030268749e-05,8.060761762119291e-07
8.316298303914113,1.152545388516828,3.816608614775085,0.02604306810937152,-1.813919957070047,34.3427919307373,-1,34.65,-1.929815870672549,32.85641263136343,2.864737492030867e-05,8.073351113905172e-07,-2.014985404526672,6.496556646968719,-171.2791417811097,0.0002195805606505564,2.864737492030867e-05,8.073351113905172e-07
8.514443167878481,1.117878907548745,3.810308834254024,0.02609872805880993,-1.820108908965975,34.34045687020525,-1,34.65,-1.932277614189917,32.89995337692178,2.870860086469093e-05,8.09060569823108e-07,-2.01481846435506,6.518812980390713,-171.2355922369235,0.0002198629172850563,2.870860086469093e-05,8.09060569823108e-07
8.712588031842849,1.084563880501679,3.803108497971602,0.02616073813307288,-1.826095792107224,34.3381980822359,-1,34.65,-1.934662250596074,32.94214901006762,2.877681194638017e-05,8.109828821252592e-07,-2.014655862431316,6.543357789495886,-171.1920004194475,0.0002201676369686418,2.877681194638017e-05,8.109828821252592e-07
8.910732895807216,1.052499714263567,3.795145801051955,0.02622823838402026,-1.831888127138442,34.3360127264547,-1,34.65,-1.936972421539234,32.98304563385284,2.885106222242229e-05,8.130753899046281e-07,-2.014497435945321,6.568318373683132,-171.1483662542267,0.000220438719613284,2.885106222242229e-05,8.130753899046281e-07
9.108877759771584,1.021467987209273,3.787025230711,0.02629710394871194,-1.837492930470153,34.33389815289289,-1,34.65,-1.939210594891835,33.02268634797997,2.892681434358313e-05,8.152102224100701e-07,-2.014343031313345,6.585564326204059,-171.1046874541164,0.000220438719613284,2.892681434358313e-05,8.152102224100701e-07
9.307022623735952,0.9914716494552824,3.778609140054182,0.02636832278702542,-1.84291597510865,34.33185218096022,-1,34.65,-1.941378756447558,33.06110607786358,2.900515506572796e-05,8.17418006397788e-07,-2.014192508154995,6.614438137526634,-171.060943739783,0.0002208072145725688,2.900515506572796e-05,8.17418006397788e-07
9.505167487700319,0.9623106683714743,3.770533142024052,0.02643745913280328,-1.848163242163891,34.32987255164254,-1,34.65,-1.943479025146045,33.09834131740369,2.908120504608361e-05,8.195612331169017e-07,-2.014045764867932,6.636815545949483,-171.0171716935795,0.0002209748465466277,2.908120504608361e-05,8.195612331169017e-07
9.703312351664687,0.9339942630672101,3.762687291123514,0.02650526011480979,-1.853239754894971,34.32795736753562,-1,34.65,-1.945513140915031,33.13442237672817,2.915578612629077e-05,8.216630635591035e-07,-2.013902695888298,6.659007020179544,-170.9733754645294,0.0002211465705149681,2.915578612629077e-05,8.216630635591035e-07
9.901457215629055,0.9064615426159391,3.755234532143028,0.02657054914568688,-1.858150614415987,34.32610470198342,-1,34.65,-1.947482893713417,33.16938048747099,2.922760406025557e-05,8.236870235162932e-07,-2.013763191204979,6.678036662711929,-170.9295555602222,0.0002212335944258668,2.922760406025557e-05,8.236870235162932e-07
10.09960207959342,0.8797120006333174,3.74810999997314,0.02663375207947165,-1.862900462829766,34.32431280165934,-1,34.65,-1.949389909620901,33.20324393131293,2.929712728741882e-05,8.256463144636212e-07,-2.01362715589175,6.693921600079668,-170.8857192597503,0.0002212335944258668,2.929712728741882e-05,8.256463144636212e-07
10.29774694355779,0.8537214778525823,3.741340706717916,0.02669464687957025,-1.867494014969768,34.32257988592615,-1,34.65,-1.951235859767494,33.23604184054452,2.936411156752728e-05,8.275340532666777e-07,-2.013494489767862,6.712005363625701,-170.8418689938154,0.0002213252284933426,2.936411156752728e-05,8.275340532666777e-07
10.49589180752216,0.8286035844942313,3.734348046424832,0.02675736215283073,-1.871935472160738,34.32090436807924,-1,34.65,-1.953022184625117,33.26780048798234,2.943309836811381e-05,8.294782267377526e-07,-2.01336503695467,6.757609505055115,-170.7979194004328,0.0002223067256557379,2.943309836811381e-05,8.294782267377526e-07
10.66937329655012,0.8072304241475936,3.728366712396989,0.02681145382986054,-1.875703796723061,34.31948280193441,-1,34.65,-1.954538906441298,33.29478229477916,2.94925992128466e-05,8.311550687256769e-07,-2.013254245501294,6.740067108523599,-170.7593704999372,0.0002212822932028216,2.94925992128466e-05,8.311550687256769e-07
10.82425930859789,0.7883469181465188,3.724445527899822,0.02684962137605835,-1.878975881484538,34.31824844936612,-1,34.65,-1.955856796473166,33.31823730681523,2.953458351366418e-05,8.323382626578088e-07,-2.013157434941331,6.749661956470798,-170.7250969680062,0.0002212822932028216,2.953458351366418e-05,8.323382626578088e-07
10.96775363194973,0.7713695726796679,3.720393409959047,0.02688808469524907,-1.881930153294187,34.31713399731489,-1,34.65,-1.957047302170285,33.33943649649551,2.957689316477398e-05,8.335306255527211e-07,-2.013069368967235,6.788042241671232,-170.6932863614877,0.0002222222167349652,2.957689316477398e-05,8.335306255527211e-07
11.10330126438107,0.7558262027436355,3.715940632496684,0.02692903956356632,-1.884654545235453,34.31610627204067,-1,34.65,-1.958145668547073,33.35900523972328,2.962194351992295e-05,8.348002264705558e-07,-2.012987557698859,6.798381519432756,-170.6631646661356,0.0002222222167349652,2.962194351992295e-05,8.348002264705558e-07
11.30144612834544,0.733295054072838,3.711529735571124,0.02697379793777919,-1.888525941846599,34.31464587427617,-1,34.65,-1.959707368765272,33.38684318531143,2.967117773155711e-05,8.36187736071155e-07,-2.012870462842951,6.782831077160092,-170.6192565662633,0.0002213460153083284,2.967117773155711e-05,8.36187736071155e-07
11.48819430794467,0.7128040548409074,3.707020277660495,0.02701861514507161,-1.892054594800053,34.31331478301653,-1,34.65,-1.961131626885582,33.41224919986386,2.972047665957878e-05,8.375770694972201e-07,-2.01276268480023,6.820995358910885,-170.5778551030003,0.0002222222167350772,2.972047665957878e-05,8.375770694972201e-07
11.65769820455132,0.694879340198538,3.702249125884163,0.02706436026618787,-1.895159926390979,34.31214339003809,-1,34.65,-1.962385605484014,33.43463390475071,2.977079629280665e-05,8.389951682518239e-07,-2.012666898990981,6.832543961870414,-170.5401875713512,0.0002222222167350772,2.977079629280665e-05,8.389951682518239e-07
11.85584306851569,0.6744491858378762,3.697237980858707,0.02711381965615444,-1.898676807402744,34.31081676540165,-1,34.65,-1.963806445321396,33.46001520203973,2.982520162176989e-05,8.405284093407877e-07,-2.012557374902034,6.845030252060343,-170.4961553804464,0.0002222222167348547,2.982520162176989e-05,8.405284093407877e-07
12.05398793248006,0.6545982634347968,3.692701744494364,0.02715990611442989,-1.902075039507389,34.30953491040763,-1,34.65,-1.965179985388281,33.48457102340384,2.987589672587288e-05,8.419570895473266e-07,-2.012450416113598,6.856665027443524,-170.4521231895415,0.0002222222167353013,2.987589672587288e-05,8.419570895473266e-07
12.25213279644442,0.6353315110307171,3.688541753320074,0.02720331672984709,-1.905358150465662,34.3082964932423,-1,34.65,-1.966507542718741,33.50832435373086,2.99236484028318e-05,8.433028186252598e-07,-2.012345946312746,6.867624271810126,-170.4080909986367,0.0002222222167347426,2.99236484028318e-05,8.433028186252598e-07
12.45027766040879,0.6166464364482334,3.684689910829869,0.02724453258969509,-1.908529658418106,34.30710018579364,-1,34.65,-1.967790439689822,33.53129827115424,2.99689858486646e-05,8.445805102805479e-07,-2.01224388939866,6.878029438310851,-170.3640588077319,0.0002222222167353013,2.99689858486646e-05,8.445805102805479e-07
12.64842252437316,0.5985358197058075,3.681098552094537,0.02728388985448017,-1.911593040314768,34.30594467555687,-1,34.65,-1.969029990610725,33.55351571300732,3.001227883992818e-05,8.458005854888852e-07,-2.012144170164814,6.88796539242979,-170.320026616827,0.0002222222167353013,3.001227883992818e-05,8.458005854888852e-07
12.84656738833753,0.5809894680840543,3.677733704819128,0.02732162731791244,-1.914551712131503,34.3048286730934,-1,34.65,-1.970227493113851,33.57499932557984,3.005379004970369e-05,8.469704468552857e-07,-2.012046714726379,6.897492418932475,-170.2759944259222,0.0002222222167348531,3.005379004970369e-05,8.469704468552857e-07
13.04471225230189,0.5639953566874458,3.674570604438734,0.02735791822209388,-1.917409016718141,34.30375091661104,-1,34.65,-1.97138422266991,33.5957713683955,3.009371004430327e-05,8.480954648849104e-07,-2.011951450782661,6.906654253765264,-170.2319622350174,0.0002222222167353029,3.009371004430327e-05,8.480954648849104e-07
13.24285711626626,0.5475471517618525,3.67154661921272,0.02739322160498146,-1.920168184140527,34.30271018692745,-1,34.65,-1.972501414260282,33.61585344009654,3.013254376547961e-05,8.491898697544254e-07,-2.011858305853693,6.917548756616578,-170.1879266001977,0.0002222859047125297,3.013254376547961e-05,8.491898697544254e-07
13.44100198023063,0.531632460820687,3.668633384262352,0.02742774489906839,-1.922832416683488,34.30170527539658,-1,34.65,-1.973580297423082,33.63526707471218,3.017051938897523e-05,8.502600918711201e-07,-2.011767206322298,6.926266846570696,-170.1438817898473,0.0002222859047125297,3.017051938897523e-05,8.502600918711201e-07
13.639146844195,0.5159821781556725,3.667579220673689,0.02744834629997108,-1.925405906175221,34.30073459978728,-1,34.65,-1.974622609576238,33.65403984950511,3.019318092996819e-05,8.508987352991036e-07,-2.011678218767406,6.900175044091831,-170.1000344278515,0.0002212823273308351,3.019318092996819e-05,8.508987352991036e-07
13.83729170815936,0.5011165124769316,3.664751052278424,0.0274823032033686,-1.927888746821415,34.29979812453597,-1,34.65,-1.975628169333568,33.67217296598136,3.023053352370546e-05,8.519513993044268e-07,-2.011591090918748,6.938055914255763,-170.0560556936093,0.0002222222167349652,3.023053352370546e-05,8.519513993044268e-07
14.02394038722172,0.4875594594214465,3.66215617681155,0.02751378652221924,-1.930149059825427,34.29894558989922,-1,34.65,-1.97654356921165,33.68869939255737,3.026516517444117e-05,8.529273821887966e-07,-2.011510676319338,6.946004048192341,-170.0145782103974,0.0002222222167351909,3.026516517444117e-05,8.529273821887966e-07
14.22208525118609,0.4735936148069858,3.659726776832493,0.02754479748793149,-1.932468104376927,34.29807091114495,-1,34.65,-1.977482699556575,33.70567386739703,3.029927723672464e-05,8.538887221258762e-07,-2.011427050163331,6.95070050222029,-169.9705479037129,0.0002221221142528676,3.029927723672464e-05,8.538887221258762e-07
14.42023011515046,0.4600591688803545,3.657603030502784,0.02757353084518858,-1.934706847791674,34.29722652763743,-1,34.65,-1.978389219770705,33.72207899160525,3.033088392970744e-05,8.547794562008461e-07,-2.011345173585349,6.957951125892687,-169.9265355476008,0.0002221221142528676,3.033088392970744e-05,8.547794562008461e-07
14.61837497911483,0.4468251160120333,3.656725694259595,0.02759284740982261,-1.936868568833448,34.29641120192169,-1,34.65,-1.979264467678997,33.73793690144998,3.035213215080487e-05,8.55378269704501e-07,-2.011265045096026,6.94163515000938,-169.8826323599382,0.0002214461177907021,3.035213215080487e-05,8.55378269704501e-07
14.81651984307919,0.4341036929383342,3.655366463569977,0.02761580105834947,-1.93895435013493,34.29562452543247,-1,34.65,-1.980108779571717,33.75325520945726,3.037738116418442e-05,8.560898328088337e-07,-2.011186541377097,6.961286294627036,-169.8387070562634,0.0002218884296083599,3.037738116418442e-05,8.560898328088337e-07
14.98359231742775,0.4237553473404761,3.653881891923078,0.02763773047678946,-1.940656130330852,34.2949826850283,-1,34.65,-1.980797473522969,33.76576659230521,3.040150352446841e-05,8.567696447804733e-07,-2.011121555636003,6.960273121658935,-169.8016396634444,0.0002216801012471355,3.040150352446841e-05,8.567696447804733e-07
15.18173718139212,0.411827871411394,3.652457433887566,0.0276611978942481,-1.942609616294752,34.2942459180351,-1,34.65,-1.981587829636983,33.78014325664467,3.042731768367292e-05,8.574971347216913e-07,-2.011045912134655,6.966183145099873,-169.7577148899392,0.0002216801012471355,3.042731768367292e-05,8.574971347216913e-07
15.37988204535649,0.4002537231668727,3.651500356752545,0.02768111685289841,-1.944495090038342,34.29353480878227,-1,34.65,-1.982350426127083,33.79403487688161,3.044922853818825e-05,8.581146224398506e-07,-2.010971772224991,6.962686295814022,-169.7138340102064,0.0002214093854547701,3.044922853818825e-05,8.581146224398506e-07
15.57802690932085,0.3890564528639276,3.650717641044563,0.027699704108197,-1.946314591356489,34.29284858755652,-1,34.65,-1.983086066307006,33.80745549515414,3.04696745190167e-05,8.586908273541071e-07,-2.010899090501662,6.957791914917082,-169.6699953149459,0.0002211052796956637,3.04696745190167e-05,8.586908273541071e-07
15.75819495398415,0.3791573081635123,3.650478610819296,0.02771299579765195,-1.947913866927245,34.29224542935146,-1,34.65,-1.983732412836833,33.81926439569494,3.048429537741714e-05,8.591028697272104e-07,-2.010834226065352,6.946425256062914,-169.6301747220937,0.0002206381959520064,3.048429537741714e-05,8.591028697272104e-07
15.94506465896374,0.3691904401799342,3.650490397517625,0.02772478372632484,-1.949518712691356,34.29164017559307,-1,34.65,-1.984380745670014,33.83112668741674,3.049726209895733e-05,8.5946829551607e-07,-2.010768168542517,6.949379969658223,-169.588944127509,0.0002206381959520064,3.049726209895733e-05,8.5946829551607e-07
16.1432095229281,0.3590693370817855,3.649601522874975,0.02774413935131802,-1.951161481465976,34.29102062544245,-1,34.65,-1.985044016018879,33.84328343723055,3.051855328644983e-05,8.600683198908587e-07,-2.010699356903421,6.964741468954046,-169.5451709140196,0.0002209716454413974,3.051855328644983e-05,8.600683198908587e-07
16.34135438689247,0.3492923477913475,3.648738614215053,0.02776329697227534,-1.952746488554122,34.29042286521381,-1,34.65,-1.985683585245923,33.85502649471958,3.053962666950287e-05,8.606622061405355e-07,-2.010631797275242,6.96500900715156,-169.5014022319199,0.0002208276498532223,3.053962666950287e-05,8.606622061405355e-07
16.53949925085684,0.3397744837894989,3.648650681149815,0.02777653234154928,-1.954276295510651,34.28984592830638,-1,34.65,-1.986300512955906,33.86637359386293,3.055418557570421e-05,8.610725025880277e-07,-2.010565477719516,6.939626112028868,-169.4576951741926,0.0002199180380056715,3.055418557570421e-05,8.610725025880277e-07
16.71586904223567,0.3315083159554607,3.649312086495441,0.02778264121243116,-1.955593083692561,34.28934933165747,-1,34.65,-1.986831240897506,33.8761509895234,3.056090533367428e-05,8.612618775853659e-07,-2.010507505901788,6.941152338534236,-169.4189082757091,0.0002199180380056715,3.056090533367428e-05,8.612618775853659e-07
16.91401390620004,0.3225881751603053,3.649385982383981,0.02779459184797769,-1.957022492024155,34.28881026804228,-1,34.65,-1.987406933759359,33.88677697355185,3.057405103277546e-05,8.616323472873085e-07,-2.010443441533661,6.947696296122083,-169.375312976134,0.0002200307259544461,3.057405103277546e-05,8.616323472873085e-07
17.11215877016441,0.3139829359863113,3.649379626342579,0.02780713962842682,-1.958401345053621,34.2882902752642,-1,34.65,-1.987961826730075,33.89703958861957,3.05878535912695e-05,8.620213284812313e-07,-2.010380491074812,6.94275420794591,-169.3317454693483,0.0002197749952993425,3.05878535912695e-05,8.620213284812313e-07
17.29853529382097,0.3061268816015388,3.64974179561823,0.02781611120060882,-1.959654082094491,34.28781784788622,-1,34.65,-1.988465565192598,33.90637452054104,3.059772232066971e-05,8.622994472188735e-07,-2.010322267849478,6.930487283948508,-169.290808364779,0.0002193159229740784,3.059772232066971e-05,8.622994472188735e-07
17.49095830641339,0.2982650587871026,3.650333699913028,0.02782368394586089,-1.960903860342939,34.28734654085699,-1,34.65,-1.988967700354989,33.91569826314286,3.060605234044698e-05,8.625342023216876e-07,-2.01026314666801,6.93237406151765,-169.2486069341708,0.0002193159229740784,3.060605234044698e-05,8.625342023216876e-07
17.68910317037776,0.2903112656329058,3.652532244032082,0.02781931049860909,-1.962147196490679,34.28687766754474,-1,34.65,-1.989466880328301,33.92498415779801,3.060124154847e-05,8.623986254568817e-07,-2.010203378436788,6.894222411833557,-169.2053719927399,0.0002181432277170466,3.060124154847e-05,8.623986254568817e-07
17.88724803434213,0.2827587314209381,3.653221956510106,0.02782643313374158,-1.9633452796277,34.28642586457296,-1,34.65,-1.98994735163266,33.93394427394561,3.060907644711574e-05,8.626194271459891e-07,-2.010144546775607,6.911542620422634,-169.1620824383398,0.0002186352866755527,3.060907644711574e-05,8.626194271459891e-07
18.0853928983065,0.2754624094847843,3.653967137170068,0.02783310352592622,-1.964500970438421,34.28599005262286,-1,34.65,-1.990410323520204,33.94259865637397,3.061641387851885e-05,8.62826209303713e-07,-2.010086650525266,6.890027479812318,-169.1188180157376,0.0002179024562570244,3.061641387851885e-05,8.62826209303713e-07
18.26920728334357,0.2688976326891355,3.654934113327148,0.02783715900846468,-1.965536652530094,34.28559950004409,-1,34.65,-1.990824795007289,33.95036391221441,3.062087490931115e-05,8.62951929262405e-07,-2.010033794189929,6.874866378378994,-169.0787685116994,0.0002173912992106213,3.062087490931115e-05,8.62951929262405e-07
18.42516268698678,0.2634447515122728,3.656383685738083,0.02783577456214684,-1.966389106469879,34.28527804509493,-1,34.65,-1.991165624792202,33.95676234559315,3.061935201836153e-05,8.62909011426552e-07,-2.009989574373654,6.87452446549053,-169.0448651638825,0.0002173912992106213,3.061935201836153e-05,8.62909011426552e-07
18.62330755095114,0.256780353281394,3.657575330793301,0.02783895431731563,-1.967437298440716,34.28488278264886,-1,34.65,-1.991584227154442,33.96463988874242,3.06228497490472e-05,8.630075838367845e-07,-2.009934144975282,6.875619425198178,-169.0017891320655,0.0002174010905271499,3.06228497490472e-05,8.630075838367845e-07
18.82145241491551,0.2503167711877426,3.659165687989451,0.0278390665876082,-1.968448642344085,34.28450141947179,-1,34.65,-1.991987605558834,33.9722508676297,3.062297324636903e-05,8.630110642158543e-07,-2.009879562179386,6.835802419643287,-168.9587790323949,0.0002161412398679125,3.062297324636903e-05,8.630110642158543e-07
18.98623464189731,0.24505430592718,3.661288491002416,0.02783302683785719,-1.969263029398347,34.2841943288235,-1,34.65,-1.992312086693274,33.97838673306006,3.061632952164291e-05,8.628238319735729e-07,-2.00983486193052,6.834319376530756,-168.9231627975468,0.0002161412398679125,3.061632952164291e-05,8.628238319735729e-07
19.18437950586167,0.2389791153127738,3.66310209216144,0.02783137301259462,-1.970209913539143,34.28383727987123,-1,34.65,-1.992688845592047,33.98553059526586,3.061451031385408e-05,8.627725633904332e-07,-2.009781818619935,6.832082876315188,-168.8803449189402,0.0002160833481913866,3.061451031385408e-05,8.627725633904332e-07
19.31836719222651,0.2349720506055553,3.664592357561129,0.02782822955911711,-1.970831329571707,34.28360295996946,-1,34.65,-1.992935814043741,33.9902244652319,3.061105251502883e-05,8.626751163326305e-07,-2.009746401792204,6.789907876397098,-168.8514483389665,0.0002147737061318916,3.061105251502883e-05,8.626751163326305e-07
19.43816530551851,0.231420524882555,3.666636022115708,0.02781998924603818,-1.97137486595668,34.28339800779253,-1,34.65,-1.993151670635098,33.99433330867473,3.0601988170642e-05,8.624196666271836e-07,-2.009715077894548,6.78789729334654,-168.8257188541871,0.0002147737061318916,3.0601988170642e-05,8.624196666271836e-07
19.63631016948288,0.2257839582314927,3.668898639802972,0.0278148433692061,-1.972247419661673,34.28306899592983,-1,34.65,-1.993497709948006,34.00093788807204,3.059632770612672e-05,8.622601444453892e-07,-2.009663822428258,6.793523111087506,-168.7831392397878,0.0002149914779247385,3.059632770612672e-05,8.622601444453892e-07
19.82759786883686,0.2205267511060712,3.671082518598075,0.02780985847021627,-1.973060441104316,34.28276243551679,-1,34.65,-1.993819617834781,34.00710118126371,3.059084431723789e-05,8.621056125767043e-07,-2.009615007703482,6.748200467259858,-168.7420764104732,0.0002135954532010504,3.059084431723789e-05,8.621056125767043e-07
19.98426463471896,0.2162986896100394,3.673694505066925,0.02779949842800793,-1.973706299280019,34.28251890859607,-1,34.65,-1.994075028589199,34.01200303697856,3.057944827080873e-05,8.61784451268246e-07,-2.009575588032883,6.745686551493406,-168.7086131016131,0.0002135954532010504,3.057944827080873e-05,8.61784451268246e-07
20.18240949868333,0.2111788054174614,3.675993943522992,0.0277939954813763,-1.974496487815149,34.28222096419611,-1,34.65,-1.994386983267241,34.01800937914521,3.057339502951394e-05,8.616138599226654e-07,-2.009526307090658,6.744648537968192,-168.6662888859675,0.000213604868895302,3.057339502951394e-05,8.616138599226654e-07
20.33718178270122,0.207276137295844,3.678214423278949,0.0277864649608349,-1.97509455201211,34.28199546372864,-1,34.65,-1.994622728586621,34.02256161945346,3.056511145691839e-05,8.613804137858818e-07,-2.009488287863588,6.689297533648568,-168.6333085307979,0.0002119093022324713,3.056511145691839e-05,8.613804137858818e-07
20.46444371477829,0.2040872573836803,3.681007091355688,0.027772936184496,-1.97557474151388,34.2818144093318,-1,34.65,-1.994811829067187,34.02621996358691,3.05502298029456e-05,8.609610217193761e-07,-2.009457390808369,6.686040623842855,-168.6063405435706,0.0002119093022324713,3.05502298029456e-05,8.609610217193761e-07
20.66258857874266,0.199335668473606,3.684110153814016,0.02776128130087891,-1.976299787016375,34.28154103577781,-1,34.65,-1.995096852303786,34.03175196578817,3.05374094309668e-05,8.605997203272463e-07,-2.009409766014193,6.685696632271539,-168.5643425284151,0.0002119873599381191,3.05374094309668e-05,8.605997203272463e-07
20.86073344270703,0.194770931854992,3.686791013457145,0.02775279949800901,-1.976998915436048,34.2812774378288,-1,34.65,-1.995371117829674,34.03709554754156,3.052807944780991e-05,8.603367844382793e-07,-2.009362740143133,6.655210544818594,-168.5223954737747,0.0002110852115229934,3.052807944780991e-05,8.603367844382793e-07
21.03602889026283,0.1908469316470364,3.689433733918384,0.02774322891272794,-1.977597098035392,34.2810519031517,-1,34.65,-1.995605347068804,34.04167474425435,3.051755180400074e-05,8.600400962945662e-07,-2.009321658273622,6.652915487698781,-168.4853931971484,0.0002110852115229934,3.051755180400074e-05,8.600400962945662e-07
21.2341737542272,0.1864346269605065,3.694568412325455,0.02771622944092056,-1.97825266380455,34.280804735667,-1,34.65,-1.995861681184608,34.04669953487104,3.048785238501262e-05,8.592031126685374e-07,-2.009275909190217,6.591600020738085,-168.4438867759496,0.0002093435117859501,3.048785238501262e-05,8.592031126685374e-07
21.43231861819156,0.1822199068277472,3.698809708054583,0.02769593756218399,-1.978884743338779,34.28056642667449,-1,34.65,-1.996108260611031,34.05155334514012,3.046553131840239e-05,8.585740644277036e-07,-2.00923071018295,6.579444363050351,-168.4024361819995,0.0002091105546960059,3.046553131840239e-05,8.585740644277036e-07
21.63046348215593,0.1781857588207693,3.702336474795809,0.02768100277508704,-1.979494159881666,34.28033666571471,-1,34.65,-1.996345432130711,34.05624200510592,3.044910305259575e-05,8.581110860276983e-07,-2.009186056183595,6.551455045778294,-168.3610581315929,0.0002083333288122503,3.044910305259575e-05,8.581110860276983e-07
21.81054940192623,0.1746411649920306,3.705467414956183,0.02766797246587192,-1.980029484259124,34.28013484171611,-1,34.65,-1.996553298569674,34.06036796601703,3.043476971245911e-05,8.577071464420296e-07,-2.009145940547231,6.548371072059963,-168.323540232455,0.0002083333288122503,3.043476971245911e-05,8.577071464420296e-07
22.0086942658906,0.1708460186679229,3.709315549959501,0.02765060897674981,-1.980599157679826,34.27992007070478,-1,34.65,-1.996774022119932,34.06476618791811,3.041566987442479e-05,8.57168878279244e-07,-2.009102339603608,6.51916922328344,-168.2824172828181,0.0002075345274941602,3.041566987442479e-05,8.57168878279244e-07
22.20683912985497,0.1670674403135367,3.715387152432136,0.02761675599634775,-1.981150882833709,34.27971206871706,-1,34.65,-1.996987380022335,34.06903242794579,3.037843159598252e-05,8.561194358867802e-07,-2.009059323438529,6.453989771658741,-168.2415530894105,0.0002057114269211402,3.037843159598252e-05,8.561194358867802e-07
22.36545431903988,0.1641638610310449,3.719616386047226,0.02759428595830665,-1.981578414776628,34.27955089024676,-1,34.65,-1.997152335903379,34.07234408068084,3.035371455413731e-05,8.554228647075061e-07,-2.009025286091506,6.423129614022868,-168.2089619978541,0.0002048945147401967,3.035371455413731e-05,8.554228647075061e-07
22.5146085044157,0.1615129630077172,3.723407534104597,0.0275745467842859,-1.981969558611836,34.2794034317896,-1,34.65,-1.997302949639306,34.07537847093165,3.033200146271448e-05,8.548109503128628e-07,-2.008993579896467,6.418534920998354,-168.1784011234201,0.0002048945147401967,3.033200146271448e-05,8.548109503128628e-07
22.71275336838007,0.1580939677329393,3.72843791893268,0.02754840294306792,-1.982473513637987,34.27921344691726,-1,34.65,-1.997496546404687,34.0792948998555,3.030324323737471e-05,8.540004912351054e-07,-2.008951879151325,6.388639703119551,-168.1379088606654,0.0002041337323316518,3.030324323737471e-05,8.540004912351054e-07
22.86141410410493,0.1556017086620643,3.732243609762196,0.0275285499753236,-1.982840231051429,34.27907520089369,-1,34.65,-1.997637086386911,34.08214985328523,3.028140497285596e-05,8.533850492350316e-07,-2.008920908804876,6.331344657440854,-168.107621279458,0.0002024489022607807,3.028140497285596e-05,8.533850492350316e-07
22.98382624993389,0.1535623928089254,3.736105822942279,0.02750682365229117,-1.983135728392351,34.27896380452709,-1,34.65,-1.997750181113662,34.08445271514231,3.025750601752029e-05,8.527115332210264e-07,-2.00889566653541,6.326347778223444,-168.0828390749115,0.0002024489022607807,3.025750601752029e-05,8.527115332210264e-07
23.11444494012125,0.1514390631797861,3.740071907773738,0.02748480637406715,-1.983444050840905,34.27884757459187,-1,34.65,-1.997867963274393,34.08685880386988,3.023328701147387e-05,8.520289975960817e-07,-2.008868919836764,6.277419553446226,-168.0564439062413,0.0002010440760632459,3.023328701147387e-05,8.520289975960817e-07
23.22888421644248,0.1495973576553681,3.743972012457836,0.02746239893560565,-1.983708878205755,34.27874774203465,-1,34.65,-1.997968993978716,34.0889275523686,3.020863882916622e-05,8.513343670037752e-07,-2.00884569084658,6.272301784362229,-168.0334365676679,0.0002010440760632459,3.020863882916622e-05,8.513343670037752e-07
23.38008383466602,0.147220309721506,3.749056346141415,0.02743333390610108,-1.984050799228544,34.27861884871133,-1,34.65,-1.998099184963793,34.09160224579793,3.017666729671119e-05,8.504333510891335e-07,-2.008815236310731,6.209503294552609,-168.0031225749966,0.0001992420855331839,3.017666729671119e-05,8.504333510891335e-07
23.50218524302604,0.1453167401556023,3.753777959811723,0.02740537529214525,-1.984321066932625,34.27851696725698,-1,34.65,-1.99820194472911,34.0937187060926,3.014591282135978e-05,8.495666340565028e-07,-2.00879088509383,6.203174894728363,-167.9787948357484,0.0001992420855331839,3.014591282135978e-05,8.495666340565028e-07
23.63055293361547,0.1433679868605409,3.758469967851638,0.02737801317567615,-1.984599011244993,34.2784121931189,-1,34.65,-1.998307419873559,34.09589826633036,3.011581449324377e-05,8.487184084459607e-07,-2.008765467878542,6.149967323446366,-167.9532841167273,0.0001977305101244362,3.011581449324377e-05,8.487184084459607e-07
23.74148205569024,0.1416998006739826,3.76292004462278,0.02735151095303363,-1.984834723311344,34.27832333956184,-1,34.65,-1.998396746533321,34.09774850173131,3.0086662048337e-05,8.478968395440425e-07,-2.00874368474101,6.14401408636505,-167.9313500448318,0.0001977305101244362,3.0086662048337e-05,8.478968395440425e-07
23.89558441701802,0.1394472254124291,3.768736327753319,0.02731741689651284,-1.985154659445155,34.2782027384654,-1,34.65,-1.998517738005764,34.10026355383798,3.004915858616413e-05,8.468399237918981e-07,-2.008713653284915,6.086298534380905,-167.9009676358051,0.0001961175354382412,3.004915858616413e-05,8.468399237918981e-07
24.02193901036914,0.1376273166482644,3.773853737859357,0.02728697472330906,-1.985411196626772,34.2781060367616,-1,34.65,-1.998614581850474,34.10228278057718,3.001567219563997e-05,8.45896216422581e-07,-2.008689254429842,6.079516042652078,-167.8761872843657,0.0001961175354382412,3.001567219563997e-05,8.45896216422581e-07
24.1177408711434,0.136267296606775,3.777851053591964,0.0272630782857985,-1.98560220610965,34.27803403633263,-1,34.65,-1.998686570071049,34.10378796995863,2.998938611437835e-05,8.451554268597535e-07,-2.00867086967428,6.006307638671731,-167.8574499243362,0.0001939257540218755,2.998938611437835e-05,8.451554268597535e-07
24.19916316669563,0.1350939841090705,3.782087800436333,0.02723672588427231,-1.985762858930062,34.27797347884785,-1,34.65,-1.998747107777047,34.10505417946514,2.996039847269954e-05,8.443385024124416e-07,-2.008655383631677,6.000501961523875,-167.841660044277,0.0001939257540218755,2.996039847269954e-05,8.443385024124416e-07
24.30485513712386,0.1336281672824746,3.786710461277996,0.02720889971254463,-1.985967613389147,34.27789629823197,-1,34.65,-1.998824107836934,34.10667019720557,2.99297896837991e-05,8.434758910888837e-07,-2.008635363425746,5.994371599205619,-167.8211636492176,0.0001939257540218755,2.99297896837991e-05,8.434758910888837e-07
24.50300000108823,0.1309078548321526,3.796341481619069,0.02714993762198423,-1.986342859029353,34.2777548535426,-1,34.65,-1.998964972037564,34.10963555745357,2.986493138418266e-05,8.416480662815112e-07,-2.008598207703466,5.931474637649369,-167.7829889559455,0.0001923076887518466,2.986493138418266e-05,8.416480662815112e-07
24.7011448650526,0.1283234030362467,3.804618656595268,0.02710083883829827,-1.986705216685005,34.27761826940093,-1,34.65,-1.999100544052366,34.11250561153253,2.98109227221281e-05,8.401260039872464e-07,-2.008561499348226,5.873704592881428,-167.7450361518431,0.0001907797054046595,2.98109227221281e-05,8.401260039872464e-07
24.84402190805689,0.1265131177811565,3.810473810219841,0.02706632166765896,-1.986959291743892,34.27752250175306,-1,34.65,-1.999195333694251,34.11452189443754,2.977295383442486e-05,8.390559716974278e-07,-2.008535268493431,5.866223508442417,-167.7177781116697,0.0001907797054046595,2.977295383442486e-05,8.390559716974278e-07
25.04216677202126,0.1240296592388662,3.819658159690326,0.02701102231497908,-1.987302848505804,34.27739300747971,-1,34.65,-1.999323246774766,34.11725213603088,2.971212454647699e-05,8.373416917643516e-07,-2.008499318708784,5.802972662320983,-167.6802882788397,0.0001891090485574468,2.971212454647699e-05,8.373416917643516e-07
25.24031163598563,0.1216264641596073,3.828691803144156,0.0269570013691274,-1.987635619329434,34.27726758067224,-1,34.65,-1.999446724342526,34.119902670563,2.965270150604015e-05,8.356670424429495e-07,-2.008463733691785,5.755421426979058,-167.6429715102049,0.0001879352973012783,2.965270150604015e-05,8.356670424429495e-07
25.36254258743909,0.1202251081457863,3.833000507505571,0.0269326342527274,-1.987834776304356,34.27719251657606,-1,34.65,-1.99952035421396,34.12149274369907,2.962589767800014e-05,8.349116618345494e-07,-2.008441951199811,5.750218955757504,-167.620000000004,0.0001879352973012783,2.962589767800014e-05,8.349116618345494e-07
