0,0.0496
0.01116288167307413,0.0496138310586049
0.1744397742535267,0.04981608632844638
0.3251252753866641,0.05000266291930022
0.4783600501697345,0.05019231450360016
0.6373343369341515,0.05038898135245893
0.8057217483311575,0.05059719349163827
0.9871023668195418,0.05082135510173893
1.18540931742726,0.05106629425667531
1.405300737232819,0.05133771777364955
1.652660234477374,0.05164282093519217
1.935355294295117,0.05199120888602899
2.264542359314984,0.05239647932832441
2.65727496334316,0.05287938275191621
3.143245995169096,0.05347599701658889
3.795386554537931,0.05427491774356718
4.542250820828896,0.05518737271005375
5.315286721548168,0.05612882178629741
6.100967069679661,0.05708238848084685
6.90499088144245,0.05805460592536184
7.213038381945297,0.05842608529254983
7.293121005948408,0.05852256439013078
7.475026369069014,0.05874156834999561
7.672782943097972,0.05897942488974094
7.885114973015544,0.05923454084971591
8.120906323772839,0.05951750930143096
8.385676490453417,0.05983483012797958
8.687644805558573,0.06019617536688042
9.038142720843556,0.06061483579945008
9.45400823754904,0.06111050008936735
9.962502730869064,0.06171494344740443
10.61693121494972,0.06249015311389858
11.64051871867281,0.06369631737388325
12.56242534064907,0.06477575791566481
13.50924606205503,0.06587723930901856
14.43996446882582,0.06695264211525245
14.60870630078178,0.0671468121502652
14.62982222949679,0.06717109245903832
14.64376437178302,0.06718712177872246
14.65532290526959,0.06720040935514791
14.8537359507504,0.06742831848814418
15.04445202485704,0.06764705581786658
15.25114374445703,0.067883747085508
15.47568436739398,0.06814043920485734
15.7231264118716,0.06842277794120558
15.99932974538484,0.06873726611907312
16.31197622097605,0.06909238895461847
16.67153047087995,0.06949964935143275
17.09297809728155,0.06997543608614649
17.59910306569751,0.07054452815803178
18.22797108746998,0.07124808343429669
19.05904529963477,0.07217167654065965
20.10039504697519,0.07331871445043925
21.22839920933872,0.07454789513830526
21.49917617757983,0.07484084253860113
21.558487101858,0.07490489847260759
21.6229365812945,0.07497445855945813
21.8023527846307,0.07516785140729873
21.85963367351178,0.07522951666880967
21.90827026367011,0.07528184631330406
21.93780678385924,0.07531361227111569
21.94689555163697,0.07532338503882868
21.95488827229262,0.07533197848480717
21.96129359212189,0.0753388646895792
22.15985970297722,0.07555210263394876
22.34874460739303,0.07575451845369355
22.54583452522798,0.07596528191927615
22.75397246838168,0.07618736323887101
22.97710314011578,0.0764248712692461
23.21937263310798,0.07668207827476868
23.48562126299096,0.07696392854464958
23.78180624149773,0.07727645909579577
24.11560927594155,0.07762739668272621
24.49735224442096,0.0780270460796952
24.94145923847948,0.07848969065791089
25.46886104959428,0.07903585888053177
26.11083193734961,0.07969583888220901
26.91320329123648,0.08051311472195628
27.92508786350714,0.0815314696344962
29.11491123344012,0.08271082390579487
29.20184066963407,0.08279620680742311
29.23861760177414,0.08283229704044373
29.26091014276953,0.08285416394173119
29.2797172725441,0.08287260646247258
29.29537133661971,0.08288795319255568
29.53427117570603,0.08312172740652835
29.76530499846272,0.0833470238776747
30.01871974717157,0.08359325742380233
30.29625745803353,0.0838618574161574
30.60428721607695,0.0841586448141745
30.95037258428561,0.08449042572466975
31.34467668784629,0.08486625568534228
31.80121124752026,0.08529847538910547
32.33992722767755,0.08580441587225456
32.98957279268476,0.08640857803558098
33.78851235387166,0.08714250584553027
34.76390266242898,0.08802469373009426
35.86095058457752,0.08899833750651198
36.25636972240761,0.08934436453073216
36.386401544686,0.08945757835355415
36.49044669019689,0.08954796042059318
36.52950508536409,0.08958184231375607
36.56592315074966,0.08961341046454231
36.57818808462526,0.08962403696275853
36.60577086894786,0.08964792570106506
36.62877712874582,0.08966784092965205
36.89981629411313,0.08990178483056493
37.16302237505299,0.09012776395087133
37.45516371543609,0.09037718863971198
37.77813437324019,0.09065121311895197
38.14020615307759,0.09095624833881188
38.55141365072061,0.09129988235796702
39.02556511993622,0.09169239216152264
39.5818335698423,0.09214774269999929
40.24652618728595,0.0926844884857084
41.05038618471309,0.0933227608912871
42.00277072373712,0.09406333545464284
43.04504370694807,0.09485402169191533
43.40964587843242,0.0951256583132514
43.66387758632416,0.09531352996869392
43.78552928497833,0.09540297920877357
43.83893004252672,0.09544215225923924
43.88220649580779,0.09547385722859938
43.89330355821514,0.0954819811514997
43.91306067711078,0.09549643890418472
43.92923148010427,0.09550826655037059
44.18132136446641,0.0956919816238247
44.42894243297577,0.09587121286422981
44.70626811074862,0.09607049394232825
45.01349392412614,0.09628946179860953
45.35674230903455,0.09653185453685884
45.74359630654289,0.09680217675957253
46.18477720822517,0.09710673064418049
46.69577097417987,0.09745446851976339
47.30040961933312,0.09785892348910247
48.04055407194015,0.09834356359967027
49.02415709428499,0.09896955966981685
50.07757060334151,0.09961676026808855
51.16104909092201,0.1002569246399285
51.18641025246414,0.100271595481835
51.19662153745753,0.100277498396776
51.20479952678699,0.1002822242211984
51.20914855871916,0.100284736789915
51.2109043257248,0.1002857510298704
51.21259922785649,0.1002867300448409
51.21755142710973,0.1002895901809765
51.34876117470284,0.1003651694682534
51.47169239739517,0.1004356286519461
51.61224133012755,0.1005157680208358
51.76946435815772,0.1006048856391214
51.94496442167579,0.1007037014219592
52.13998333920473,0.1008126861881252
52.35599435588588,0.1009323899915036
52.59485568985571,0.1010635133546735
52.85903181828769,0.1012070069881223
53.15184580354126,0.1013641746616838
53.47779931369684,0.1015367923970531
53.84301014029661,0.1017272589958037
54.25585277178178,0.1019388023181855
54.72795226138368,0.1021757806547821
55.2758199737285,0.1024441501332636
55.92378550125402,0.1027522616525993
56.7102491857785,0.1031125652912361
57.70781013943699,0.1035477539662336
58.41372158867966,0.1038407768695875
58.50142437166622,0.1038763101055336
58.52820908030471,0.1038871234909957
58.54996159950911,0.1038958920153833
58.88179392250233,0.104028175082092
59.20691978097151,0.104155081723844
59.57493387603091,0.1042954847528865
59.98695041788796,0.1044485659118948
60.45385726986291,0.1046167619501073
60.98957312621288,0.1048027885941898
61.61485873273313,0.1050104422608024
62.36291819459345,0.1052453366794431
63.2988357094906,0.1055182343079752
64.69383181359969,0.1058810749280518
65.17988045814971,0.1059949887270812
65.67298767420816,0.1061038801098902
65.7890359985323,0.1061285243612454
66.03046066963859,0.1061785899334023
66.26938361179435,0.1062265315738391
66.68680410546477,0.1063064429879771
67.13124099019046,0.1063861216564315
67.63696846075035,0.106469967410941
68.2148298883466,0.1065568245582999
68.88741335155414,0.1066458092155959
69.69087419375224,0.1067348817055159
70.70353463329916,0.1068201462534991
71.9112250549347,0.1068819616505575
72.12801290512962,0.1068884195720927
72.53214909574918,0.1068966608628164
72.76007777194161,0.1068991210525271
72.89570417078109,0.1068998338136922
72.96578812051654,0.1068999821129433
73.03825875048283,0.1068999925864223
73.13698591703535,0.1068999050431633
73.14897666806748,0.1068998877042577
73.15581447644756,0.1068998771669521
73.16348034879772,0.106899864792656
73.16964486841225,0.1068998544118129
73.42915553495158,0.1068990705157468
73.68509352420926,0.1068976368458999
73.97128251676865,0.1068952626034605
74.28647348064102,0.1068917131943932
74.63415907924941,0.1068866716459491
75.0183960440193,0.1068797394684048
75.44469588156436,0.1068703952228641
75.92046404075379,0.1068579388176962
76.4557341195237,0.106841403489152
77.06427839377535,0.1068194141861287
77.76540256413493,0.1067899491805152
78.58703854408724,0.1067499151063341
79.57165686525418,0.1066943216097967
79.96907335503465,0.1066695859917936
80.17996095160261,0.1066559331553072
80.33898768839067,0.1066453982228682
80.39898945644433,0.1066413700700522
80.80382186122506,0.1066134349308474
81.16599604748409,0.1065873363031785
81.63322179659812,0.1065521453037098
82.13726066114523,0.1065122886989989
82.69890717050195,0.1064656049908271
83.33029706672038,0.1064103242938246
84.0497557044374,0.1063438062865928
84.8819604877245,0.1062623091084606
85.86142431309007,0.1061603392426177
87.03603853905223,0.1060297731457325
87.4082907276977,0.1059865779218051
87.51995252928275,0.1059734546089658
87.64538027110582,0.1059586227090775
87.74823469802126,0.1059463888615692
87.78165764996569,0.105942399657198
87.78875584256247,0.1059415515832593
87.79452649428725,0.1059408618967046
87.80087217823269,0.1059401032528109
88.22410710626622,0.1058889602271605
88.63255802186049,0.1058386001884291
89.07055858187766,0.1057835234091781
89.54114444824293,0.1057231372914748
90.05231521676913,0.1056561538441172
90.61308346471537,0.1055810498272812
91.2346563999418,0.1054958775397355
91.93135028106163,0.1053980862266269
92.72201742259445,0.1052842415232781
93.63213805686212,0.1051496007171077
94.69677251851675,0.1049874857663448
94.92043756078421,0.1049528243327909
95.05551273161585,0.1049317934299882
95.08802466922829,0.1049267204432339
95.10264128972807,0.104924438366225
95.14225708401945,0.1049182489042407
95.17446311433974,0.1049132125124218
95.69494222854209,0.1048312542528789
96.20082677127668,0.1047505988214194
96.75727925627997,0.1046607912101545
97.36739878480766,0.1045610649083933
98.04428841921137,0.1044489603126074
98.80352687669526,0.1043214876079656
99.6659192150739,0.1041746260523497
100.6597629038562,0.1040028718247282
101.8245508254334,0.1037985097973447
102.1376300071995,0.1037430688566106
102.3639885894951,0.1037028593628191
102.4117479401215,0.1036943624937163
102.4197502808188,0.1036929383569005
102.4444993991334,0.1036885330832595
102.4643425386729,0.1036850001932705
102.9290432075208,0.1036020492073492
103.3854840697429,0.1035201889709026
103.8925382933856,0.1034288379828381
104.449996694556,0.1033279456450401
105.0666470931228,0.1032158348162398
105.7530545860983,0.103090494174886
106.5235406113036,0.1029492209962799
107.3975619363849,0.102788377034111
108.4020790982832,0.1026029789293078
109.575224126381,0.1023860887086528
109.6823559930172,0.1023662769120131
109.7171688255107,0.1023598391157682
109.7315576032597,0.1023571782779949
109.7350229748028,0.102356537447794
109.7426948779522,0.1023551187319485
109.7488935113226,0.1023539724613251
110.1067013979271,0.1022878121293328
110.4586042521913,0.1022227646300254
110.8496031049917,0.1021505296064781
111.2778419080398,0.10207148102299
111.7473559549807,0.1019849182705332
112.2627381377351,0.1018900583884097
112.8301375855487,0.1017858614352199
113.4576749338527,0.1016709695089652
114.1561144086934,0.1015436083697731
114.9398058833007,0.1014014567490895
115.8280414002685,0.1012414707416826
116.8469451351522,0.1010596678687958
117.0002959757175,0.1010324816296579
117.021076272832,0.1010288014163136
117.0449750455629,0.1010245700324503
117.0526288677008,0.101023215141991
117.0588528064748,0.1010221134620628
117.4479233184115,0.1009534094052714
117.8302449814888,0.1008862223766648
118.2544014762916,0.1008120797457494
118.7187933993041,0.1007314061611916
119.2283789081459,0.1006435177750564
119.7889123577318,0.1005476538208313
120.4080788594472,0.1004428074789045
121.0960160045138,0.1003276802913115
121.8661561766971,0.100200608114968
122.736379457593,0.1000594793244134
123.7305155712177,0.09990167096352369
124.0541600919781,0.09985112513847197
124.2586738419839,0.09981940242465519
124.3376563591788,0.09980719696235736
124.3634007293558,0.09980322413543247
124.3794841312235,0.09980074356020824
124.3927439855841,0.09979869926994744
124.8471782946028,0.09972908220919659
125.2933651581208,0.09966158453909875
125.7880269015618,0.09958777509377545
126.3303434565855,0.09950812772041084
126.9276461844907,0.09942199680508049
127.5886005967338,0.09932870167368985
128.3247437243649,0.09922737944606315
129.1512981441104,0.09911699368332676
130.0883952793065,0.09899636178241894
131.1623837055151,0.09886429437371273
131.4391971820598,0.09883136544533119
131.656259955603,0.09880587046551613
131.6702209671955,0.09880424057246211
131.6843498810918,0.09880259229886984
131.6972072247799,0.09880109343462092
132.1721123968119,0.09874644933763065
132.6380488463086,0.0986942166512455
133.1544277874009,0.09863795960310884
133.7205394888706,0.09857829798213458
134.3442325126972,0.0985150648472935
135.0347714010484,0.09844818710868991
135.8044420839549,0.09837763329436766
136.6693663258237,0.09830351634340502
137.6506474240481,0.09822627078902124
138.7752882356484,0.09814701065503145
138.9604495181046,0.09813493625251347
139.4579697678051,0.09810388674305696
139.8775614230135,0.09807929950132012
140.6758929385379,0.09803663586687753
141.5145203836922,0.09799776221949823
142.4674272537197,0.09796118691306506
143.5560629881884,0.09792958661019276
144.8282637557943,0.09790688185368314
145.3037591628409,0.09790244043255976
145.9360916131002,0.09790002068141315
146.1857180038772,0.09790050516446239
146.3103437712432,0.09790140910224143
146.8262916000316,0.0979099444053065
147.8390436288826,0.09794882634900004
148.6731343767651,0.09800240516352708
149.6516306918959,0.09808944435887418
150.7493285440351,0.09821732274546874
151.9973775559236,0.09840032446628647
153.4146409570495,0.0986548625671623
153.5439042992374,0.09868048001939916
153.6124800971995,0.09869423063011873
153.632106760462,0.09869818650717117
153.6490544716943,0.09870160972023202
154.2708805021631,0.09883185228415159
154.8789805427658,0.09896784233197951
155.5532972371546,0.09912840127721713
156.2938680519443,0.09931629440574635
157.11267288672,0.09953776013594888
158.0236411904418,0.09980059730290121
159.0446911550999,0.1001150939707128
160.1979611585724,0.1004946297162723
160.6218926191605,0.1006404065407652
160.8224808989044,0.1007105278016373
160.9299786538262,0.1007484063486499
160.9752971106322,0.1007644373871932
161.012498390059,0.1007776246074825
161.7486758529249,0.1010436407668159
162.4647305064831,0.1013114198795728
163.2512905133585,0.1016154984678675
164.1121566118089,0.1019597977332377
165.0650737707483,0.1023543514668279
166.1318909651676,0.1028120329398929
167.3436446351946,0.1033512255890742
167.7451603079064,0.1035342027957102
168.0006001281,0.1036516890879643
168.1838599292379,0.1037364851001253
168.2449069366411,0.1037648254121615
168.2588974874083,0.1037713268836222
168.284775134892,0.1037833587487986
168.3062501449471,0.1037933499056554
169.0233741924761,0.1041302226007539
169.7196163549229,0.1044631149936401
170.4711977877843,0.104828613991834
171.2815032087823,0.1052294587115107
172.1633169386194,0.1056732183551833
173.1314610468629,0.1061688704515352
174.20504971805,0.1067280335576528
175.4096332442688,0.1073662229559117
175.5343542221104,0.1074329022238553
175.5703840808257,0.1074521848064094
175.6554304830161,0.1074977355167579
175.7238325962888,0.1075344072913129
176.6249655195165,0.1080203794487845
177.5038987106822,0.108499128219504
178.4771784904603,0.1090341097886875
179.5498934563759,0.1096288307250401
180.7469282892284,0.1102976517465458
182.0996647215417,0.1110584567283689
182.6212556226137,0.1113528431103617
182.8215637675447,0.1114660120963795
182.862283434144,0.1114890245175889
182.8899964853381,0.1115046876043977
182.9522921516623,0.1115399000033187
183.0039501713208,0.1115691032159023
183.9201532290094,0.1120874917466386
184.8117845481422,0.1125924020419504
185.7943041111913,0.1131486143396637
186.8720765162701,0.1137577196958415
188.0676037532318,0.1144309925445869
189.4081356808069,0.1151813905114111
189.9716547958103,0.1154949823753384
190.1745104408514,0.1156075592556994
190.2786106261634,0.1156652635235664
190.3632373051456,0.1157121389455079
191.3789238300511,0.1162721589826292
192.3742102523051,0.1168157841676489
193.4900472036173,0.1174182634504871
194.7305796647244,0.1180781545919662
196.1258835754916,0.1188061520324205
196.5437177967059,0.11902093346524
197.0317216822173,0.119269775186373
197.342502055944,0.1194270808615438
197.4543107275289,0.1194834468228329
197.5058688630317,0.1195093976969985
197.520695319561,0.1195168555107546
197.5390054889273,0.119526062678915
197.5538199386274,0.1195335096320012
198.2383314233816,0.1198752050053248
198.9103023907169,0.1202059196095666
199.6481980840638,0.1205634155563592
200.4508078622146,0.1209451862131808
201.3270985947734,0.1213531316950592
202.2875510169485,0.1217890290046804
203.3459358223592,0.1222549888205445
204.5203608982183,0.1227533230155086
204.6810692227742,0.1228199188232015
205.3311999697269,0.1230852718078671
205.880320945801,0.1233042192125943
207.0758179130895,0.1237638592954986
208.3215298701798,0.1242168195547926
209.7378863112216,0.1246977673909218
211.3534014887895,0.125199441184441
211.7659757486618,0.125319182527881
212.0160390374237,0.1253900515413786
212.090025145324,0.1254107703304613
212.1405739423745,0.1254248600953683
212.1501956917116,0.1254275359676685
212.1761636521504,0.1254347481541827
212.1971942958832,0.1254405787248886
213.0561848930386,0.1256707206016648
213.8907602271943,0.1258790446385198
214.7849814700083,0.1260850418076587
215.7426155896785,0.1262852949896476
216.776504514226,0.1264771115014246
217.9008666436294,0.1266560196360193
219.1327113070707,0.1268154689350067
219.2883768327446,0.1268335388421056
219.4585275657045,0.1268531984502697
219.4669232820968,0.1268541660363011
219.4826779607363,0.1268559810979198
219.495743030378,0.1268574856753137
220.3623425658899,0.1269560370403228
221.2027905319308,0.1270493024824642
222.0906979194141,0.1271454164677012
223.0306303973247,0.1272445181171014
224.0337104390468,0.1273473543991961
225.1121054651199,0.1274546386875101
226.280190281417,0.1275671366444503
226.5583478800063,0.1275933713010604
226.6891611526788,0.1276056364628183
226.755593299719,0.1276118475011851
226.7850420134994,0.1276145969888608
226.8005398749395,0.1276160430137439
226.8133705951822,0.1276172396926816
227.730247211115,0.1277016183598368
228.6208745969688,0.1277814775443918
229.5586699984282,0.1278633901069181
230.5486830192407,0.1279475157598192
231.6021374463712,0.1280344724859956
232.7312281110937,0.1281248499537865
233.9502063681269,0.1282192781647417
234.0333842834035,0.1282256061921762
234.0944148335989,0.1282302400794572
234.1026408617866,0.1282308640650335
234.1139200177066,0.1282317194162217
234.1245901759434,0.1282325283400812
235.1247296639522,0.1283073109138746
236.09758715719,0.1283781318067786
237.1301568786866,0.1284513120911207
238.2272030388363,0.1285269194974581
239.4017523503252,0.1286055430917843
240.6682214812384,0.1286877762319072
241.1532836431565,0.1287186070627122
241.3131396653985,0.1287286896552111
241.37695619997,0.128732704099898
241.4037613761766,0.1287343885025164
241.4736945957814,0.128738778004885
241.5316985297407,0.1287424132605872
242.7667602292933,0.1288186683059514
243.9699322506559,0.1288909438702467
245.281709281495,0.1289676528995414
246.7068939012998,0.129048733703169
248.269414642879,0.1291351995743168
248.5268381750012,0.1291492219965011
248.6786291071842,0.1291574625371
248.7193929329087,0.1291596720846449
248.7799480978395,0.1291629517039745
248.8303457719375,0.1291656787610738
250.1051388114973,0.1292339537055206
251.3508493820177,0.129299471806357
252.7278292026814,0.1293707085896294
254.2380499226054,0.1294476555409912
255.9077923741991,0.1295316231689886
256.026209029198,0.129537543553126
256.333938961111,0.1295529112891047
256.5811516938548,0.1295652397208106
258.3989282075826,0.1296555456649788
260.1858396042361,0.129744066278829
262.2244384924123,0.1298453564449002
262.6731416285461,0.1298677596460664
263.1021539266691,0.1298892315688895
263.2463649544804,0.1298964618321606
263.3288374518429,0.129900599737014
263.3578489545381,0.1299020558670623
263.3648602899013,0.1299024078182369
263.3801599431861,0.1299031758787631
263.3929190537172,0.1299038164609207
264.3313790629005,0.1299510937927558
265.2532895274082,0.1299978912573968
266.2586813870821,0.1300494026576568
267.3456849819683,0.130105748997428
268.5242774072157,0.1301677305997782
269.8058794416616,0.1302363316548811
270.132617979376,0.1302540417335129
270.444325107759,0.1302710258597208
270.5368484494127,0.130276084283933
270.6117801372365,0.1302801867470015
270.6583435020714,0.130282738697152
270.6793281551982,0.1302838894443364
270.6875231856713,0.1302843389519162
270.6942675586795,0.1302847089364195
271.4629607484698,0.1303271642644674
272.213768182886,0.1303692034496474
273.0346323403872,0.1304158533557364
273.9219590274396,0.1304671401331455
274.8819038107712,0.1305236952625412
275.9212087360332,0.1305862635778586
277.0485150957113,0.130655807402467
277.5105011169498,0.1306848383584745
277.7597693807625,0.1307006349347963
277.9331525353637,0.1307116782744003
277.9833680809554,0.1307148852800452
278.0806348180187,0.1307211082685537
278.1593697567181,0.1307261563537764
279.364157179498,0.1308046285711519
280.5472834791682,0.130884028309531
281.8514186533214,0.1309743987869185
283.2782266675717,0.1310769034288115
284.8498515092734,0.1311944856962573
285.1356868894326,0.1312164212749269
285.3087626795434,0.1312297880480761
285.4174322313916,0.1312382135265115
285.5055024405251,0.1312450605530762
286.8541090054039,0.1313520378735738
288.1755434110801,0.1314608722845751
289.6411208713116,0.1315864563519656
291.2533950300321,0.1317308377134656
291.8962661861595,0.1317903012744617
292.6041356757041,0.1318578433493652
292.7159070177785,0.1318688221857578
292.8064765023357,0.1318777813799347
294.1963162226766,0.1320222061894323
295.5578092663205,0.1321759179146019
297.0674702300703,0.1323598112356066
298.7272446245025,0.1325774133317755
299.2612594489781,0.1326506945805668
299.6967174952897,0.1327115874499809
299.8251243429013,0.1327297352577272
299.9157460372909,0.1327425949732178
299.9435063986398,0.1327465429166743
299.9781218004301,0.1327514713857076
300.0070425175057,0.1327555938466191
301.2499088073147,0.1329367978292771
302.4598443797685,0.1331205090522184
303.7664298558997,0.1333265232213527
305.1744917385793,0.1335568358921612
306.704638646127,0.1338161538492091
307.157913003218,0.1338946626527486
307.2247108611568,0.1339062949377237
307.2566197714563,0.1339118572198736
307.2739623563584,0.133914881854954
307.2884616206314,0.1339174114201959
308.3223514238761,0.1340996662503607
309.3327616077456,0.1342812047129882
310.4350183277469,0.1344828255885684
311.6271157210294,0.134704742119556
312.9207098108179,0.1349496557232115
314.3290114300381,0.1352205794514708
314.4572313374472,0.1352454470130835
314.5315384138402,0.1352598729124928
314.5642097784054,0.1352662190204122
314.5965643288795,0.1352725055791697
314.6228893590571,0.1352776220442125
315.5508699478601,0.1354587829562039
316.4639934337839,0.1356384448913121
317.4592703284946,0.1358356498356653
318.534646724564,0.1360500901190295
319.6992227709165,0.136283595692253
320.9633013940336,0.1365381480333984
321.3104976445136,0.1366082050137875
321.6171690420671,0.1366701207742491
321.7344146379675,0.1366937996352106
321.8295671576233,0.1367130192135653
321.8790710109919,0.1367230192102281
321.8867910465402,0.1367245787418575
321.8915731791591,0.136725544791639
321.895585001121,0.1367263552330857
321.9002635847866,0.1367273003737706
322.9350113726391,0.136936410572569
323.792426886129,0.1371096824399475
324.7439182135494,0.1373017782861913
325.7709444070335,0.1375086837982969
326.8836378442273,0.137732053021478
328.0914698755844,0.1379732291221465
328.7422414253234,0.1381024792497656
329.1491554506617,0.1381830127746654
330.1786984408121,0.1383856798512566
331.1003267074343,0.1385656141050383
332.6589410354689,0.138866193167648
334.304118796521,0.1391775723541333
336.1344707095109,0.1395156704437799
336.456355960354,0.1395741214461449
336.4975046975091,0.1395815706730004
336.6087948843406,0.1396016913536412
336.6985322757189,0.139617887191764
338.1502973012635,0.1398762622864857
339.5738249309852,0.1401224938110465
341.1528371205338,0.1403865734622775
342.8898503271976,0.1406650509372126
343.5457145179025,0.1407666854082425
343.8339005669988,0.1408107067281535
344.0584475376396,0.1408447324053142
344.2450940335748,0.1408728299413904
345.9717248847395,0.1411245206942071
347.6713964087733,0.1413569675312579
349.5766549670063,0.1415980792501562
350.3408183585801,0.1416886694231649
351.0335995537483,0.1417676427225432
351.1446439706046,0.1417800168939757
351.2863106660209,0.1417956881332411
351.4004858575499,0.1418082237589229
353.1139396322808,0.1419859849228099
354.7888565373367,0.142140211451183
356.6569073236047,0.142288117817577
357.1787830960998,0.14232470348956
357.7633188879265,0.1423631537287175
358.1545412034179,0.1423873740285301
358.4310203067342,0.1424037497477843
358.4677377305214,0.1424058780410361
358.4898593998669,0.1424071550288162
358.5078909485998,0.1424081929751834
359.8012735222306,0.1424756784765019
361.0632443769113,0.1425279675899062
362.4021911322718,0.1425682905971048
363.8233340941584,0.1425934198314333
365.3419693145894,0.1425978342649608
365.6684912435063,0.1425917487176048
365.7278369292377,0.1425902239977091
365.770078918998,0.142589060564868
365.7843339388278,0.1425886533018532
365.7930074182237,0.1425884018869905
365.8001074247782,0.1425881940464224
366.7849841032116,0.142541773550269
367.7345330735877,0.1424645520239858
368.7665709037227,0.1423455045824245
369.8803583566207,0.1421772418306113
371.0837758770532,0.1419506027499911
372.3858583272678,0.1416549317083412
372.6905158154351,0.1415784149435545
372.9001713234443,0.1415241756994343
372.9951234628436,0.1414991893774924
373.0432017896865,0.1414864379114297
373.0858433700245,0.1414750723609277
373.0990991709984,0.1414715284825155
373.1017054567479,0.1414708311061376
373.104728167441,0.1414700220590088
373.1080886126038,0.1414691223051614
373.9917379181807,0.1412213170688776
375.2828322443482,0.1408201324624737
376.5718058257315,0.1403752286844718
377.9026440884224,0.1398716628942713
379.2831977345916,0.1393043593999241
379.8376802518347,0.1390642258703133
380.3161407011727,0.1388515602726198
380.4153365936914,0.1388068482752776
380.5404906761684,0.138750134567294
380.6420446176282,0.1387038695892105
382.2191366261646,0.1379579507026607
383.7628605627314,0.1371805084805794
385.4052075040613,0.1363062468253341
387.151697450658,0.1353281678275322
387.5968199183168,0.1350715482144294
387.7040630956938,0.13500929837206
387.7320247580863,0.134993041287221
387.7583959149132,0.134977698891283
387.7803351037969,0.1349649275428221
389.4249892855835,0.1339891478692286
391.0336607580248,0.13300252026144
392.7383525357195,0.1319270047581956
394.5453328104579,0.1307587664258488
394.9359885975107,0.1305029566874519
397.0475293808601,0.1291041656324472
398.8811105160424,0.1278727749395066
401.0196801968073,0.1264256775045157
402.2427432403625,0.1255964285527178
404.0867790046306,0.1243488878806529
405.9656269037868,0.1230870464670867
409.0356663669127,0.1210627994554993
409.2881018583119,0.1208991706762303
409.5123317778293,0.1207542479251937
409.6132896067484,0.1206891307480251
409.6663610983591,0.1206549336533186
409.6759358190823,0.1206487665842981
409.6919413627859,0.1206384591321814
409.7051658360221,0.1206299442804799
411.5561618345233,0.1194536287196565
413.3175089233139,0.1183667545149114
415.1662479980262,0.1172661958514483
415.5830138897984,0.1170244323077519
416.1037058452377,0.1167258892932258
416.5380063582556,0.1164799562764181
416.7587796046653,0.1163560398629984
416.8595861143301,0.1162997099216101
416.9479455520907,0.1162504659466383
416.9861795574291,0.1162291956054103
416.995048884064,0.1162242647126149
417.0143510325852,0.1162135379929431
417.0303139460755,0.1162046714202372
418.9866163935492,0.11514981523527
420.8870933573874,0.1141902276126515
422.8636179072616,0.1132679558795425
423.4179784367989,0.1130242014548118
423.8994892845606,0.1128180374268522
424.1617753454168,0.112707953735227
424.2703458594376,0.1126628491339048
424.3104753951171,0.1126462467834071
424.3369817805713,0.112635301091039
424.3590483194046,0.1126262012709518
426.4778991061516,0.1118068195652969
428.5510238845881,0.1111155364813918
430.7099017332555,0.110521584349271
431.1942960327328,0.1104069893179468
431.4616022690141,0.1103467810998495
431.5703124003318,0.1103229174235976
431.6188968828526,0.1103123692085144
431.6443746936887,0.1103068666200721
431.6655035990775,0.1103023183976169
433.9779597952161,0.1098894875502572
436.209883357226,0.1096585589891413
438.5274543433946,0.1096014115211788
438.752373711621,0.1096028681335312
438.8647346641181,0.1096037862133655
438.9257503783915,0.1096043377854085
438.9446373580178,0.109604516076051
438.9612956177606,0.1096046762906002
441.4943328594455,0.1096608497221973
443.9572021608529,0.1097741976491644
445.3523046955695,0.1098630492152915
446.3346076689942,0.1099359601744858
447.195647832539,0.1100067484540734
449.8684665480586,0.1102661220739609
452.5134211036372,0.1105791709388057
452.9907892727704,0.1106413827997429
453.201214003682,0.1106693458790546
453.3734791059557,0.1106924822121582
453.4618498814442,0.1107044359895615
453.5368173183684,0.1107146217841025
453.5647606810512,0.1107184290039257
453.5717594458796,0.1107193834675632
453.5836409628145,0.1107210046446854
453.5932880214733,0.1107223217024649
456.3952979727121,0.1111330926754912
459.8098552240072,0.1117057031535452
460.4027210550269,0.1118126965550579
460.6344561916556,0.111855101732536
460.7390338380766,0.1118743449420909
460.8387871772491,0.1118927619227493
460.8796561816739,0.111900324664845
460.8859752136486,0.1119014948872665
460.8898654469035,0.111902215439384
460.8935529580319,0.1119028985270514
460.8975263182091,0.1119036346578021
463.3031426689767,0.1123662930118253
467.167909457845,0.1131759405448041
471.1158918708371,0.1140779047823093
475.2498838103993,0.1150913481180343
475.3298811046127,0.1151115717644714
475.400952264578,0.1151295569536095
475.4702046491569,0.1151470982084719
475.488376166379,0.11515170361639
475.5027077271308,0.1151553366005703
475.5118439778196,0.1151576529559221
475.51708636682,0.115158982208598
475.5198940146739,0.1151596941495077
475.5216121546093,0.1151601298346815
475.5230325529788,0.115160490026118
475.5242342726842,0.1151607947692268
475.8499333852081,0.1152435651270881
476.1682261333707,0.1153247892435402
476.5685439314349,0.1154274074222783
477.061563754683,0.1155544806537818
477.6788614878006,0.1157146307247561
478.4731951271769,0.1159223550153179
479.582105527639,0.1162152771315805
481.1517977891502,0.1166353167442464
482.541281845239,0.1170119067182582
482.7373000004936,0.1170653642148936
482.8184694565517,0.1170875233310979
482.8364315462268,0.1170924287394634
482.8577554799969,0.1170982530993795
482.8750896901276,0.1171029883873361
484.429671723742,0.1175299878254448
485.8854942779699,0.11793362759647
487.472753955294,0.1183771859739449
489.1821295950453,0.1188581115536224
489.5804753248751,0.1189705731846105
489.8910371397882,0.1190583372716341
490.0138169682814,0.1190930539615986
490.0777429864528,0.1191111335713398
490.1325949690267,0.1191266490816268
490.1495372336589,0.1191314418055718
490.1559899756712,0.1191332672444596
490.1623254301976,0.1191350595305696
491.7264615431561,0.1195782538620985
494.3401942994917,0.1203205884829884
496.9056108166571,0.1210485942773897
497.163017668952,0.1211214871655082
497.2667428923336,0.1211508490115817
497.3946592258853,0.1211870493923667
497.4518715446589,0.1212032370788834
497.4636407290965,0.1212065667912766
497.4856165664818,0.1212127839016625
497.5037584785232,0.1212179161261769
500.5696455318622,0.1220811864608094
503.3540262859051,0.1228553125500463
503.9501696928434,0.1230194379109083
504.4925520281257,0.1231681930756902
504.6626478046658,0.1232147274636371
504.7415162113221,0.1232362847399524
504.775200567836,0.123245487990988
504.7812857590228,0.1232471503474974
504.7936070762647,0.1232505160663797
504.8035038375414,0.1232532192681602
506.8631449834843,0.1238112570677009
509.0035049319483,0.1243804553306991
511.3131894648411,0.1249804850672393
511.772296175748,0.1250982063915217
511.8992348548422,0.1251307018429405
512.0016010974487,0.1251568904694969
512.0599990930382,0.1251718240722051
512.0906265187506,0.1251796542747279
512.0960741269635,0.1251810468744263
512.1003210305332,0.1251821325036895
512.1042910229398,0.1251831473242394
512.1092063858263,0.1251844037731241
513.0122888902173,0.1254147036889587
514.4974029401632,0.125791291315196
516.0459636960637,0.1261815906400521
517.7232702097093,0.126602231127003
518.1843667733057,0.1267175721109602
518.7675812232314,0.1268633193964939
519.3407705040577,0.1270064345261345
519.392686805312,0.1270193918583605
519.4127069206021,0.1270243882929052
519.458003824865,0.1270356926516968
519.4947343431166,0.1270448587489434
522.1612866408836,0.1277097756811377
524.7818382751053,0.1283640426964919
525.5332340478196,0.1285521698582992
526.1920927382463,0.1287174145940561
526.4989473657938,0.1287944789359111
526.6594428566415,0.1288348145928365
526.7187976730486,0.1288497367237409
526.7310372840481,0.1288528141777971
526.7452397844672,0.1288563853187893
526.7592484989347,0.1288599078914485
529.0392943483806,0.1294356291241214
531.1603370366618,0.1299764855387233
533.4690100659951,0.1305726706578208
533.7877551936152,0.1306556935612267
533.9623311963263,0.1307012441055668
534.0394082747993,0.1307213732182672
534.0721085762681,0.1307299164581301
534.0993244310125,0.1307370283756417
536.1657079107259,0.1312813116357759
538.1890882540939,0.1318233454762642
540.3813787394452,0.1324221999647352
540.8407234098827,0.1325493420646148
541.065495692802,0.1326117780476742
541.2502451333828,0.1326632071793614
541.3368011369552,0.1326873365507715
541.3609580324526,0.1326940747688692
541.3783448530946,0.1326989256431384
541.3925738579661,0.1327028961633288
544.0400365581601,0.1334525800022177
546.4187373333209,0.1341461823554535
547.4013468822907,0.1344387221756589
548.2442781966921,0.1346926427955502
548.6545353664031,0.134817245880032
548.8960002270725,0.1348909012182319
549.0931988798199,0.1349512302794178
551.7963532392878,0.1357948110817107
554.4317131839018,0.1366489537174951
554.9922274457463,0.1368349207587745
555.3289354955108,0.1369473849956064
555.5307305716677,0.1370150600533562
555.73337224673,0.1370832266179991
555.9744820551113,0.1371646061748203
555.9911231208865,0.1371702338608413
556.0023476618697,0.1371740305859876
556.0113384129082,0.1371770721935739
558.4909874469901,0.1380321742268824
561.6049394981906,0.1391542263200799
562.233660463424,0.1393876484764437
562.7926097218777,0.1395971768503388
563.0296064593124,0.1396865955223664
563.1203877395136,0.1397209390191119
563.2285369357124,0.1397619195791369
563.285985689031,0.1397837179255689
563.3092230014221,0.1397925409127367
563.3257821032937,0.1397988302955604
563.3392445708491,0.1398039447896628
567.7252317805049,0.1415323374233034
569.1034031052559,0.1421021445417242
570.0327891658247,0.142493965775196
570.4661724053024,0.1426787997732073
570.6067834531221,0.1427390622664815
570.6905864920625,0.1427750468385389
570.7589709640559,0.1428044488080989
574.8723276621515,0.1446376859771596
575.5481967314018,0.14495146947854
576.1984875190897,0.1452568407379496
576.8360463621942,0.1455595700278045
577.386240387879,0.1458235017136977
577.6096795674106,0.1459314033257026
577.7906962713186,0.1460191237251156
577.8867756814424,0.1460657949400809
577.9263120123559,0.1460850224317336
577.9354886557148,0.146089487133174
577.9398324837034,0.146091600776918
577.9505706444893,0.1460968264894726
577.9594799314085,0.1461011629169901
580.8516866112782,0.1475446843018472
584.9014348435294,0.1497223685968742
585.1792311470779,0.1498974742357992
585.2528234410184,0.149944963304322
585.341192263747,0.1500025942966721
585.4124376764097,0.1500495388572072
590.5766581570887,0.1545328088816391
591.0353309832816,0.1550276685810852
591.2251422166312,0.1552367566210184
591.4232475965073,0.1554576384586901
591.5356003737922,0.1555841071223785
591.7384870638633,0.1558146676078513
591.969314740815,0.1560803739620543
592.2223396838236,0.1563757451268024
592.493646658687,0.1566971908696733
592.5199104997753,0.1567285665322238
592.5483770932036,0.156762624915833
592.5617508169892,0.1567786440722082
592.5682165851116,0.1567863930347694
592.5722670727082,0.1567912487792427
592.5745099682189,0.1567939380367122
592.5763744907396,0.1567961738719544
593.2202380926876,0.1575817874991998
594.2773841004305,0.158928840946446
595.6889461125978,0.1608335670769422
596.9831800855449,0.1626808162617343
598.3855436122385,0.1647845222665687
598.6500011880421,0.1651925741299358
598.9780259645818,0.1657035373574491
599.3100946844613,0.1662261574886211
599.5221783122411,0.1665627182407268
599.6358997481638,0.1667440665004659
599.750642914204,0.1669276623147683
599.7909028432871,0.166992227008003
599.8397348395307,0.1670706403963585
599.8641362874293,0.1671098654130679
599.883957435846,0.1671417480690254
599.8874868458263,0.1671474271027724
599.8926654052876,0.1671557607662384
599.8969246404123,0.1671626159297179
601.0703128397963,0.1690825765341628
604.3766621451613,0.1748003616894642
605.1048518471353,0.1761140209830817
605.7559566105518,0.1773034058528909
606.2861737911245,0.1782817553012598
606.7446867401976,0.1791345603913654
606.9608979253577,0.1795387992778697
607.0548177108068,0.1797148057347188
607.1482983000712,0.17989023233116
607.1870655781305,0.1799630540561471
607.2019778740377,0.1799910767836929
607.2144444885165,0.1800145083349692
607.2245161601755,0.1800334415897797
611.1805954140334,0.1876576346013862
615.4756456050983,0.1962306333235301
619.2157648495329,0.2037895166883109
619.8105015381992,0.2049898219906942
620.3266196647695,0.2060298737467435
620.8277629434265,0.2070379818957492
621.2005070302629,0.2077864736028666
621.370187099642,0.2081267843315544
621.6857820555747,0.2087589916678884
621.7561899204337,0.2088998945953074
621.8013327608049,0.2089902083741635
621.8218624603898,0.2090312732837014
621.8337983763647,0.2090551462173457
621.8370261610031,0.2090616018182864
621.8398468471416,0.2090672431252885
622.477311149857,0.2103398188936879
623.800422194883,0.2129640776739767
625.1707648415667,0.2156523546865884
626.6545373580633,0.2185214106475915
628.2493117127104,0.2215471879615549
628.5694445231022,0.2221464388305128
628.6468554631344,0.2222909076475005
628.6768206158008,0.2223467842502472
628.8034874845238,0.2225826960428481
628.9559513050274,0.2228660335647137
629.1082233620745,0.2231483299403996
629.1307913706625,0.2231901098625437
629.1490500116018,0.2232239007270053
629.1515635563713,0.2232285517055948
629.1538177813011,0.2232327226861326
629.1563429100978,0.2232373947374493
629.6436115473579,0.2241353154083259
630.5962689088088,0.225869082062937
631.5289238641548,0.2275367410824823
632.5143139812545,0.229264400418324
633.5836728441221,0.2310965496946369
634.7460180451141,0.2330339304613483
636.0071440051056,0.2350675824693688
636.146200369345,0.2352872470065261
636.1589043212736,0.2353072687106552
636.2232422019064,0.2354085466608764
636.251539264268,0.2354530271378429
636.2850582599534,0.2355056656822228
636.3184129831345,0.2355579919569615
636.3520517334514,0.2356107088545419
636.388138603568,0.2356672008476321
636.4242807394205,0.2357237154608455
636.4610668253306,0.2357811712129191
636.4665088830602,0.2357896654548666
636.4678095844303,0.2357916954405211
636.469677680137,0.2357946108047324
636.8812213472319,0.2364326561247676
637.3133203447915,0.2370934090467607
637.9063238598178,0.2379845554900575
638.9741256221707,0.2395419192975771
639.8540472155181,0.2407776607578359
640.7979793012453,0.2420533082909018
641.8241631009362,0.2433788979780973
642.9418293815929,0.244746885723939
643.3253307231763,0.2451974386062466
643.5620652869144,0.2454706474799979
643.7144193149863,0.2456444702351246
643.7722433719873,0.2457100290774809
643.8042147061572,0.2457461790728132
643.8309412695882,0.2457763451963061
645.1135459322896,0.2471656457394952
646.3787032156043,0.2484203995279893
647.7613147112452,0.2496540244794075
649.2560333424697,0.2508182358011785
650.872039429329,0.2518690211964615
650.9477917116214,0.2519128000954939
651.0239044936773,0.2519562843440998
651.067867333781,0.251981170738095
651.0863542159616,0.25199158534724
651.0943274011369,0.2519960678337347
651.0975574583765,0.2519978821748778
651.1024051810408,0.2520006034559902
651.1063217490795,0.2520028005305153
651.8192327883687,0.2523802200041736
652.7629037316353,0.2528098402129088
653.7742127449374,0.2531794687300085
654.8803098077466,0.2534730731232695
656.0863978563785,0.2536574055855002
657.3993658017689,0.2536942329636144
657.8882112860464,0.2536715030222815
658.1925595690375,0.2536486607775922
658.3770873086596,0.2536315704035232
658.4078841281466,0.253628480117478
658.4794476775577,0.2536210363936721
658.5370033955113,0.2536147832528402
660.0590853718404,0.2533635124546993
661.5658479911234,0.2529527794806118
663.2174893206216,0.2523192395277503
665.0140910978945,0.2514147174002996
665.3740582474061,0.2512067227020126
665.6328524905041,0.2510516956466727
665.7218031156672,0.2509973518769038
665.7738371813019,0.2509653110537369
665.8159882635724,0.2509392200766319
667.5681911368262,0.2497475510382845
669.2983177934785,0.2483673137897166
671.2064412844881,0.2466133295351301
671.6038473563964,0.246217720218689
672.0488447847611,0.2457624133938564
672.3786225041159,0.2454166202674946
672.4557436748967,0.2453347271434357
672.6271038645966,0.2451513727170287
672.7983234479342,0.2449662542122366
672.9678552294932,0.2447810772213655
673.0071124300557,0.2447379302004439
673.0292410019636,0.2447135647857369
673.0408002750011,0.2447008243811928
673.0440931257084,0.2446971934738727
673.0462598889096,0.2446948038774988
673.0483015902319,0.2446925519249186
673.5234612503144,0.2441610899192922
674.4733498960157,0.2430547895225182
675.4179190406323,0.2418970271721043
676.4528559579036,0.2405629454131796
677.585420586668,0.2390250429961328
678.8257478216203,0.2372480847637866
680.1826795619204,0.2351940331459682
680.3342711723947,0.234957469279166
680.3516103737171,0.2349303203570155
680.3591442158668,0.2349185184265267
680.3615209534681,0.234914794486996
680.3634970310022,0.2349116980473215
680.3658800691085,0.2349079635948264
680.8186418625227,0.2341920849047842
681.6734060154859,0.2328062194250086
682.6130342315691,0.2312312025631014
683.5520968858425,0.2296035514785723
684.5747532750978,0.2277705194742493
685.6915646885387,0.2256972336982614
686.9126902864823,0.2233456053777023
687.1754528677676,0.2228280906920943
687.3398486489783,0.2225022502769366
687.4367796364871,0.2223093860825248
687.5346016791032,0.2221141912054656
687.6147476359387,0.2219538500481089
687.648184675919,0.221886844375991
687.6687860008851,0.2218455281093514
687.6762944027943,0.2218304637284418
687.6802033133829,0.2218226198342372
687.6834662017428,0.2218160716097621
689.2628642633342,0.2185736675350291
691.7930518182222,0.2130799985105761
694.7098854246372,0.2062978656455637
694.9697122268904,0.2056707575267054
695.2934593496663,0.2048841667103492
695.5553510283257,0.2042436454485922
697.9528813228325,0.1982060089794914
700.1971609068104,0.1922740732648337
701.1579636363912,0.1896530114654887
701.7458961411832,0.1880252907575433
704.0483239551021,0.1814785649822154
705.9397934743478,0.1758978011538117
708.3071025815093,0.1686606476977728
708.9810862404687,0.1665496402493894
709.3297567721789,0.1654488541372872
709.5220027166885,0.1648393867684835
709.6038676302165,0.1645793100760666
709.6167902574193,0.1645382264736758
709.6498398208573,0.1644331185120617
709.677263311626,0.1643458630377373
712.8302453410295,0.1540732207157024
716.2313488695607,0.1424685546801497
716.7040704527876,0.1408135723026654
716.8661310230248,0.1402438733217988
716.9063833094505,0.1401021885482587
716.933025247098,0.1400083708454031
717.0047903015741,0.1397554958505825
717.0624925115918,0.1395520048582715
719.9412162073871,0.1292111827910139
722.8083353670535,0.1185513470918218
723.399684543383,0.1163089365203055
724.1365818696067,0.1134939537940362
724.2226126492005,0.1131638260621025
724.2507999519414,0.1130555949567321
724.2675039209038,0.1129914408537292
724.2810896334962,0.1129392542775503
726.4802355751824,0.1043907726521199
728.5635709048922,0.09611030333294823
730.8733364355851,0.08672774326163291
731.5706133265861,0.08385435972908276
