0,0.0387
0.01421799257548038,0.03871687717947748
0.2086681776983764,0.03894750380921515
0.3899142529584633,0.03916214805726388
0.5750866126558181,0.03938112106280784
0.7673891592382766,0.03960818184457453
0.9707940814137273,0.03984796981741937
1.18923007130087,0.04010503956903176
1.427025810597566,0.04038437671404376
1.68927669411678,0.04069181580616044
1.982336391451626,0.04103459475667263
2.314530090404965,0.04142215236684243
2.697279406204023,0.04186737756512356
3.146988738681993,0.04238869016691216
3.688358308033636,0.04301366519287346
4.360108628513206,0.04378520300576374
5.220372583631,0.0447668320413213
6.300699643161555,0.04598928335994653
7.448473937842214,0.04727541221583842
8.58997041690524,0.04854148254990687
8.785843696874871,0.04875741854919411
8.959388791817384,0.04894841677281214
9.108607628605789,0.04911239965549621
9.242309969100598,0.04925914003258932
9.285662314565782,0.04930668115856623
9.30299176839095,0.04932567970502186
9.315412818294028,0.04933929522658542
9.318830192525203,0.04934304095961835
9.322531119359258,0.04934709735737471
9.327831269630993,0.04935290634166621
9.457880903015207,0.04949535228062877
9.586265158998055,0.04963580634890691
9.732225589268602,0.04979528633337115
9.894710167336825,0.04997256711741746
10.07550029293163,0.05016950563297049
10.27664111697652,0.05038822247063567
10.50104849914673,0.05063175328661791
10.75279219336812,0.05090433938379128
11.03756471579396,0.05121190921966916
11.36338419589058,0.05156279481164933
11.74171480080632,0.0519688660865016
12.18927691834965,0.05244734579383772
12.73078425285054,0.05302349956687653
13.40129078193712,0.0537327008264772
14.23574204386682,0.05460877892028641
15.21259044018113,0.05562510615638983
16.25349085285529,0.05669702079372954
17.33422693468911,0.0577978060987245
18.4426454701473,0.05891383404705273
18.54313314104381,0.05901435976052544
18.59762671358725,0.05906882852064917
18.62355092473017,0.05909472970578454
18.65873537589675,0.05912987132944654
18.69257460328996,0.05916365678813192
18.86682344721815,0.05933743338612707
19.04257449828312,0.0595123763902605
19.24022401965048,0.05970871869444781
19.45990520644691,0.05992645128738176
19.70538587060156,0.06016913625544783
19.98141874811245,0.06044124478844644
20.29469760462615,0.06074906670723727
20.65463249257258,0.0611014126881646
21.07467616799948,0.06151081208123069
21.57434538153471,0.06199530417550598
22.18166778543394,0.06258048792043794
22.93154291448273,0.06329741696476035
23.83814312319238,0.0641558651855039
24.84453831808318,0.06509808058649864
25.89315268402494,0.0660677393654277
26.97255613723346,0.06705290296018229
27.38850805920007,0.06742900930529551
27.63409175095236,0.06765014225197943
27.81129840407119,0.06780927840293602
27.9239821931852,0.0679102847572431
27.94900729844178,0.06793269680915129
28.07809934179341,0.06804819562637937
28.22188326269897,0.06817661474950287
28.43711477981117,0.06836840389417906
28.66885713996422,0.06857431145093837
28.92803041177138,0.06880386106417422
29.21819564407727,0.06905994314524633
29.54586432092939,0.0693479565975277
29.91986391106783,0.06967517819472487
30.3526899306376,0.07005184679863719
30.86224222328705,0.07049249924384093
31.47427199446968,0.07101777499791107
32.22360144832959,0.07165492505062779
33.14178704135598,0.07242666018216679
34.20726763949013,0.07330971473279696
35.34721098585824,0.07423954188802731
36.53279187423515,0.07519009762044926
37.00145738308979,0.07556119185712062
37.10066895191493,0.07563940844589231
37.2207906967518,0.07573395094474838
37.26765158039008,0.07577078573421236
37.31349798523991,0.0758067973757659
37.35089037923181,0.07583614968198719
37.65449286640145,0.07607384461485975
37.95093894084507,0.07630485775186868
38.28331113013064,0.07656259721328765
38.65428549741936,0.07684868226796557
39.0749868777125,0.07717108310470749
39.55939458334724,0.07753962271504206
40.12776856694256,0.07796837339190546
40.81074912386118,0.07847831632505498
41.65873207997752,0.07910343348767257
42.76961702380439,0.07990883920493025
44.49440914685455,0.08112873762591089
46.26969024330705,0.08234513119786689
46.53923856157008,0.08252631798182158
46.58358437461848,0.08255603782357675
46.60230381529618,0.08256857575017951
46.61798472640744,0.08257907508254242
46.91869654286869,0.08277981214772584
47.20929989030649,0.08297270214097606
47.52655529160489,0.08318204686879702
47.87266344115574,0.08340895657173114
48.25510353023213,0.0836578935468614
48.68265450914996,0.0839339617941702
49.16691244333108,0.08424379264532195
49.72360754815188,0.08459621488799586
50.37481848756921,0.0850033595086431
51.15228973986667,0.08548219862741108
52.10096757453816,0.08605575526444273
53.27210024305297,0.08674745594230221
54.66126467675916,0.08754436050710408
54.9208232889993,0.08769040774732398
55.18590326253839,0.08783863219565902
55.39913741076585,0.08795718347671261
55.57711913373045,0.08805566900320921
55.70346658887857,0.08812532502094159
55.83100798959769,0.08819542193056175
55.87046982958224,0.08821706595056819
55.88512608305917,0.08822509928069242
55.89940998665773,0.08823292574262404
55.90430276575188,0.08823560597247548
55.90826677200667,0.0882377771912301
55.91204531950053,0.08823984663144953
55.9164617807287,0.08824226520197317
56.10153003194338,0.08834337774333736
56.28334246664764,0.08844226281399589
56.48893978086495,0.08855354785415501
56.71686487999634,0.08867625240489581
56.96917021190306,0.08881126450742279
57.24799036076972,0.08895946436437267
57.55622034888672,0.08912207174243622
57.89775560932843,0.08930074511612524
58.27786276119185,0.08949773455911259
58.7036756123699,0.08971607574472981
59.18491323411753,0.08995985980330243
59.73495944523584,0.09023462227869467
60.37251617812637,0.09054790655099927
61.12409505536557,0.0909100359687966
62.02736535226408,0.09133492867445837
63.13360095349348,0.09183986608287503
64.50186344318094,0.09244076896929646
64.73407068925455,0.09254014153828992
64.97997864750467,0.09264455014255221
65.05725294512968,0.09267718371686934
65.14696625542258,0.09271496482034378
65.21652714350166,0.09274418099853124
65.22414463735434,0.09274737626651884
65.22963441610872,0.09274967852615046
65.23528772651777,0.09275204892208608
65.4459625433649,0.09284006193569147
65.65317111356636,0.09292601549846334
65.8869257253281,0.0930222522167834
66.14570671303068,0.09312789030161744
66.43198900085689,0.09324364909809332
66.74845926368933,0.09337026082479125
67.09877518358691,0.0935087530965352
67.48785071185382,0.09366052006711018
67.92230418689169,0.09382743511724917
68.41106804161961,0.09401198967486338
68.96626482535832,0.09421747459992287
69.60446579828499,0.09444820605947543
70.34838551933488,0.09470974445268041
71.22856452443203,0.0950088408961904
72.28239695792008,0.09535213047718483
73.54211522842155,0.09574118996529282
74.08237261891156,0.09590090690185418
74.46288982142993,0.09601081815347434
74.50483430112438,0.09602280292782778
74.76472837181451,0.09609648280088404
74.98281306272095,0.09615753900575055
75.45418806859693,0.09628710116752212
75.94674085626146,0.09641896172928291
76.50559955603454,0.09656420281734646
77.13944235452719,0.09672329367947874
77.8685730423538,0.09689886731031611
78.72031497949577,0.09709385760772636
79.73471876674684,0.09731181697293328
80.97214234148338,0.09755658826520008
82.53081815863011,0.09783169446008451
83.34833226814389,0.09796109882109308
83.58277911779453,0.09799631170808795
83.71209885011388,0.09801537232801485
83.82342305767442,0.0980315738968401
83.85040451021916,0.0980354718429345
83.86002228857977,0.09803685858319269
83.8821873602388,0.09804004901754174
83.90055608822794,0.09804268725876755
84.3088573791032,0.09809998430826411
84.71008506496968,0.09815377605338627
85.15835410744918,0.09821092296143082
85.65371062554334,0.09827044222507739
86.20493958528384,0.09833218368961399
86.82270543162738,0.0983957414865911
87.52163934666672,0.0984604470772415
88.32192971727756,0.09852511477884757
89.25222885410149,0.09858759937148082
90.35494138528765,0.09864392014640502
91.69800060365682,0.09868638475501287
92.55122317572199,0.09869838037293902
93.17685954793535,0.09869967307996862
93.62964153827704,0.09869586755195424
94.20107792547759,0.0986850138623193
95.06250271330087,0.09865603511533283
96.01152694720973,0.09860679917272272
97.12538153970669,0.09852627723612954
98.43578293665659,0.09840077713092568
99.97920183932568,0.09821137728938434
101.7414569265018,0.09794178775345193
102.1341599840157,0.09787415744917556
102.337526044756,0.09783806978654619
102.4196667709963,0.09782328881422905
102.4859369146986,0.09781127796335735
102.5085350072586,0.0978071647816894
102.5351775642538,0.09780230403502091
103.0130870918874,0.09771302280868181
103.4838333219128,0.09762123599858123
104.0068383438293,0.09751483342367478
104.5820047720062,0.09739250090896942
105.2182394950768,0.09725077316204717
105.9262701337764,0.09708525352352101
106.7206269910381,0.09688993203459219
107.6211025683752,0.09665644070056409
108.6554135821773,0.09637274794938409
109.8640533270013,0.09602077155668561
111.3108221912235,0.09557131690504005
111.7976613133894,0.09541336470520773
112.2440594158967,0.0952656249978748
112.6566294315594,0.09512663642534941
113.4101453300145,0.09486681474336649
114.2074535284133,0.09458363663597709
115.1112882441583,0.09425259031893991
116.1387062083467,0.09386366569629662
117.3247620364342,0.09339850584711962
118.7189026685271,0.09283036431061863
120.3991358885307,0.09211630141056554
120.8414304441631,0.0919232089395542
121.0791328251577,0.09181857609190738
121.735127307707,0.09152674986410314
122.2993943349589,0.09127218854396631
123.1787597984186,0.09086911096357624
124.1207020674546,0.09042900251460648
125.1886046111292,0.08991998087820098
126.4069812497863,0.08932673414964594
127.8200716452492,0.08862284042682919
129.4898829145191,0.08777051012177028
129.9280740412367,0.08754335411012404
130.1323979691085,0.08743695668588339
130.3306605477652,0.08733342974240577
130.4201071862483,0.0872866319356834
130.4479416813508,0.08727205761005638
130.4767656687544,0.08725695942746051
130.4998347108467,0.08724487151009522
131.1866728613389,0.08688328331862992
131.8539977983762,0.08652890756335919
132.5741039942931,0.08614324736731074
133.3503818408352,0.08572387408419072
134.1949723448829,0.08526351607262668
135.121767705979,0.08475371674272217
136.1482986742181,0.08418374264386271
137.2971782074833,0.08353969138754973
138.598535973984,0.08280300850599477
139.167087108487,0.08247897169352282
139.6226554388226,0.08221843497113646
139.7584811336629,0.08214060915547686
139.8872357286316,0.0820667737362528
139.9915844859974,0.08200689089142639
140.9636631405173,0.08144726323418022
141.9160931698528,0.08089606109577874
142.9847329979292,0.08027460306143265
144.1765087164169,0.07957832734035308
145.5247760041019,0.07878730781902282
147.0727480998238,0.07787591382037246
148.8875126546185,0.07680484941617184
149.0383968417484,0.07671573677770135
149.0912612228013,0.07668451402723162
149.1465439798734,0.07665186253558391
150.0962457014222,0.07609094146338352
151.0242295956202,0.07554305281043885
152.0637034120017,0.07492994912729165
153.2175293267049,0.07425064028629688
154.5116301854975,0.07349098268768482
155.9763277634681,0.07263501272782083
157.6498739550095,0.07166340840955525
158.2184232207111,0.07133517731850372
158.3826699081046,0.0712405480187428
158.5111092851722,0.07116661091643647
158.6147168693655,0.07110700874554024
159.6774838955616,0.07049781054444081
160.7174741477419,0.06990580905538028
161.8819400051068,0.06924832995473051
163.1785493946321,0.068523616437007
164.6441392012153,0.06771479449447461
166.3294144575885,0.06679975527205945
167.0877067225867,0.06639372114450803
167.4360324623511,0.06620845712615608
167.6337114569772,0.06610367630477035
168.4477693172457,0.06567498694333612
169.1649048609394,0.06530119655159877
170.3849864752912,0.06467396497741784
171.6774879773546,0.06402211558310668
173.1398620767838,0.06330122960274122
174.8084783887054,0.06250167618068858
176.7637727524037,0.06159817705039956
176.976417140879,0.06150220238890799
177.0337245075766,0.06147641611423517
177.0864862965418,0.0614527048707242
177.1289047967228,0.06143366259394594
178.1126111864506,0.06099729866279852
179.0705054158236,0.0605822602821927
180.1158477023257,0.06014083779534731
181.2527205962375,0.05967487640326485
182.5012308131409,0.05918073116963028
183.885797773841,0.05865509590186902
185.440318653976,0.05809414324094379
185.8657822950109,0.05794617333690113
186.046885048389,0.05788391111293914
186.1985928125009,0.05783182236975254
186.2686487803662,0.05780775366738209
186.3159309211793,0.05779150388544129
186.3466758406809,0.0577809352605126
186.3539185976042,0.0577784452850342
186.3684388774412,0.05777345307910026
186.3804365054285,0.05776932787940233
187.2716003419038,0.05746215707515349
188.1348887444346,0.05716321551427555
189.0462625677742,0.05684622614427991
190.0091046069231,0.05650986400731752
191.0336645863638,0.05615038482972672
192.1311675141186,0.05576365915789029
193.3148660653777,0.05534480079526449
194.6007112939457,0.05488792687899653
195.0289051521663,0.05473539037767158
195.419792539102,0.0545959832623516
195.5409422296595,0.05455274606695366
195.6276143039691,0.05452180507632521
195.6533882851646,0.05451260268315847
195.6715407842978,0.05450612110628189
195.7049810572566,0.05449418003442504
195.7329052838897,0.05448420787229876
196.8106730076518,0.05409879093152566
197.8595526411714,0.05372279740295607
198.9899100462554,0.05331673584693526
200.2053654768326,0.05287927859806154
201.5225910403328,0.05240444207263716
202.9607202243595,0.05188540695695068
204.5439909348282,0.05131361179335146
204.8146412689852,0.05121585648061315
204.9780195203629,0.05115684746126602
205.0658146853789,0.05112513809571571
205.1363605013477,0.0510996590829409
206.417428928695,0.05063707092032505
207.6692511073699,0.05018536267371096
209.0555850759011,0.04968573768051775
210.5791457536646,0.04913773420746818
212.2681550868143,0.04853197869327244
214.1556385294784,0.04785783398742
215.3143090744817,0.04744575072841553
216.7728430357335,0.04692922062009092
219.1477331774844,0.04609421628294425
221.7761726464477,0.04518029619953435
222.7120606557421,0.04485782783127711
223.0116555399687,0.04475495165635848
223.3766055927532,0.0446298709176847
223.5374013310118,0.04457484474463529
223.6262701293091,0.04454445508610115
223.691332743549,0.04452221632465814
223.7438452763143,0.04450427350666727
225.0145872009585,0.04407182322921004
226.2522245625611,0.04365400041210832
227.6023933915295,0.04320220794316551
229.0695331952033,0.04271632624511145
230.678398162801,0.04218994232049345
232.4586978967827,0.04161582882399538
232.7069255436693,0.04153650994685644
232.9136449384549,0.04147059468069226
232.9353467882345,0.04146368217574112
232.9919125250481,0.04144567142570495
233.0387622501677,0.04143076158094846
234.2996789979331,0.04103199755271497
235.5309542554397,0.04064743527788885
236.8853119501526,0.04023017733793819
238.3641166498258,0.03978175404827632
239.9904244407273,0.0392976473574387
241.7907945558931,0.03877330933839326
242.0890146906279,0.0386876719930683
242.2254155502216,0.03864862043287784
242.2638285262505,0.03863763616693061
242.3105207703404,0.03862429235385126
242.3480607510975,0.03861357040861864
243.589876824138,0.03826209961685093
244.7991252049015,0.03792596361953722
246.1076859947779,0.03756923953468667
247.5194225061871,0.03719283471349574
249.0547379131095,0.03679377034473656
250.7375546038442,0.03636912405150226
251.2288676475902,0.03624773086908972
251.4917158416718,0.03618327498598919
251.5745432380726,0.036163034939087
251.6368619562937,0.03614782896270155
251.6878953776723,0.03613539103619827
253.0437100450989,0.03580974762238072
254.364258943124,0.03550163316768887
255.8014561725021,0.03517674769896417
257.3597801759829,0.03483713825651941
259.0643613831448,0.03448119596428286
259.8828691132308,0.03431619819160157
260.7873999890944,0.03413842055864348
262.0090141366401,0.03390605858861642
263.5983989371913,0.03361734187877723
266.4778086483089,0.03313474200024408
269.5067600195821,0.03268570396598879
269.8652272957532,0.03263667346377987
270.0407664170904,0.03261298684131634
270.172329710652,0.03259537398204365
270.2105126709146,0.03259028475879923
270.2816503510329,0.03258083015242071
270.3396286821064,0.03257315050460056
271.8006497382574,0.03238739948220726
273.2235066498848,0.03222108261453845
274.7769417555348,0.03205629415534887
276.4660315647648,0.0318974564229111
278.319962174378,0.03174810194219668
278.8503076885867,0.03171027716542517
279.4535318291799,0.03166921653768345
279.507923826061,0.03166553634365588
279.5361975550689,0.0316636243118907
279.5552949656818,0.03166233321661763
279.5712581923913,0.03166125424607115
280.6698623848383,0.03158751273976727
281.7417487855538,0.03151653582506059
282.9056581429745,0.03144054173418118
284.16019290293,0.03135987314007792
285.5177890492765,0.03127401444433896
286.9926723751774,0.03118241112315593
288.6029430603551,0.03108436302465605
288.7762819478419,0.03107392961692352
288.8361740035728,0.03107033010551554
288.8511713843263,0.03106942920028287
288.878640690843,0.03106777954982536
288.900805101076,0.03106644890917924
289.9916156070635,0.0310014326888468
291.0586701870898,0.03093871914683649
292.2187601960029,0.03087152276499316
293.4711472089685,0.03080012002953541
294.8290819394994,0.03072402142916252
296.3078064300688,0.0306426980755314
297.926750488346,0.03055548372762039
298.0583543006613,0.03054847685028719
298.1533678791273,0.03054342580755327
298.3383746562287,0.03053360908902194
298.4916131498421,0.03052549650072511
300.0777315397492,0.03044250236764496
301.6333710137775,0.03036281427332304
303.3662200615619,0.03027601161855075
305.2820952730426,0.03018240680954253
307.4217393129449,0.03008074816513266
307.4583676301352,0.0300790339523304
307.4816581120114,0.03007794440582487
307.48964122892,0.03007757103052258
307.4997463663707,0.03007709846630094
307.5079546839189,0.03007671465514302
308.6422506180812,0.03002409492867536
309.756156533861,0.02997322346549827
310.9123508130937,0.0299212513314664
312.114778294739,0.02986808709176511
313.3723079318119,0.0298134401717581
314.6945749796855,0.02975701666831292
316.0924575935263,0.02969850455640324
316.4014674824841,0.0296857261347593
316.7166236208616,0.02967275127313811
316.7826998122313,0.02967003831280962
316.8058646319294,0.02966908781423737
316.8204794579391,0.02966848830015328
316.8325231104387,0.02966799435180907
318.1445324735415,0.02961468926771167
319.4377441888238,0.02956311629373156
320.7874625124816,0.02951029886544023
322.198693814796,0.02945615814424089
323.6823505558123,0.02940041254375822
325.2503195567681,0.02934278188979351
325.7848726019793,0.0293234310677755
325.9525505824174,0.0293173918953018
326.0701916445472,0.02931316361674295
326.1025033240759,0.02931200352371883
326.1244376970757,0.02931121631845271
326.1832954563835,0.02930910520033061
326.2309520113432,0.0293073971659525
327.8583373727237,0.02924977288162256
329.4464379422925,0.02919483544163374
331.1432573768686,0.02913751981622893
332.9529401444594,0.02907792867036054
334.8959790314386,0.02901566619921519
335.3546738747067,0.02900122234000078
335.4127194959136,0.02899940138296236
335.4374556478808,0.02899862584772426
335.4522963404,0.02899816069147015
335.4647544723199,0.0289977702898494
336.6999477350503,0.02895941106749637
337.8931519657996,0.02892300222566109
339.1784224369096,0.02888448107439379
340.5549455610862,0.02884401028000693
342.0322375083439,0.0288014602285521
343.6211719628422,0.02875669044118473
344.0395595086246,0.02874507024540041
344.4063514226727,0.02873493997156747
344.5497514573898,0.02873099384586574
344.665988892752,0.02872780109896958
344.7384301647273,0.02872581399277566
344.7590226486132,0.02872524950295004
344.7719529817542,0.02872489513578325
344.782608936328,0.0287246031489825
345.9273857969827,0.02869349098238953
347.0335346707525,0.02866390435593275
348.2293910277255,0.02863243329320289
349.5109777528355,0.02859928691766769
350.8876349604291,0.02856433482452957
352.369684559221,0.0285274427970941
353.9701119549425,0.02848843546783636
354.0471014864365,0.02848658028981259
354.074076220553,0.02848593075007388
354.079988350819,0.02848578842022619
354.0928221739818,0.02848547949526086
354.1033812024678,0.02848522536742084
355.4609738445038,0.02845285093241653
356.7800081155902,0.02842195379315999
358.1629658750274,0.02839013213397716
359.6133774029442,0.02835736861714269
361.1429858801009,0.02832346998697998
362.7645226747453,0.02828823986174833
363.0572648731101,0.02828195480652705
363.2108102824089,0.0282786672778374
363.3902762147931,0.02827483260110005
363.3956954574817,0.0282747169381822
363.4063417668647,0.02827448973626499
363.4149929230024,0.02827430513449802
364.8680191079776,0.028243573189969
366.3097411153921,0.02821360335745411
367.8021961323213,0.02818310549808152
369.3577617434203,0.02815186352436993
370.9851982910766,0.02811974609749431
372.6950448609588,0.02808654776928162
372.7154716713291,0.02808615243439948
372.7279941190616,0.02808591007904081
372.7382112441247,0.02808571234052136
374.467337085913,0.02805225629304064
376.1747548133894,0.02801925256837139
377.946784793505,0.0279850578127946
379.7865908694973,0.02794964395322948
381.7048675913045,0.02791284567544487
381.8233930978141,0.02791057692100294
381.9423616254236,0.02790830030759979
381.9973732288889,0.02790724780340496
382.0264365925639,0.02790669180602329
382.0330789318825,0.02790656473990779
382.0411400200341,0.02790641053618047
382.0476667509658,0.02790628568591548
383.3389844449051,0.02788162327396371
384.6915006434796,0.0278558829519517
386.1336528727578,0.02782855146366873
387.670497386086,0.02779957050563047
389.309948497746,0.02776883765859511
391.0613412002113,0.02773623691503034
391.3387641527565,0.02773109630303592
391.3497908122351,0.02773089211745431
391.3530942262103,0.02773083094871089
391.3561659011966,0.02773077407188619
391.9478790852525,0.0277198329839594
392.9309542665108,0.02770172496701316
393.9295955571457,0.02768342294550299
394.9923513590397,0.02766405351722926
396.1224979623698,0.02764358348651278
397.3259488845175,0.02762193746902101
398.6088011734042,0.02759904424543616
399.9808787238256,0.02757477589966895
400.2800354460937,0.02756951553069887
400.4226540009159,0.02756701170734469
400.5655557173458,0.0275645055079414
400.6374610397364,0.02756324542442452
400.6628321956269,0.02756280097319835
400.668603667912,0.02756269988022836
400.6815159727379,0.0275624737240857
400.6921459561644,0.02756228755835579
401.7978529028153,0.02754300328064645
402.8888538392515,0.027524135270198
404.065586889894,0.02750396921749914
405.3260714769479,0.02748258852189497
406.6787711032675,0.02745990751239672
408.1331914270596,0.02743583807830745
409.7012433029368,0.02741027176326603
409.8654076817042,0.02740761883763726
409.9552781857718,0.02740616844753989
409.9737231186762,0.0274058709405046
409.9857114212002,0.02740567760651239
410.0158548988748,0.02740519159404733
410.0400837687592,0.02740480105667069
411.3119040244905,0.02738444284584509
412.5573335824802,0.02736478281236116
413.9063793346331,0.02734380505550971
415.3580806984471,0.02732161259759726
416.9263025885878,0.02729809879030278
418.62688980263,0.02727315972822068
418.9972989817403,0.0272678069698167
419.1874720551475,0.02726506998909975
419.2822562399361,0.02726370870039189
419.3049303110088,0.02726338333745555
419.3257962609488,0.02726308401643393
419.3429562906553,0.02726283792575995
420.7342476759794,0.02724309513653612
422.093681653266,0.02722421213849239
423.5369126262979,0.02720461885818444
425.067835076701,0.02718436049770614
426.7014063109691,0.02716335810382762
428.4542918454459,0.02714154888907313
428.5692592751984,0.02714014534348406
428.6151089934748,0.0271395865338998
428.6451782168336,0.0271392203438465
428.6700796156682,0.02713891726228342
430.1897969582457,0.02712072068301471
431.6689262881484,0.02710358756148499
433.2445912385128,0.02708597930449868
434.9203170754793,0.02706799999088836
436.7132167157253,0.02704963967631512
437.2189121757176,0.02704462828295655
437.821972960979,0.02703874964469605
437.9044797955495,0.02703795367759484
437.936254374036,0.0270376476745264
437.9564970209275,0.02703745288435505
437.9733392722284,0.02703729090756814
439.3659070376208,0.02702418996090619
440.7324516787302,0.02701190216431002
442.2105238219496,0.02699925857933509
443.7994074262028,0.02698643314573568
445.5138796898757,0.02697350447065054
446.1473531911523,0.02696897099306701
446.9716593160031,0.02696327137381625
447.2289102213951,0.02696153918852562
447.437722682551,0.02696014954102477
447.6094036945787,0.02695901802922802
449.5409188863875,0.0269469805192434
451.4362008034535,0.02693642715559336
453.5259733007235,0.02692627241948281
455.8153483680059,0.02691697830896141
456.4186590070714,0.02691485420382561
457.8324133085967,0.02691041716526874
459.0508732948869,0.02690720862463927
461.5658961626256,0.02690242412337298
464.183370190103,0.02690013838340975
464.8212132846989,0.02690000664811783
465.1865391459957,0.02690006901878574
465.4483317384961,0.02690039813402761
465.6577569950817,0.02690085601838579
465.7530829906369,0.02690112155347242
465.8473826072113,0.02690141931176149
465.8831064690513,0.02690154121468774
465.8930355619206,0.0269015759839942
465.9077698344607,0.02690162829123321
465.9198879888618,0.02690167194799594
467.3685970331184,0.02691100039432732
468.798542142169,0.02692807700108829
470.2978024596183,0.0269541765788442
471.8716675422286,0.02699037389941596
473.5378712270644,0.02703824988875936
473.9928243386711,0.02705299319982113
474.571474202843,0.02707276381005906
475.113777328316,0.02709231804900837
475.2010054263857,0.02709555524301204
475.2514478781879,0.02709743883283944
475.292014514616,0.02709895979491326
477.0269844885452,0.02716908070545317
478.7205586409085,0.02724687882704298
480.5311575868028,0.02733992364793296
482.4621074368744,0.02744998461051447
482.8309900947471,0.0274722459049874
483.2968033090659,0.02750091184161609
483.7673602593368,0.02753049276269523
484.0557891520799,0.02754893121798447
484.2204024108298,0.02755955827329781
484.3861180004954,0.02757033232257425
484.4585810745436,0.02757506736735077
484.4954161700463,0.0275774798774763
484.5255004822205,0.02757945301757928
484.5305882615732,0.02757978695605095
484.5395975547385,0.0275803784593808
484.5469308686972,0.0275808600914592
486.2072301897742,0.02769366365858065
487.9067148441318,0.02781668274729299
489.6650010256972,0.02795167683237878
491.4878205678412,0.02809955404672042
493.3840608081309,0.02826155111270596
493.5595788625002,0.02827695193082515
493.7082248662803,0.02829004757516735
493.792910569408,0.02829752987853859
493.8384621135109,0.02830156097773009
493.8463105458165,0.0283022559822568
493.8595547696766,0.02830342910489826
493.870348171287,0.0283043854244123
496.3483975503423,0.02853047303337117
498.4985586199382,0.02873669622597877
500.7383014366108,0.02896073892554036
503.0446971736181,0.02920055863344516
503.1611084572876,0.02921289446788553
503.251947560557,0.02922253542802358
503.3273591509326,0.02923054895042578
505.8744594855975,0.02950630980315594
508.3476673779218,0.02978288505455692
510.9266456532361,0.03007950754819375
511.5008230174018,0.03014658288584046
512.0628671349644,0.0302125815659461
512.2196930272669,0.03023105566467158
512.3459331364495,0.03024594502828338
512.4287715160284,0.03025572417389847
512.4674292075467,0.03026029012090808
512.4825440485649,0.03026207577806138
512.4931096656811,0.03026332412939941
512.5016536411842,0.03026433370129319
514.2651702187284,0.03047422639903968
516.0683223661337,0.03069170949497825
517.9979388989747,0.03092725143239673
520.0560473262678,0.03118118012888445
520.5598401176948,0.03124370251697933
521.0976116155372,0.03131058194010058
521.519050360536,0.03136308875655472
521.6852899886733,0.03138382227325306
521.7619803042221,0.0313933911715109
521.7927421300931,0.03139723012964593
521.8007572035215,0.03139823044612577
521.814377246342,0.03139993034988885
521.8256279881448,0.03140133460275368
524.0350433905377,0.03167802443543558
526.4879897001972,0.03198680804931688
529.0235759750523,0.03230681204287505
529.6909160049448,0.03239104608457618
530.3926085858028,0.03247958271872996
531.0090260262075,0.03255731456008816
531.0892567697889,0.03256742794723823
531.1175878779692,0.03257099895122194
531.1436141059513,0.03257427932398179
531.1650898601766,0.03257698606886616
533.9929139780422,0.03293251282487653
536.6530265600602,0.03326451461723392
539.4138131600247,0.03360529547149634
539.931145403698,0.03366861916267085
540.1422072327227,0.03369440006390517
540.4144015284132,0.03372760065746757
540.4356521206959,0.03373019038759876
540.4391401761668,0.03373061543194833
540.4428895845085,0.03373107231395863
540.447449407234,0.03373162793452186
542.1326600621144,0.03393586858239097
547.0440793034388,0.03451631951635945
553.0380626896092,0.03518630023035127
554.4636540768454,0.03533807335308822
555.4957503866286,0.035445914436084
556.4931783989664,0.03554843288894603
557.4616864120355,0.03564632024444007
557.8067282217525,0.03568078799417417
558.1477922562013,0.03571468085992763
558.4255458748736,0.03574235693794778
558.9129190375747,0.03579118757338898
558.9795543000827,0.03579789012121814
559.0389277795445,0.03580386752745608
559.0635248336175,0.03580634528601468
559.0737428744976,0.03580737484055965
559.0818477644443,0.03580819158184971
559.0883418196848,0.03580884606384496
560.3226548473016,0.03593430766759549
562.6930402290479,0.03618096574685451
565.1427698091964,0.03644326781235894
567.7841890575938,0.03673378156800818
568.0223705346222,0.03676034327307302
568.2343582710649,0.03678403261108721
568.285092269036,0.03678970882296471
568.3355450968462,0.03679535615360082
568.3514111534768,0.0367971326172782
568.3746759629769,0.03679973795005311
568.3846937302159,0.03680085996731552
568.3897038200557,0.03680142114888582
568.3919388604122,0.03680167150452019
568.3950858198054,0.03680202401629031
568.4006319928613,0.03680264530409484
568.8628344307531,0.0368545295349834
569.3801171243554,0.03691284591751571
570.0325182552129,0.036986761245734
570.8705018312417,0.03708228380225696
572.0604308779712,0.03721900111909425
573.5324241425627,0.03738977442513417
574.9084280900839,0.03755094525174908
576.3722703892363,0.03772390167393099
576.7799634632698,0.03777232841333669
577.2172125814509,0.03782438407263261
577.6863806020077,0.03788037175071281
577.7035172846922,0.03788241926971066
577.7100989041633,0.03788320569926575
577.7262472866208,0.03788513535952656
577.7396561746907,0.03788673778105326
579.293761711501,0.0380731620896365
580.7381154992248,0.03824757420560684
582.2974371421737,0.03843696171961079
583.9609024921114,0.03864006728771972
585.7373440910779,0.03885796455762013
586.6543824508406,0.03897077319911999
586.9247690112179,0.03900406994250694
589.0628432102351,0.03926780652277181
590.8307646504192,0.03948626972283632
593.1826076292826,0.03977699068387914
595.6694685763712,0.04008395285039972
596.1222563887303,0.0401397414007707
596.2415503706683,0.04015443308694611
596.3092366299193,0.04016276771222366
596.4858577744571,0.04018451162638798
596.6328077769374,0.04020259758172022
600.5679697762237,0.04068469116673987
604.362479873951,0.04114381084679591
604.4827257625988,0.04115824115738835
605.482887613815,0.04127794424916542
605.5886768464221,0.04129057073360774
605.6415730145577,0.04129688159645307
605.6603802739622,0.04129912501317977
605.6643468828778,0.04129959814083736
605.6680194184435,0.04130003618349812
605.6723464423551,0.04130055227978231
606.8531610171264,0.04144094876915416
609.0208316361479,0.04169620867594147
611.1733747098334,0.04194614980248438
613.3841279527722,0.04219872435256232
613.927865216429,0.04226015154886775
614.3857162366236,0.04231165288590531
614.5888994771871,0.04233444142193216
614.7913235118093,0.04235710363282973
614.8975342486435,0.0423689778052334
614.9511707840428,0.04237496992110203
614.9773484435284,0.04237789334834646
614.9931927310249,0.04237966244215257
615.0061453244568,0.04238110847355573
617.2371398034137,0.04262754095216048
619.3968229235628,0.04286080029886681
621.7299316962376,0.04310642565448245
624.231768918615,0.04336185641073049
624.2740416820905,0.04336609779124816
624.294588958319,0.04336815845563042
624.3102441301926,0.04336972809235672
624.3233519051996,0.04337104205035928
625.9458985792036,0.04353176716236989
627.4760845075557,0.04367973657670867
629.1295033107285,0.04383550408015283
630.8959906702942,0.04399698027161975
632.7854110120289,0.04416377590327093
633.3290357072316,0.04421059298881534
633.570079116511,0.04423118024341343
633.600046341029,0.04423373230112496
633.6794321586028,0.04424048498390658
633.7434978960661,0.04424592609612552
635.7293216834212,0.04441078991993507
637.6783696417,0.04456523341598984
639.7831012271656,0.04472344403649205
642.0428300225943,0.04488294911986626
642.5369421000813,0.04491634973279913
642.7581475581452,0.04493112747465029
642.8660523129014,0.04493829658778765
642.926038690846,0.04494227080338666
642.9349473867254,0.04494286033651017
642.957018714888,0.04494432014293089
642.9753472570516,0.04494553157221638
645.1366421161922,0.04508304146564188
647.219263330286,0.04520525138266998
649.4208498560753,0.04532301609924484
651.7444833348959,0.04543448278083074
651.9235428094039,0.04544268614143389
652.0764695028637,0.04544966477165962
652.1534073238494,0.0454531661907607
652.2200493957165,0.04545619389864413
652.2448639570111,0.0454573200621906
652.2505143521519,0.04545757640250787
652.2609699893903,0.04545805065074914
652.269469830243,0.04545843610112751
654.1099951684816,0.04554009684248266
656.4274967756938,0.04563797539489141
658.7355194601273,0.04573025290857503
661.0778894149528,0.04581890231836099
661.2511520564723,0.04582526795222164
661.3971915593182,0.04583061340685766
661.4754617411953,0.04583347081004073
661.5377676096995,0.04583574167153447
661.5603875490323,0.0458365652826239
661.5666776722846,0.0458367942339875
661.5724211503948,0.04583700325887781
661.5777408567926,0.04583719683624416
663.5084529599552,0.0459058933260667
667.4324549233125,0.0460364680591861
669.253033139407,0.04609325465876211
670.5366526918402,0.04613195948745629
670.8266695989852,0.04614055785917138
671.4798172851367,0.04615973007354405
672.0125164645625,0.04617517335568903
677.3820385065339,0.04632197459939959
678.0342202891444,0.04633881006269105
678.2965184551251,0.04634552633174074
678.6031347040986,0.04635333845361751
678.9227640042831,0.04636143816856417
679.3051530192372,0.04637107040884578
679.6961001060881,0.04638085438054452
680.0931031545759,0.04639072532507425
680.134630211229,0.04639175414008598
680.1764583671803,0.04639278971320743
680.1968116899608,0.04639329336259456
680.2058531931069,0.0463935170441534
680.2086423521836,0.04639358603972431
680.2116560880805,0.0463936605871605
681.027334116567,0.04641370555152493
682.9899908482415,0.04646092378942022
684.5939934445977,0.04649855111874399
686.3344039398547,0.04653852347641684
688.2083261251802,0.04658070955572215
688.5844256709125,0.04658908341812316
688.8604767187807,0.04659521175114834
689.071078890324,0.04659987725676881
689.1268360143683,0.04660111105705687
689.1724205473457,0.04660211932836826
689.2147793686592,0.04660305590756212
689.2580880678115,0.04660401314895444
689.302304187019,0.04660499009401395
689.3399053159019,0.04660582060345556
689.3839194535846,0.0466067924354282
689.4168813058226,0.04660752000540138
689.4381713820586,0.046607989840052
689.495094280083,0.04660924563300841
689.5074584169258,0.04660951832609547
689.5180791393907,0.04660975254636606
689.5246565428517,0.0466098975887998
689.5262716798652,0.04660993320403125
689.528301738922,0.0466099779680182
689.8943546363785,0.04661803800032107
690.5027850073053,0.04663138595746846
691.2666251107112,0.04664806417353052
692.3543686805669,0.0466716825126342
693.7186646670068,0.04670112932382411
694.9924262215942,0.04672849523943159
696.3527660023747,0.04675764359993677
697.807069501443,0.04678878394122739
698.2307419052033,0.04679786204356467
698.7431769885712,0.04680885042526755
698.8120252140176,0.04681032762747737
698.8409126140776,0.04681094750075612
698.8615805090925,0.04681139102273347
698.8785700523647,0.04681175562500996
700.3626795364597,0.04684367370806205
701.8149551873263,0.04687508892733908
703.380895597871,0.04690924991645711
705.0555602839531,0.04694621465566393
706.847614419976,0.04698639066951751
707.2039044508157,0.04699446649671832
707.5257177255105,0.04700178816264031
707.5846002619733,0.04700313068723445
707.7015411583241,0.04700579961980094
707.8331258480582,0.04700880706090148
707.9651627980503,0.04701182946285215
708.1423356800483,0.04701589242736181
708.1567650526538,0.04701622370044919
708.1602478881449,0.04701630366877201
708.1652532695913,0.04701641860161999
708.1693151569149,0.04701651187513198
710.6118995233933,0.04707347790544233
713.6203191468942,0.04714640578428957
717.0303789020878,0.04723354056304006
720.9841667003699,0.04734172977639881
724.9183519474607,0.04745842465771492
730.0324716342188,0.04762602013613364
736.9782125407829,0.04788781062497649
740.5803827332099,0.04804147126134076
744.4924572015003,0.04822446090275914
747.3601643113637,0.04839383549679218
749.9238672789681,0.04858231617607516
753.5241203584387,0.04890155528229721
754.4213340533811,0.04899039018128815
758.1728779712336,0.04939869701377812
762.6624865185042,0.04995791676896229
766.4471057491821,0.05048058361930716
769.7175343415146,0.05096400985139912
773.9975551092715,0.05163292100568676
777.5445550330444,0.05221147488478169
782.3872908892657,0.05302520813772689
787.4809688867641,0.05389542768648453
791.6478608022677,0.05460597568487914
796.4447066985163,0.05540884521065199
799.5592294520073,0.05591478240046096
802.2604612019634,0.0563400391696821
804.5736798642034,0.05669208744188786
805.0008465209252,0.05675573094910813
805.604553103847,0.0568449035497745
806.2130341440708,0.05693383733026097
806.8263872104297,0.05702249320592257
807.4454508040706,0.05711093501529289
808.0679935110827,0.05719878845947825
808.6990317972666,0.05728669661827222
809.0978015346975,0.05734163885073126
809.9449906931567,0.05745675336439167
810.0192553801999,0.05746673786236419
810.0933474468735,0.05747668180679396
810.1677510151962,0.05748665006777261
810.2419377843046,0.05749657177722932
810.3031733310413,0.05750474818697311
810.3644851244702,0.05751292277675287
810.4329901384881,0.05752204218321136
810.5049486071374,0.05753160508133935
810.5564594032418,0.05753844035049113
810.6190235115965,0.05754673082527767
810.6298505836422,0.05754816425354763
810.640206435453,0.05754953494035751
810.6549037848233,0.05755147966549304
810.6568496505132,0.05755173708623021
810.6576214996669,0.0575518391916131
810.6585420003427,0.05755196095909089
810.6605771872883,0.05755223017193423
810.6622585853338,0.05755245257574312
810.7193288549848,0.05755999599896351
810.7812748445922,0.05756817190062212
810.856924931163,0.05757813956383403
810.9481592750855,0.05759013571721783
811.0584131299563,0.05760459623492305
811.1917501278482,0.05762203070812062
811.3531996840303,0.05764306213496312
811.549016665119,0.05766845372243957
811.7870893737652,0.05769915083196085
812.0775786207657,0.05773634572420624
812.4340324180357,0.05778159055828903
812.8756219587935,0.05783702744133534
813.4326582129762,0.05790597084786569
814.1660672058759,0.05799502813704526
815.3630865146184,0.05813606341750328
816.4549315866924,0.05825986702608718
817.5890277176038,0.05838337796841784
818.8014418138741,0.05850946911303632
819.0580007783151,0.05853534106694111
819.3349496721474,0.05856294574062328
819.5520298956745,0.05858434647268995
819.6849080970547,0.0585973429576184
819.8822589468826,0.0586164998629856
819.9265756170889,0.05862077769607672
819.9506886365311,0.0586231015885034
819.9634751191663,0.05862433282491265
819.9735755290055,0.0586253048938517
819.9765062645387,0.05862558686349349
819.9789477358436,0.05862582173090725
819.983953180533,0.05862630316642641
820.8927928932793,0.05871183094450614
821.8355856401529,0.0587965155561731
822.7547725291341,0.05887501377352758
823.7332568132359,0.05895404588939411
824.7781741066716,0.05903314554422479
825.8962287422992,0.05911155045181007
827.0927518049452,0.05918811261584933
828.3734672515197,0.0592613903422055
828.6925138742201,0.05927821779696715
828.9756405427402,0.05929266676582766
829.1054442995891,0.05929913808295682
829.2121867471026,0.05930438730150958
829.2616547983425,0.0593067977635891
829.2883521847589,0.05930809281368751
829.294504962361,0.05930839069373457
829.3002372964751,0.05930866802224725
830.5087331441249,0.05936286812032512
832.0165530981556,0.05941833302210589
833.5663939924842,0.05946081927967621
835.1871606261303,0.05948895836408471
836.8894881629776,0.05949995849894099
837.4300822038997,0.05949965904071894
838.1099429379911,0.05949773069901625
838.4110472189162,0.05949633362344486
838.5880334084861,0.05949535706291735
838.6868242965928,0.05949476196596729
838.7684177159009,0.05949424346380956
840.6831349187605,0.05947507957843948
842.5528682304472,0.05944346697177599
844.5569175912465,0.05939551807644039
846.6999320880938,0.05932824562505318
847.287124164427,0.05930694142341669
847.4681150372254,0.05930012656608213
847.6830843840856,0.05929188050019322
847.8720798861359,0.05928449468735773
847.923533226544,0.05928246188534271
847.9447703465562,0.05928162010656382
847.9623808174838,0.05928092085945336
849.5251986968735,0.05921447609400619
851.0991903755051,0.05913880875857744
852.797568046543,0.05904736684486173
854.6232574524092,0.05893779458080532
856.5923112060582,0.05880660180793612
856.9333158774787,0.05878251562456527
857.1353293507429,0.05876805712117994
857.2421188904513,0.05876035700119228
857.3078968464371,0.05875559443886198
857.3617187633854,0.05875168642171562
859.2043409493574,0.05861187250740165
861.0095388991934,0.05846359930592871
862.9741001920528,0.05828960913319757
865.0996770061138,0.05808663405692513
865.7891655226508,0.05801752410917967
866.2232028479322,0.0579732005851409
866.4820052105609,0.05794647146811313
866.557506449575,0.0579386314436519
866.6114290624827,0.05793302045897181
866.6552235639559,0.05792845620807957
868.4611620225933,0.05773466545940364
870.2300702103854,0.05753433641849202
872.1539302877923,0.057304724476304
874.2340405100549,0.05704279993204769
874.9490864606813,0.05694950148522474
875.2641544424293,0.05690786416942004
875.6246572067517,0.05685982725371264
875.8296292184307,0.05683232687503142
875.8613379004138,0.0568280604741007
875.9295275115719,0.05681887453521476
875.9854191773003,0.05681133404480255
877.8804061025714,0.05654970510910608
879.735724611229,0.05628236522577056
881.7594210374417,0.05597822861797572
883.9537985504154,0.05563376935885531
884.4298169270801,0.05555704369503389
884.5670386426139,0.05553479383822976
884.8674261814017,0.0554858811811741
885.1679566405601,0.0554366621850057
885.1894589687571,0.05543312982314562
885.1996149113371,0.05543146092071712
885.2054463342148,0.05543050251060447
885.2107337724631,0.05542963341380173
886.2803138821089,0.05525202905675906
887.2631806088565,0.05508567771313307
888.3261196423912,0.05490239602815032
889.4617791605629,0.05470271185395859
890.6771256649185,0.05448461399083634
891.9787007763969,0.05424601788165983
893.3744777105086,0.05398440759166036
893.687051846681,0.05392501002660356
894.0227998532922,0.05386087872046564
894.2435284448046,0.05381853124701438
894.3616992415592,0.05379579919926646
894.5023415511089,0.05376868934087078
894.5170906696711,0.05376584287256476
894.5241241722691,0.05376448522817422
894.5301737256727,0.05376331739129597
896.0351634628489,0.05346935556795472
897.569938301665,0.05316256486602658
899.1474347114913,0.05283989994745435
900.7740146580617,0.05249945718763577
902.4586366200657,0.05213863654545325
902.9728336142213,0.05202684355805334
903.4162661213441,0.05192981446541106
903.6817343619115,0.05187145152771146
903.7976809009045,0.05184589627255414
903.8198185680947,0.05184101255148604
903.8346752603228,0.05183773426211704
903.8755474494525,0.05182871205243899
903.9084178783946,0.05182145263445329
905.7826929538392,0.05140232329130916
907.6051850500868,0.05098502748084986
909.5146834833868,0.05053757795153581
911.5161539209575,0.05005742421560544
911.9150731117264,0.04996036696603388
912.3379434350853,0.04985699205175056
912.6020478021142,0.04979217345170416
912.7296908872945,0.04976077589482405
912.8790638763761,0.04972397504016818
913.0012495765419,0.04969382565059917
913.064850574342,0.04967811546845229
913.1146538683215,0.04966580554661327
913.1446535675877,0.04965838713419122
913.1537415860048,0.0496561393239664
913.1601658761695,0.04965455021444531
913.1653106259063,0.04965327752791038
915.7335296437972,0.04900871709375876
918.7146377941394,0.04823756653943007
922.1037684744451,0.04733127053345339
922.3642313943335,0.04726032841516088
922.4001490138282,0.0472505311735168
922.4454198015668,0.04723817770666258
922.4574245240566,0.04723490093640757
922.467942216193,0.04723202974133152
922.4722571895269,0.04723085172253834
922.4752107353412,0.04723004535427962
922.4800301391796,0.04722872952446217
923.9884916556317,0.04681380301061934
925.563954019733,0.0463739308033887
926.8499506177164,0.0460099738612267
928.2271665828376,0.04561534223832463
929.6955728906947,0.04518907928017879
931.2672193322347,0.04472659697960434
931.7903614266825,0.04457122803199171
