0,0.2518
0.01146365430086188,0.2517685440833786
0.05686005658809863,0.2516439846509247
0.1074021657777031,0.2515053193707504
0.1695218125766844,0.2513349093601372
0.2200727407536961,0.2511962508018147
0.2693639580012512,0.2510610610560683
0.3226416908947166,0.250914952670862
0.3832889165328356,0.2507486534379282
0.4564701093013958,0.2505480125262483
0.5565414385638708,0.2502736958671331
0.6761427270694401,0.2499459185023014
0.7882359613129641,0.2496387927273764
0.9127406817426691,0.2492977469447826
1.053491614862649,0.2489123102801453
1.216311018647883,0.2484665900320269
1.40958954451635,0.2479376993728648
1.649522022255407,0.2472814708565716
1.994218251110738,0.2463393588027709
2.356459822945668,0.2453501467877192
2.703575962369797,0.2444030898312487
3.075732448335599,0.2433886706076973
3.478257232790741,0.2422926273847255
3.916261473867559,0.241101388001389
4.394021531239535,0.239803766584447
4.915688908390977,0.2383890496783708
5.485470544645874,0.2368465351246904
6.107771219864983,0.2351651842418544
6.787322771458731,0.2333333227847354
6.982632223999076,0.2328076629268284
7.254096511560962,0.232077673196185
7.41014290738058,0.2316583904833984
7.455381587532357,0.231536884925015
7.500588752815569,0.2314154851071917
7.511636545994401,0.2313858204556501
7.541219965443787,0.2313063916480682
7.565457875056845,0.2312413218183713
7.93184899923456,0.2302584461964065
8.291484251324478,0.229295082284541
8.695361051622006,0.2282148860695465
9.146828993901245,0.2270095584709609
9.657911566696479,0.2256478913579577
10.24270405913599,0.2240936237315553
10.91938052474725,0.2223003537780152
11.71084714283861,0.2202102318134857
12.6447884914237,0.217754490549241
13.75185172827972,0.2148591554780653
14.1333989959947,0.2138653632237974
14.74112195992197,0.2122869238993091
14.92108459042196,0.2118205765469278
15.01535254001597,0.2115764922943507
15.40471516407567,0.2105697845949339
15.86657868194087,0.2093786997998242
16.51171636336476,0.2077206818048895
17.22288761082718,0.2059008588471845
18.03955911519006,0.2038215951194886
18.98359533503357,0.2014325362525315
20.08851714787205,0.1986567690833147
21.39165191827654,0.1954125613645899
21.77157414678992,0.1944729404827067
22.04716336579332,0.1937931494289512
22.32943434315418,0.1930984569804193
22.52457058498391,0.1926191531752188
22.53570350682586,0.192591831277014
22.53878417675781,0.1925842712869033
22.54129571203522,0.1925781081013111
22.5437948859174,0.1925719753777207
22.8906951615796,0.1917219578125204
23.2298829770134,0.1908932390424636
23.60960805781828,0.1899683265233756
24.02783022277153,0.1889531697235763
24.48855889276988,0.1878391701542843
24.99609008264977,0.1866173415316612
25.55602863148735,0.1852759385188101
26.17559651227845,0.183799881469996
26.8640920300815,0.1821698986621811
27.63341556270769,0.1803616296206718
28.49861039681867,0.1783448652768169
29.47813617442919,0.1760836483343942
29.79413203488593,0.175359272432701
30.0289939947415,0.1748225166482454
30.04805455943962,0.174779016813995
30.06559322841883,0.1747389983931688
30.07996654277674,0.1747062082733224
30.59661315099551,0.1735310774010235
31.10515989886862,0.1723810910632465
31.6701254469174,0.1711114499443802
32.29108943820783,0.1697257271347788
32.97671704587787,0.1682077663449408
33.73697343625128,0.1665396348218356
34.58455053588833,0.1646989195458595
35.53512092746731,0.1626588639108233
36.60721465457399,0.1603895674607907
36.84607039618643,0.1598886193364495
37.11429191549789,0.1593281208334113
37.25389203712631,0.1590372577189416
37.33053720671351,0.1588778145076383
37.42023538281576,0.1586914433839338
37.49480677957259,0.1585366878925123
37.53440844845628,0.1584545725892737
37.55441510528182,0.1584131062957768
37.5641428919214,0.1583929486450912
37.56950808721492,0.1583818322681407
37.57382373224328,0.1583728911351274
38.45668023665203,0.1565557939890273
39.26903446225789,0.1549051654218006
40.06785217658403,0.1533023627492847
40.85898521827126,0.1517351761165914
41.65237892911429,0.150184030586314
42.45775590725206,0.1486308161410809
43.28457123653001,0.1470590075085758
44.14211346763294,0.1454535369046838
45.03979119804262,0.1438003782656724
45.06120255687463,0.1437612939874949
45.07228365707104,0.1437410729374964
45.07599061456938,0.1437343093669026
45.0816374874536,0.1437240072386456
45.08658449095625,0.1437149828781284
45.61282289713167,0.1427599884457839
46.11185228011774,0.1418635338675264
46.66264696675371,0.1408845445179048
47.26126998398708,0.1398331131286416
47.91190635118814,0.1387053349115517
48.61832670582348,0.1374987760543337
49.38526982512538,0.1362102259555501
50.2187121417344,0.134835530558811
51.12623510587213,0.1333693878338224
52.11741485040195,0.1318052854336633
52.34646783213785,0.1314494247535731
52.46549708687264,0.1312653336268878
52.50921436253483,0.1311978639741767
52.56932178086014,0.1311052252870986
52.58726110867341,0.1310776051813004
52.59842882001183,0.1310604175060543
52.60766621262694,0.1310462045053133
53.45193722753761,0.1297618347657267
54.2693797539218,0.1285461615639266
55.12733656163469,0.1273001462660375
56.03011011545123,0.1260225745200914
56.98757069344097,0.124705723088383
58.0104849586947,0.1233428463214712
59.11149024433254,0.1219275161123569
59.37350469049025,0.1215986733664202
59.66336764538519,0.1212384803937633
59.73979357933021,0.1211441432426795
59.79425157453603,0.1210770837371723
59.95731835090667,0.1208770873458406
60.00847046004238,0.1208145995026627
60.05943742911269,0.120752456084038
60.08556841067891,0.1207206406928053
60.09984609815523,0.1207032702277948
60.10358389141573,0.1206987243001574
60.10726835066495,0.1206942438598995
60.11147300290295,0.1206891316002852
60.6739613562756,0.1200124989971338
61.21378042246729,0.1193767867827102
61.80620819888815,0.118694635251676
62.44788900507154,0.1179742442031991
63.14339036922887,0.117215325337767
63.89726329956333,0.1164186901703363
64.71528795213146,0.1155851603783369
65.60475306881416,0.1147157444961714
66.57485138574242,0.113811890523573
67.0729251711879,0.1133660093722881
67.61188844412003,0.1128975448516124
68.45921337212789,0.1121907675554624
69.727738497487,0.1112013443659627
71.28753170115549,0.11009944542502
73.00975986786788,0.1090326308779331
74.93254107042496,0.1080314337009889
75.0469561680184,0.1079782117508612
75.10333898472744,0.1079520600094599
75.12465734876953,0.1079421750394872
75.12867149054529,0.1079403139339441
75.1324781247457,0.1079385490908294
75.13635472449361,0.1079367518643007
76.02779875838094,0.1075249314987368
76.8951672397523,0.1071270566239151
77.79610171656937,0.1067167810541261
78.73441690305364,0.1062927818593661
79.71843130987817,0.1058518091927233
80.75709042944884,0.1053905024393328
81.86048081220638,0.1049052036366401
82.1112814232722,0.1047955881013782
82.31846550486722,0.1047052309737256
82.47093520538675,0.1046388491063299
82.62270662822377,0.104572866861227
82.63507468937327,0.1045674940883906
82.64102149764682,0.1045649109791265
82.64445123299929,0.1045634212751256
82.64743858096661,0.1045621237616916
83.20283356619801,0.1043215415406743
83.75560173203732,0.1040833807851311
84.35656365210728,0.1038259220534566
85.00615573904139,0.1035493642936014
85.70887209706419,0.1032522396839899
86.46915429209419,0.102933201454967
87.29243419024714,0.1025906054176278
88.18548858256125,0.1022224005294269
89.15684087300687,0.1018260176363568
89.46693814384579,0.1017003855814676
89.87301658243526,0.1015365397756189
89.98816938815207,0.1014902167801555
90.13055099071434,0.1014330256731561
90.15181715191414,0.1014244917009035
90.20777275278689,0.1014020471616934
90.2536238790331,0.1013836665578632
91.40357082952069,0.1009259099518614
92.52390439154566,0.1004859813503443
93.7635069143892,0.1000062820658786
95.12792169468733,0.09948701220453764
96.6471886522167,0.09891977744575069
97.08142652336822,0.09875980585120187
97.36314992992469,0.09865653773565557
97.53823104845088,0.09859256635389423
97.62544218011899,0.0985607601170007
97.6623979032495,0.09854729409037927
97.68124850809207,0.09854042797849615
97.69671921775804,0.09853479432846328
98.67864226961544,0.0981797744018202
99.63481957446372,0.09783892319830191
100.6520351141605,0.0974816455261029
101.7336219567666,0.09710786715152384
102.8915057179666,0.09671479546148599
104.1390053379662,0.09629960607972518
104.59228209075,0.09615090635193475
104.996096941437,0.09601941022715639
105.1321033302981,0.0959753299865445
105.1665334585925,0.09596418771334361
105.217196495267,0.09594780441037762
105.2592546061895,0.09593421484688153
106.5189113921008,0.09553189342774485
107.7493061906328,0.09514777163285291
109.1088899223352,0.09473364770254367
110.5996659551845,0.0942922254519685
112.2468233731542,0.09382016453012754
112.5415799172285,0.09373744711935972
112.6377395511133,0.0937105781523338
112.6776739298007,0.09369943650807161
112.6920326818403,0.09369543284980081
112.7012546391061,0.09369286216090772
112.708886250808,0.09369073519144791
113.4859644294707,0.09347605582790529
114.2446573721577,0.0932700996140521
115.0710103420201,0.0930499076946639
115.962891382666,0.09281713184376275
116.9277291541262,0.09257107027760948
117.9737803852302,0.09231112446658253
119.1114256755813,0.09203656968406763
119.5287215617355,0.0919380096500535
119.9022874704137,0.09185076279482945
120.1144414926367,0.09180162950622642
120.2020696369736,0.0917814235387908
120.249842787477,0.09177042934914731
120.2895248644066,0.09176130883811495
121.3580898631331,0.09151970256139236
122.4057088956642,0.09129036022396683
123.5575891333588,0.09104689038718171
124.8147517204914,0.09079168256972134
126.1949371487946,0.09052429575159279
127.7179966845611,0.09024498161423167
127.7269482878975,0.09024338928582343
127.734231517343,0.09024209415816861
128.8165848990303,0.09005390223735732
129.8530938589376,0.08988169663939634
130.9282675128938,0.08971143571068148
132.0438561146157,0.08954387255915015
133.2081443959582,0.08937897694671096
134.4300332480708,0.08921700409438529
134.7884916627801,0.08917165760799149
135.1214018996379,0.08913042996557984
135.1963643297083,0.08912126469124493
135.2198768509745,0.0891183988885275
135.2315517604792,0.08911697749166221
135.2419314722559,0.08911571466815056
135.2521107627197,0.0891144770381327
136.5285685168685,0.08896565980054119
137.7678075686824,0.08883337911091554
139.0697780288099,0.08870749051245541
140.4380613347497,0.08858980570357085
141.8844370153367,0.08848187993707363
142.2539969951181,0.08845704431291886
142.5592908866537,0.08843737380070399
142.7423889797635,0.08842594469647849
142.7550074889323,0.08842516722252346
142.7653477367282,0.08842453110013886
144.1553252176939,0.08834708133517086
145.5062458847687,0.08828725708889677
146.9100839127194,0.08824140716065915
148.3740347493034,0.08821150977485213
149.9136118805102,0.08820003262072507
150.0414273162544,0.08820002433851121
150.1522919437713,0.08820032858362671
150.2121528053945,0.08820063732089255
150.2432544079733,0.08820083764833049
150.2555031679616,0.08820092402873758
150.2640195652116,0.08820098657968804
150.2708960404781,0.08820103857688412
151.9170530947715,0.08825124886880992
153.5881466849065,0.08837682487844466
155.3056877451942,0.08858052479286851
157.0732565040302,0.08886514671293042
157.2863362758447,0.08890439847548047
157.4408549912738,0.088933512275486
157.6021319365619,0.08896447855827765
157.7693482487751,0.08899720648930977
157.7709331077237,0.08899751969583201
157.772402007985,0.08899781003655811
158.2434174221783,0.08909339992317539
158.7519449129373,0.08920211360190748
159.5815109589951,0.08939148682680603
160.3422865112304,0.08957794580081091
161.1202471648977,0.08978091292695281
161.9469526624635,0.09000982825720091
162.8344473214018,0.09027027131659653
163.7877127764381,0.09056637469412006
164.8119721089139,0.09090268203933412
165.0105024639817,0.09096997681767889
165.2448013558274,0.09105025822025735
165.272548133435,0.09105982692794543
165.2817580049952,0.09106300589186708
165.2872830771342,0.0910649136608869
165.2917902353455,0.09106647033127756
166.0177937544624,0.09132162307767601
166.732625707938,0.09158122144885752
167.5074832892324,0.09187167875856828
168.3417113746831,0.09219453387715265
169.2410479180292,0.09255387358962029
170.2112926722087,0.09295405921669335
171.2594580348008,0.09340020035063759
172.3940834984817,0.0938983318437815
172.7109939622036,0.09404014042469784
172.7741670044215,0.0940685437029021
172.7907607856576,0.09407601182681279
172.8213833971615,0.09408980174746398
172.8460208904579,0.09410090402157856
174.1138495178874,0.09468104675000631
175.3515685520306,0.09526312817129962
176.6939292706685,0.09591029274966464
178.1455814597254,0.09662667275429418
179.7283440904296,0.09742467180841069
180.1038005462216,0.09761624344493086
180.2426210951251,0.09768727666431787
180.2929817488298,0.09771307201925765
180.3031133956378,0.09771826324925896
180.3315305994985,0.09773282657114535
180.3546162426458,0.09774466078625219
181.6450253454678,0.09841046411059143
182.9051077327352,0.0990677509015799
184.2533402373845,0.09977709257641375
185.693683503668,0.1005397828302586
187.2425534430011,0.1013630405834132
187.6573150587957,0.1015836911203276
187.7953095992549,0.1016571014592186
188.1351508581402,0.1018378679449271
188.4088525762359,0.1019834149014746
190.7668651907122,0.1032335756356317
193.0889808179738,0.104451322439836
193.6878765738707,0.1047620722515343
194.3809983895407,0.1051196062454605
194.7326348046918,0.1053000508332382
194.987494176782,0.1054304125824663
195.2000287752225,0.1055388441608229
195.2965406937761,0.105587996469924
195.3266413673928,0.1056033151562353
195.333534883536,0.1056068226161168
195.3484497290703,0.1056144104093535
195.3607922956013,0.1056206885800381
196.7512723280383,0.1063218305181836
198.1091632321088,0.1069934934720662
199.5389165990675,0.1076846694960536
201.0451770253433,0.1083926465128442
202.6470953842824,0.1091200108009183
202.7402609221865,0.1091614384800606
202.7908188672719,0.1091838780953215
202.8158793005233,0.1091949899505149
202.8361103449265,0.1092039551347038
202.8452079582439,0.1092079851030251
202.84762314963,0.1092090547985729
202.8505799892029,0.1092103642995083
202.8536900982342,0.1092117415695908
204.3707387090185,0.1098697106961605
207.4760257178035,0.111122039600105
210.9611807031112,0.112352886857804
214.2572997480794,0.1133191184169632
217.4086801769112,0.1140376158779056
220.549184132511,0.1145300840248069
223.9998995422831,0.1147859366245817
225.0642315929049,0.1147999590964476
228.3391337795414,0.1146926767634965
231.9038477654855,0.1143561975904771
232.6549299836196,0.1142582616143245
236.0297454597283,0.1137114988814385
238.9350311602971,0.1131122907642289
242.3864775216661,0.1122647276361834
245.9492695078964,0.1112571013289189
246.517428620349,0.1110855193657237
246.5587697488855,0.1110729267935973
246.6302396149815,0.1110511229826938
246.7036041623085,0.1110286965423456
246.7781170448261,0.1110058730304365
246.8539710564799,0.1109825912912946
246.9323344641076,0.1109584893317384
247.0974210873123,0.1109075490125095
247.2617369066629,0.1108566259981218
247.4240433673949,0.1108061119968957
247.5842957415601,0.1107560311237911
247.7424243392241,0.1107064153011481
247.8983961793113,0.1106572849386179
247.9135683057239,0.1106524957314544
247.9212440762755,0.110650072134189
247.9232592594752,0.1106494357719326
247.9251999908804,0.1106488228907443
247.9285936341993,0.1106477511115193
248.4613646672947,0.1104784038029996
249.0557907695994,0.1102869740732201
249.8182327366771,0.1100377723732232
250.843404216968,0.1096965928845877
252.179109470249,0.1092424295696332
253.5409924759968,0.1087693435583288
254.9524475706995,0.1082697774277829
255.2311983227883,0.1081701294945952
255.3263852776754,0.1081360330052247
255.3830691778765,0.1081157121557574
255.4184492815471,0.1081030224553881
255.4322002095067,0.1080980891748104
255.4360108559199,0.1080967219427722
255.4423612944797,0.1080944433313384
255.4474749499594,0.1080926083826458
256.7072792587338,0.107637752269314
257.8678316214592,0.1072144024391849
259.0878975159978,0.1067657992433169
260.3839016675174,0.1062863530407633
261.7661722225535,0.1057729490881201
262.2002732727638,0.105611495968232
262.5807997549069,0.1054699425376892
262.804619091356,0.1053866841904888
262.9026996740078,0.1053502014796844
262.9271160172414,0.1053411197122188
262.9521810222392,0.1053317968123272
262.9811931516443,0.1053210059722468
265.3578916749133,0.1044389225389495
267.6811563477941,0.1035848740391589
270.2280086086216,0.1026658777549659
270.4149125475103,0.1025993742798185
270.7746995144798,0.1024717710231686
271.0724874534794,0.1023665841123026
276.6907518712644,0.1004730256982492
277.6220949319664,0.1001795070878108
277.8789504372249,0.1000997601843114
277.9595917431162,0.1000748334712463
277.9742618437397,0.1000703045648655
278.0085660918932,0.1000597211475088
278.0371981979242,0.100050895069927
279.9684549665859,0.09947176156573222
281.8565290240683,0.09893887274943436
283.9011932544489,0.09840307323041139
284.4435723375603,0.09826870191600878
284.9180073358334,0.09815396077896704
285.082366316918,0.09811483065615996
285.2765979473011,0.0980690047929207
285.3835581987039,0.09804396307947846
285.4626303586944,0.09802553958295671
285.487300399483,0.09801980709631314
285.5048012129969,0.09801574498403402
285.5192225987188,0.0980124004388947
287.0403847087729,0.09767415341825006
288.5333597643704,0.09737137599164385
290.1410341468667,0.09707971681585102
291.862085646137,0.09680943603420467
292.608263687912,0.09670639445687232
294.621015320933,0.09647329673583584
296.6782874678235,0.09630622323351892
298.7507300089034,0.09621530998040431
299.3724756569821,0.09620388457538519
299.9293898355494,0.09620004942804682
300.2669432521365,0.09620028057022498
300.4373240865012,0.09620075232555077
300.501737703663,0.09620098991842052
300.535705214348,0.09620112828009897
300.5639832669389,0.09620125034650036
302.604669868191,0.09622637081612079
304.5982523769229,0.09628127989961831
306.7440246492022,0.0963727375256736
307.3297456203658,0.09640336783913742
307.835644740711,0.0964317410220861
307.9704341782294,0.09643959815874835
308.017901238615,0.09644239478183377
308.0260014299029,0.09644287356404542
308.0488555779608,0.09644422683868668
308.0679016965564,0.09644535735854551
310.0448101345943,0.09657603761607254
311.9768772484226,0.09672864252620618
314.0224685359744,0.09691598562948904
314.6090539324184,0.09697444603503647
315.1235535966495,0.0970274225127682
315.357096170928,0.0970519890061138
315.4767358077827,0.09706469879490738
315.5313642917736,0.09707053023164043
315.5605803344124,0.09707365616568546
315.5848929122636,0.09707626128382414
317.7204062525037,0.09731841972593222
319.8147407724043,0.09758071133711342
322.0252254667985,0.09788287263724736
322.4380339077214,0.09794207321379771
322.6265236581082,0.09796938764884679
322.8163077944528,0.0979970678477801
323.047719951701,0.09803106018592724
323.0520537508092,0.09803169929469271
323.0624247469547,0.09803322908798172
323.0709828253752,0.09803449186097736
325.5920591826868,0.09842178679917175
328.1977700583177,0.09885265996471712
328.8595703276913,0.09896677349931532
329.5460380875999,0.0990870647680139
330.2619346887769,0.09921455567701225
330.3960536296445,0.09923866853056762
330.5072529894522,0.09925871477875824
330.5549242805458,0.09926732358323728
330.5642252345681,0.09926900425693042
330.5902122725889,0.09927370189626601
330.6113079758054,0.09927751729082007
334.3751062032429,0.0999851099196138
337.8970266952063,0.1006915891691618
338.005228318607,0.1007139103868648
338.0622735458498,0.1007256924555566
338.0716938310031,0.1007276390433134
338.0776274550958,0.1007288652901042
338.0934764821822,0.1007321411732446
338.1063153156827,0.1007347954168197
340.7996686166361,0.1013019934026214
345.50201326985,0.1023362786586502
345.5517131792809,0.1023474712354557
345.5756120670233,0.1023528551038214
345.5879002549862,0.1023556237941824
345.5974216554419,0.1023577692985097
345.605426741217,0.1023595732642977
347.183609242298,0.1027176353544789
348.8890167450495,0.1031095677126588
350.6819817851292,0.1035265432833777
352.5926101746029,0.1039756106159909
353.0680173601954,0.1040880044843513
353.1005368269676,0.104095701297038
353.1215324467418,0.1041006711866555
353.1389083908481,0.1041047846021879
357.6060101690279,0.105170622149903
358.7209851812781,0.105438492523612
359.9422359114128,0.1057323213838598
360.3079605907176,0.1058203664256441
360.5091127831524,0.1058687980747626
360.5967507011806,0.1058898997352838
360.6129787939101,0.1058938072269248
360.6485393451183,0.1059023697503145
360.678045277221,0.1059094744516256
363.3049693574114,0.1065417945559767
365.8714827745371,0.1071576660967127
366.7271169018094,0.1073621875187715
367.4799511099795,0.107541697041925
367.8826619129547,0.1076375322726092
368.0469044775147,0.1076765774581979
368.1037287064925,0.1076900805822157
368.1842446950225,0.1077092085431073
368.2494145567675,0.107724686408155
372.3535431793063,0.1086899973302032
373.225844176463,0.1088923057032656
374.1867217709344,0.1091137711591077
374.7882877610512,0.1092516327401901
375.1359968977153,0.1093311746180344
375.4022322256505,0.1093929582766922
375.5603914134512,0.1094301313401839
375.6276256261125,0.10944603932501
375.6366014211111,0.1094481677992881
375.6600023387487,0.1094537222308874
375.6788249089558,0.1094581954595884
378.5310933047929,0.110191022017843
381.345418539447,0.1110142278058968
382.4708459297347,0.1113689557587033
382.9630343419538,0.1115284056294327
383.1028073463611,0.111574153491299
383.3662565970697,0.1116609348965638
383.5771780955771,0.1117309306772463
386.8923652091887,0.112888142304635
390.1354125587122,0.1141129435061922
390.4336922981127,0.1142296480621595
390.5843639457025,0.1142888401191949
390.6515122878565,0.1143152710724021
390.665481149043,0.1143207734633631
390.700157371411,0.1143344384524641
390.7288364248556,0.1143457464427233
393.8099298010089,0.1155916688595866
396.8211224208055,0.1168602103551015
397.3653187313,0.1170938512152083
397.9542960959659,0.117348018728571
398.0928344858995,0.1174079902566068
398.157189149377,0.1174358719669282
398.1775284290173,0.1174446870321532
398.1892487966807,0.1174497673156245
398.1987322018897,0.117453878325105
400.1678153420752,0.1183137428460755
401.995278178438,0.1191209214235006
403.9699580407422,0.1199997188363413
404.5263660615784,0.1202481058924779
405.1215729728948,0.1205140226729648
405.3923049178455,0.1206350219707939
405.5443841686617,0.12070299899235
405.6536858685699,0.1207518573565501
405.6919035132663,0.1207689411312558
405.7158742187981,0.1207796564051319
405.7356106888554,0.1207884789415442
407.662924625599,0.1216495893392436
409.5382142276108,0.1224845499259689
411.5585615074446,0.1233773827757348
412.1611325234758,0.1236417790797749
412.6908295321905,0.1238733369948115
412.9870820448016,0.1240024655526968
413.1423483395938,0.1240700282157561
413.2013454847079,0.1240956792591664
413.2336406360149,0.124109715734617
413.2606435148701,0.1241214493184311
416.6804969454904,0.1255844243608459
420.0747876889578,0.1269791163740228
420.4152619043955,0.1271151660567289
420.6038256268167,0.127190182107333
420.6918967030892,0.1272251370946727
420.7083922699289,0.1272316782469884
420.7439915731337,0.1272457884759425
420.7735371290984,0.1272574926559967
423.241214671679,0.1282128080956376
425.6674821305434,0.1291047836786243
426.2731798478134,0.1293193684152352
427.0548673221047,0.1295912085451926
427.7003895461498,0.1298112252865712
428.0421566615935,0.1299260285977245
428.1884314898192,0.129974801654609
428.2186916299062,0.1299848641061839
428.2551843527283,0.1299969865905313
428.2855994284878,0.1300070796912626
430.5250766399826,0.130723224999206
432.7212522318011,0.131370424893223
435.0949367066112,0.1320029303585586
435.5449360632286,0.1321145027554785
435.6429758510188,0.1321384461028343
435.699457701063,0.1321521805222489
435.7340355474605,0.1321605670966837
435.7635326364542,0.1321677084193737
435.7987600156654,0.1321762214138808
438.3627292557027,0.1327487538928386
440.8519965191638,0.1332108583388059
441.3530518840188,0.133292070268394
441.9683977348274,0.1333862052756874
442.4826196068616,0.1334600619398629
442.998139292568,0.1335296435802341
443.1009425203235,0.1335429795893559
443.2088372919692,0.1335567818027373
443.243365795058,0.1335611566683344
443.2567609202878,0.1335628483650831
443.2727223143262,0.1335648601396642
443.2857406121942,0.1335664977273665
446.2190981364903,0.1338593284400872
449.2797252487397,0.1339947733163229
449.8383742044559,0.1339997357043999
450.5357041056464,0.1339987661546539
450.654225887781,0.1339981617428896
450.7414207462105,0.1339976409259965
450.7695514332654,0.1339974591556025
450.7860939022197,0.133997349136798
450.7995384585697,0.1339972580160452
454.270847430676,0.1339241939972766
457.7840193387905,0.133756358086844
458.0966287308762,0.1337371825498344
458.2491021171169,0.1337275891582552
458.2820975601264,0.1337254924861917
458.3707262438656,0.1337198243799039
458.442422799919,0.133715200560493
461.5895059304296,0.1334795279635584
464.6761437963909,0.1331909042505361
465.2570745129946,0.1331307758685891
465.7684267283034,0.1330764164172199
465.9932638651172,0.1330520988341873
466.1788349019183,0.1330318393258217
470.9920937987777,0.1324515351219936
472.0442898948302,0.1323120505403113
472.5548361896844,0.1322429327015303
473.067379491016,0.1321726417357691
473.2366559348693,0.1321492334911032
473.2863038471062,0.1321423500636623
473.3630363908796,0.1321316956227292
473.4246780280883,0.1321231226831134
476.5809730739902,0.131668892373701
479.6781838780617,0.1311987580827545
480.3563948649917,0.1310932654659527
480.5823411737217,0.1310579488833049
480.7072699066846,0.1310383867706179
480.7948713718156,0.1310246549964406
480.8190143938942,0.1310208684198641
480.8362815943926,0.1310181596923526
480.8503611063255,0.131015950682707
482.9105692187786,0.1306897757888726
484.9833355630116,0.1303570875602412
487.2158029309433,0.1299960390437528
487.6705762637236,0.129922366835861
488.1298429267502,0.1298479750404912
488.2249100132723,0.1298325792058017
488.3075489313748,0.1298191972957533
488.3222905671003,0.1298168102785855
488.3304819155629,0.1298154839245673
488.3456696929546,0.1298130247335543
488.3581572999589,0.1298110027852916
491.7939128505051,0.1292574262394437
494.6574522632373,0.1288045728614189
495.2114291260318,0.1287183575280178
495.4705361042027,0.1286782175187865
495.6825313174448,0.1286454674325772
495.7777878241084,0.1286307791859535
495.8279765444273,0.1286230471952552
495.8385287580811,0.1286214221527292
495.8462107260901,0.1286202392630139
495.8627977730096,0.1286176855329214
495.876351470519,0.1286155992086903
499.5969641349807,0.1280582685611682
503.1718542057658,0.1275589657237228
503.2611100112728,0.1275470460907523
503.3247917549699,0.1275385594101865
503.3490964560024,0.1275353242887032
503.3554905595988,0.1275344735481589
503.3596945257109,0.1275339142885167
503.3632763609115,0.1275334378427928
503.3671235671977,0.1275329261503783
504.5836367665101,0.1273739082676522
507.1778154666639,0.1270547855086876
509.8446478679043,0.1267585693211487
510.4944197493397,0.1266917768181673
510.6210174833654,0.1266790217420073
510.7814782075743,0.1266629776216618
510.8545501854044,0.1266557170235315
510.8659512700992,0.126654586774636
510.8941313062337,0.1266517961440082
510.9176365592455,0.126649471724668
514.5050884380812,0.1263314302846718
518.2231684370216,0.1260864467327932
518.3633616854821,0.1260790495381865
518.4446190058053,0.1260748259928016
518.5096801805907,0.1260714782111103
522.2247212449237,0.1259324525578556
525.843043951435,0.1259063425616246
525.8830552427094,0.1259069578361001
525.9407740900958,0.1259078954008625
525.9889099420868,0.1259087224354921
530.5589291030095,0.1261708444224181
531.4173444659425,0.1262597562737324
532.2000706271267,0.1263514961211498
533.3616652734188,0.1265061832842716
533.3979729902741,0.1265113724641447
533.4063861458752,0.1265125779394494
533.4108949337831,0.1265132244510908
533.4149331775217,0.1265138037713292
533.4193975961814,0.126514444537414
534.8241217974794,0.1267319991651154
539.3636721143789,0.1276468972595934
540.7104582324928,0.1279786104461453
540.9112877602561,0.128030374197102
541.0075264320857,0.1280553896138362
541.0856994139351,0.1280758091386451
546.1314798445981,0.1295787698213204
548.3423000932855,0.1303480860082264
553.1243282577499,0.1322294503258841
556.3179068890857,0.1336426447621974
558.9690428342866,0.1349056046101138
561.628165057602,0.1362501470188321
562.913903362602,0.1369270666989623
567.877534876936,0.1396949402336105
570.5463955251329,0.1412785656082615
575.6580896777269,0.1444808067632941
578.4383224819092,0.1463079572466538
583.8846140037944,0.150041539670192
587.5294690291037,0.1526410210500944
591.1421456762739,0.1552860809220798
593.0198695921376,0.1566846389665471
598.8892605941789,0.1611436014211556
601.3613203239883,0.163157103170822
603.4294995087005,0.1653048807471136
607.3464829172743,0.1705650717300037
613.2158739193156,0.1809888008918908
615.7690324677601,0.1863264932224464
621.386577147013,0.1994258389985418
623.0119923160341,0.2034993101360088
628.4131220812186,0.217680336490406
630.0073848195497,0.2220021187854792
634.4425200434997,0.2341803884831444
637.7189319956726,0.2431925200719277
641.8838987000071,0.2544623618789026
645.5427063715042,0.2640131387223461
651.4120973735455,0.2782241763874103
652.6799226479163,0.2810597031917633
657.5093400372796,0.2909022122286967
660.2331930484444,0.2956824354083203
664.4960288339405,0.3018508611617063
667.4326779491827,0.3050513577951978
668.5656222663724,0.3060359112231154
672.5472888750464,0.3082995266872662
675.1975937065365,0.3086983836136694
679.1927055485991,0.3079770268307876
682.1544179477703,0.3066051858176885
683.204050835867,0.3059502459676735
687.1541219830392,0.3027046672395881
689.8787124633722,0.2997565441822039
691.0501407686202,0.2983134019695809
695.1544002065153,0.2924358197264552
698.0182962165551,0.2875886171161642
702.1372655882316,0.2795638521627447
703.0186658934499,0.2776876252884801
704.0992133968531,0.2753118532318695
704.5830382264674,0.2742212070291495
705.0709001430519,0.273104695628582
705.3505263602657,0.2724571770765872
705.7239022745409,0.2715839835614515
706.1000230628783,0.270694467057753
706.2030188455454,0.270449153757943
706.2052398675169,0.2704438555834623
706.2070579900294,0.2704395182550449
706.2089265981843,0.270435060246307
706.6348857427699,0.2694124544801581
707.5215993846477,0.2672430701982172
708.694100066003,0.2642906058691072
710.3017299375277,0.2600882731427338
711.909305332572,0.2557093339811021
713.6393156581071,0.2508013850714907
713.7163629973171,0.2505781240278437
713.7743974441617,0.250409694267303
713.8213381345367,0.2502732962150886
715.8293305746754,0.2443009837270858
717.7977330283036,0.2381875890272086
719.9896830441854,0.2310821787091565
720.6104849806093,0.2290133510187264
720.8762975775317,0.2281199601871237
721.1188118088688,0.2273009254402281
721.1637311847065,0.2271488076811186
721.2254318379362,0.2269396504203381
721.2298837626698,0.2269245495549816
721.2316645958164,0.2269185086395225
721.2333641079563,0.2269127433909121
721.6649297916383,0.2254427740528043
722.1578273557304,0.2237493787796014
722.776968289293,0.2216003932152065
723.5634207155125,0.2188357142164246
724.61459114657,0.2150796679410056
726.1425665122222,0.2094967977972235
727.6818061115838,0.2037266183775699
728.1254246376353,0.202036596295295
728.6403206350498,0.2000599573183916
728.7229836216559,0.1997411162105534
728.7644654376719,0.199580959122567
728.801453030085,0.1994380654804339
730.5048918061869,0.1927673628005229
732.1192283394182,0.1862845219996716
733.8837824421772,0.1790212088307495
735.7942459930803,0.1709511278125921
735.9623558966258,0.1702308372446281
736.1067354778385,0.1696109163768853
736.1874409396129,0.1692638668733173
736.2299254087044,0.1690810239373723
736.2518901274275,0.1689864521649981
736.2564382594301,0.1689668661446717
736.2618224897609,0.1689436780157069
736.2670110381065,0.1689213310406538
737.4264143037143,0.1638889053300547
740.1405869781599,0.1518078492770765
742.854343478847,0.1393147933501642
743.5210856936296,0.1361829878752353
743.6545578258249,0.1355531149266508
743.7208732743255,0.1352398006209489
743.7611267217578,0.1350495015866031
743.7685592977475,0.1350143542281166
743.7881496919638,0.1349217001823583
743.8041582169093,0.1348459712341607
746.8484754524465,0.1201918547856441
749.543229225269,0.1068067258479197
751.2820482612844,0.09796754897242049
